FAIL n=36 alpha=19 par=0,1,2,3,4,5,6,5,8,3,10,11,12,2,14,15,16,17,16,19,14,21,22,23,1,25,26,27,28,29,28,31,1,33,34,35 poly=1,36,595,5991,41120,203957,756180,2137963,4660707,7867750,10269778,10291393,7810534,4391854,1767879,481693,80209,6446,80,1 breaks=18(dist5)
FAIL n=36 alpha=19 par=0,1,2,3,4,5,6,5,8,3,10,11,12,2,14,15,16,17,16,19,14,21,22,23,1,25,26,27,28,29,26,31,32,33,1,35 poly=1,36,595,5991,41120,203959,756229,2138495,4664085,7881690,10309063,10368677,7917071,4493542,1833117,508309,86426,7090,84,1 breaks=18(dist5)
FAIL n=36 alpha=19 par=0,1,2,3,4,5,6,5,8,3,10,11,12,2,14,15,16,17,16,19,14,21,22,23,1,25,26,27,28,29,26,31,1,33,34,35 poly=1,36,595,5991,41120,203959,756228,2138475,4663911,7880828,10306396,10363384,7910488,4488961,1832183,509256,87105,7218,82,1 breaks=18(dist5)
FAIL n=36 alpha=19 par=0,1,2,3,4,5,6,5,8,3,10,11,12,2,14,15,16,17,16,19,14,21,22,23,1,25,26,27,28,29,1,31,32,33,34,35 poly=1,36,595,5990,41091,203579,753249,2122884,4606362,7726562,10001830,9919164,7435049,4122032,1634408,438871,72252,5794,76,1 breaks=18(dist5)
FAIL n=36 alpha=19 par=0,1,2,3,4,5,6,5,8,3,10,11,12,2,14,15,16,17,16,19,14,21,22,23,1,25,26,27,28,29,1,31,32,33,32,35 poly=1,36,595,5991,41120,203958,756203,2138199,4662135,7873425,10285389,10321896,7853235,4434412,1797369,495198,83884,6896,80,1 breaks=18(dist5)
STATS n=36 alpha_max=36 trees=818262884 passed=818262884 failures=5 alarms=0
PASS_ALPHA n=36 alpha=18 count=8567532
PASS_ALPHA n=36 alpha=19 count=183701780
PASS_ALPHA n=36 alpha=20 count=402780957
PASS_ALPHA n=36 alpha=21 count=197687390
PASS_ALPHA n=36 alpha=22 count=24837596
PASS_ALPHA n=36 alpha=23 count=685937
PASS_ALPHA n=36 alpha=24 count=1692
