FAIL n=36 alpha=19 par=0,1,2,3,4,5,4,7,2,9,10,11,10,13,1,15,16,17,18,17,20,15,22,23,24,23,26,1,28,29,30,31,30,33,28,35 poly=1,36,595,5993,41178,204715,762090,2168640,4772730,8164234,10846981,11121321,8687051,5061196,2126743,609921,107802,9205,91,1 breaks=18(dist5)
FAIL n=36 alpha=19 par=0,1,2,3,4,5,4,7,2,9,10,11,10,13,1,15,16,17,18,17,20,15,22,23,24,23,26,1,28,29,30,31,28,33,34,35 poly=1,36,595,5992,41149,204337,759158,2153538,4718158,8021779,10574601,10738925,8296021,4775590,1982839,562764,98781,8431,89,1 breaks=18(dist5)
FAIL n=36 alpha=19 par=0,1,2,3,4,5,4,7,2,9,10,11,10,13,1,15,16,17,18,17,20,15,22,23,24,1,26,27,28,29,28,31,26,33,34,35 poly=1,36,595,5992,41149,204337,759158,2153537,4718139,8021622,10573857,10736683,8291528,4769523,1977386,559637,97740,8271,85,1 breaks=18(dist5)
STATS n=36 alpha_max=36 trees=794160272 passed=794160272 failures=3 alarms=0
PASS_ALPHA n=36 alpha=18 count=8067210
PASS_ALPHA n=36 alpha=19 count=173570810
PASS_ALPHA n=36 alpha=20 count=391238464
PASS_ALPHA n=36 alpha=21 count=196356074
PASS_ALPHA n=36 alpha=22 count=24313598
PASS_ALPHA n=36 alpha=23 count=612720
PASS_ALPHA n=36 alpha=24 count=1396
