FAIL n=36 alpha=19 par=0,1,2,3,4,5,6,5,8,3,10,11,12,11,14,2,16,17,18,19,18,21,16,23,24,25,1,27,28,29,30,31,28,33,1,35 poly=1,36,595,5992,41149,204337,759159,2153556,4718292,8022295,10575565,10738940,8291846,4765566,1970725,554461,95723,7957,86,1 breaks=18(dist5)
FAIL n=36 alpha=19 par=0,1,2,3,4,5,6,5,8,3,10,11,12,11,14,2,16,17,18,19,18,21,16,23,24,25,1,27,28,29,30,31,1,33,34,35 poly=1,36,595,5991,41120,203958,756203,2138200,4662154,7873581,10286116,10324019,7857278,4439469,1801440,497197,84421,6959,82,1 breaks=18(dist5)
FAIL n=36 alpha=19 par=0,1,2,3,4,5,6,5,8,3,10,11,12,11,14,2,16,17,18,19,18,21,16,23,1,25,26,27,28,29,26,31,1,33,34,35 poly=1,36,595,5992,41149,204337,759159,2153556,4718292,8022296,10575581,10739047,8292237,4766421,1971871,555380,96127,8034,88,1 breaks=18(dist5)
FAIL n=36 alpha=19 par=0,1,2,3,4,5,6,5,8,3,10,11,12,11,14,2,16,17,18,19,18,21,16,23,1,25,26,27,28,29,1,31,32,33,32,35 poly=1,36,595,5992,41149,204336,759134,2153280,4716515,8014875,10554438,10696995,8233575,4709686,1934973,540166,92576,7675,86,1 breaks=18(dist5)
STATS n=36 alpha_max=36 trees=811880231 passed=811880231 failures=4 alarms=0
PASS_ALPHA n=36 alpha=18 count=8564427
PASS_ALPHA n=36 alpha=19 count=179366060
PASS_ALPHA n=36 alpha=20 count=401243340
PASS_ALPHA n=36 alpha=21 count=198139585
PASS_ALPHA n=36 alpha=22 count=23944302
PASS_ALPHA n=36 alpha=23 count=620713
PASS_ALPHA n=36 alpha=24 count=1804
