FAIL n=31 alpha=17 par=0,1,2,3,4,5,5,4,3,9,3,11,2,13,14,13,16,13,18,13,20,13,22,1,24,25,26,1,28,1,30 poly=1,31,435,3673,20911,85175,256812,584382,1012840,1338021,1337021,992916,530885,193321,43175,4628,68,1 breaks=16(dist5)
FAIL n=31 alpha=17 par=0,1,2,3,4,5,5,4,3,9,3,11,2,13,14,13,16,13,18,13,20,1,22,23,24,23,26,1,28,1,30 poly=1,31,435,3670,20846,84548,253248,571071,978389,1274602,1253290,914174,479412,171094,37461,3953,62,1 breaks=16(dist5)
FAIL n=31 alpha=17 par=0,1,2,3,4,5,5,4,3,9,3,11,2,13,14,13,16,13,18,13,20,1,22,23,24,1,26,27,28,1,30 poly=1,31,435,3669,20822,84295,251695,564875,961432,1241919,1208559,871022,450800,158715,34315,3591,59,1 breaks=16(dist5)
FAIL n=31 alpha=17 par=0,1,2,3,4,5,5,4,3,9,3,11,2,13,14,13,16,13,18,13,20,1,22,23,24,1,26,1,28,1,30 poly=1,31,435,3672,20890,84980,255753,580636,1003751,1322521,1318318,977080,521706,189847,42386,4536,64,1 breaks=16(dist5)
FAIL n=31 alpha=17 par=0,1,2,3,4,3,6,3,8,3,10,2,12,13,12,15,12,17,12,19,2,21,22,21,24,21,26,1,28,29,1 poly=1,31,435,3673,20904,85041,255660,578505,993069,1291997,1261491,905778,461948,157967,32717,3290,57,1 breaks=16(dist5)
FAIL n=31 alpha=17 par=0,1,2,3,4,3,6,3,8,3,10,2,12,13,12,15,12,17,12,19,2,21,21,1,24,25,26,25,28,1,30 poly=1,31,435,3672,20884,84863,254740,575491,986720,1283985,1257651,910924,473102,167231,36529,3924,60,1 breaks=16(dist5)
FAIL n=31 alpha=17 par=0,1,2,3,4,3,6,3,8,3,10,2,12,13,12,15,12,17,12,19,2,21,21,1,24,25,26,1,28,29,30 poly=1,31,435,3671,20860,84610,253184,569255,969540,1250629,1211743,866618,443990,154914,33500,3581,58,1 breaks=16(dist5)
FAIL n=31 alpha=17 par=0,1,2,3,4,3,6,3,8,3,10,2,12,13,12,15,12,17,12,19,2,21,21,1,24,25,26,1,28,1,30 poly=1,31,435,3673,20905,85064,255899,579973,998960,1308177,1292499,947212,499726,180287,40369,4436,60,1 breaks=16(dist5)
FAIL n=31 alpha=17 par=0,1,2,3,4,3,6,3,8,3,10,2,12,13,12,15,12,17,12,19,1,21,22,23,22,25,21,27,27,1,30 poly=1,31,435,3671,20867,84738,254222,574185,984766,1282669,1258447,913516,475533,168313,36709,3916,60,1 breaks=16(dist5)
FAIL n=31 alpha=17 par=0,1,2,3,4,3,6,3,8,3,10,2,12,13,12,15,12,17,12,19,1,21,22,23,22,25,1,27,28,28,27 poly=1,31,435,3671,20869,84779,254585,576028,990754,1295757,1278025,933374,488637,173405,37599,3919,60,1 breaks=16(dist5)
FAIL n=31 alpha=17 par=0,1,2,3,4,3,6,3,8,3,10,2,12,13,12,15,12,17,12,19,1,21,22,23,22,25,1,27,27,1,30 poly=1,31,435,3672,20890,84977,255696,580164,1001501,1315655,1304251,957424,503163,178517,38322,3877,59,1 breaks=16(dist5)
FAIL n=31 alpha=17 par=0,1,2,3,4,3,6,3,8,3,10,2,12,13,12,15,12,17,12,19,1,21,22,23,22,22,21,1,28,1,30 poly=1,31,435,3674,20938,85488,258904,593453,1039916,1395364,1424175,1087558,602723,229669,54304,6265,108,2 breaks=16(dist5)
FAIL n=31 alpha=17 par=0,1,2,3,4,3,6,3,8,3,10,2,12,13,12,15,12,17,12,19,1,21,22,23,21,25,25,1,28,29,30 poly=1,31,435,3670,20844,84505,252840,568819,970366,1255267,1221221,877742,451841,158012,34017,3575,58,1 breaks=16(dist5)
FAIL n=31 alpha=17 par=0,1,2,3,4,3,6,3,8,3,10,2,12,13,12,15,12,17,12,19,1,21,22,23,21,25,25,1,28,1,30 poly=1,31,435,3672,20889,84958,255543,579483,999694,1312909,1302703,959788,509069,184185,41061,4428,60,1 breaks=16(dist5)
FAIL n=31 alpha=17 par=0,1,2,3,4,3,6,3,8,3,10,2,12,13,12,15,12,17,12,19,1,21,22,23,21,1,26,1,28,1,30 poly=1,31,435,3674,20932,85367,257811,587604,1019267,1344761,1336171,978760,508851,175694,35572,3203,55,1 breaks=16(dist5)
FAIL n=31 alpha=17 par=0,1,2,3,4,3,6,3,8,3,10,2,12,13,12,15,12,17,12,19,1,21,22,23,1,25,26,27,1,29,29 poly=1,31,435,3671,20866,84724,254141,573937,984341,1282239,1257921,912116,472811,165396,35077,3535,57,1 breaks=16(dist5)
FAIL n=31 alpha=17 par=0,1,2,3,4,3,6,3,8,3,10,2,12,13,12,15,12,17,12,19,1,21,22,23,1,25,26,26,25,1,30 poly=1,31,435,3672,20890,84979,255734,580481,1003034,1320431,1314297,971904,517305,187481,41654,4430,60,1 breaks=16(dist5)
FAIL n=31 alpha=17 par=0,1,2,3,4,3,6,3,8,3,10,2,12,13,12,15,12,17,12,19,1,21,22,23,1,25,25,1,28,1,30 poly=1,31,435,3674,20933,85390,258044,588984,1024603,1358963,1362809,1014064,541319,195462,42757,4391,59,1 breaks=16(dist5)
FAIL n=31 alpha=17 par=0,1,2,3,4,3,6,3,8,3,10,2,12,13,12,15,12,17,12,19,1,21,22,21,21,1,26,1,28,1,30 poly=1,31,435,3676,20979,85861,260897,600423,1056709,1423850,1458207,1115576,617773,234318,54854,6225,107,2 breaks=16(dist5)
FAIL n=31 alpha=17 par=0,1,2,3,4,3,6,3,8,3,10,2,12,13,12,15,12,17,2,19,19,1,22,23,24,23,26,1,28,1,30 poly=1,31,435,3671,20862,84650,253541,571128,975945,1265584,1236004,893874,464700,165031,36377,3957,62,1 breaks=16(dist5)
FAIL n=31 alpha=17 par=0,1,2,3,4,3,6,3,8,3,10,2,12,13,12,15,12,17,2,19,19,1,22,23,24,1,26,27,28,1,30 poly=1,31,435,3670,20838,84397,251987,564922,958953,1232873,1191418,851206,436745,153088,33347,3595,59,1 breaks=16(dist5)
FAIL n=31 alpha=17 par=0,1,2,3,4,3,6,3,8,3,10,2,12,13,12,15,12,17,2,19,19,1,22,23,24,1,26,1,28,1,30 poly=1,31,435,3673,20905,85065,255917,580114,999595,1310001,1295993,951731,503620,182428,41054,4540,64,1 breaks=16(dist5)
FAIL n=31 alpha=17 par=0,1,2,3,4,3,6,3,8,3,10,2,12,13,12,15,12,17,1,19,20,21,20,23,19,25,25,1,28,1,30 poly=1,31,435,3670,20844,84507,252881,569172,972072,1260439,1231557,891585,464156,165023,36361,3941,62,1 breaks=16(dist5)
FAIL n=31 alpha=17 par=0,1,2,3,4,3,6,3,8,3,10,2,12,13,12,15,12,17,1,19,20,21,20,23,1,25,26,26,25,1,30 poly=1,31,435,3670,20846,84548,253246,571042,978212,1274001,1252039,912530,478071,170464,37322,3947,62,1 breaks=16(dist5)
FAIL n=31 alpha=17 par=0,1,2,3,4,3,6,3,8,3,10,2,12,13,12,15,12,17,1,19,20,21,20,23,1,25,25,1,28,1,30 poly=1,31,435,3672,20889,84959,255555,579529,999678,1312174,1299801,953727,501352,178159,38398,3918,61,1 breaks=16(dist5)
FAIL n=31 alpha=17 par=0,1,2,3,4,3,6,3,8,3,10,2,12,13,12,15,12,17,1,19,20,21,20,20,19,1,26,1,28,1,30 poly=1,31,435,3674,20937,85471,258778,592913,1038427,1392594,1420643,1084498,600987,229076,54204,6261,108,2 breaks=16(dist5)
FAIL n=31 alpha=17 par=0,1,2,3,4,3,6,3,8,3,10,2,12,13,12,15,12,17,1,19,20,21,19,23,23,1,26,27,28,1,30 poly=1,31,435,3669,20821,84274,251502,563850,957942,1233948,1196180,858106,442128,155321,33715,3583,59,1 breaks=16(dist5)
FAIL n=31 alpha=17 par=0,1,2,3,4,3,6,3,8,3,10,2,12,13,12,15,12,17,1,19,20,21,19,23,23,1,26,1,28,1,30 poly=1,31,435,3672,20888,84941,255419,578974,998410,1310904,1300954,959426,509988,185236,41550,4524,64,1 breaks=16(dist5)
FAIL n=31 alpha=17 par=0,1,2,3,4,3,6,3,8,3,10,2,12,13,12,15,12,17,1,19,20,21,19,1,24,1,26,1,28,1,30 poly=1,31,435,3675,20952,85545,258745,590823,1026934,1357662,1351538,991497,515891,178070,35972,3219,55,1 breaks=16(dist5)
FAIL n=31 alpha=17 par=0,1,2,3,4,3,6,3,8,3,10,2,12,13,12,15,12,17,1,19,20,21,1,23,24,25,1,27,28,28,27 poly=1,31,435,3669,20822,84295,251693,564845,961244,1241272,1207215,869291,449446,158121,34196,3586,59,1 breaks=16(dist5)
FAIL n=31 alpha=17 par=0,1,2,3,4,3,6,3,8,3,10,2,12,13,12,15,12,17,1,19,20,21,1,23,24,25,1,27,27,1,30 poly=1,31,435,3671,20865,84706,254001,573317,982612,1279081,1254137,909256,471607,165240,35144,3557,58,1 breaks=16(dist5)
FAIL n=31 alpha=17 par=0,1,2,3,4,3,6,3,8,3,10,2,12,13,12,15,12,17,1,19,20,21,1,23,24,24,23,1,28,1,30 poly=1,31,435,3672,20889,84962,255611,579986,1001832,1318692,1313075,972199,518731,188757,42190,4528,64,1 breaks=16(dist5)
FAIL n=31 alpha=17 par=0,1,2,3,4,3,6,3,8,3,10,2,12,13,12,15,12,17,1,19,20,21,1,23,23,1,26,1,28,1,30 poly=1,31,435,3675,20953,85568,258979,592219,1032380,1372294,1379235,1028512,550180,199077,43654,4503,63,1 breaks=16(dist5)
FAIL n=31 alpha=17 par=0,1,2,3,4,3,6,3,8,3,10,2,12,13,12,15,12,17,1,19,20,19,19,1,24,1,26,1,28,1,30 poly=1,31,435,3677,20998,86021,261689,602992,1062457,1432922,1468331,1123432,621838,235604,55058,6233,107,2 breaks=16(dist5)
FAIL n=31 alpha=17 par=0,1,2,3,4,3,6,3,8,3,10,2,12,13,12,15,12,17,1,19,20,19,1,23,23,1,26,1,28,1,30 poly=1,31,435,3676,20974,85764,260059,596150,1042379,1390593,1403619,1052128,566542,206915,46092,4941,99,2 breaks=16(dist5)
STATS n=31 trees=653674647 failures=35 alarms=0
