FAIL n=32 alpha=17 par=0,1,2,3,4,5,6,5,8,3,10,11,12,2,14,15,14,17,14,19,14,21,14,23,1,25,26,27,28,29,1,31 poly=1,32,465,4074,24085,101828,318158,748094,1334249,1803859,1831781,1370524,730679,262175,56936,5842,76,1 breaks=16(dist5)
FAIL n=32 alpha=17 par=0,1,2,3,4,5,6,5,8,3,10,11,12,2,14,15,14,17,14,19,14,21,1,23,24,25,26,27,24,29,1,31 poly=1,32,465,4071,24017,101141,314072,732180,1291550,1723067,1723384,1268423,665005,234848,50326,5126,69,1 breaks=16(dist5)
FAIL n=32 alpha=17 par=0,1,2,3,4,5,6,5,8,3,10,11,12,2,14,15,14,17,14,19,14,21,1,23,24,25,26,27,1,29,30,31 poly=1,32,465,4070,23992,100864,312271,724521,1269104,1676618,1655125,1197952,615401,212400,44501,4466,65,1 breaks=16(dist5)
FAIL n=32 alpha=17 par=0,1,2,3,4,5,6,5,8,3,10,11,12,2,14,15,14,17,14,19,14,21,1,23,24,25,26,27,1,29,1,31 poly=1,32,465,4072,24040,101378,315516,737964,1307574,1754521,1767444,1312151,695039,248439,53974,5562,68,1 breaks=16(dist5)
FAIL n=32 alpha=17 par=0,1,2,3,4,5,6,5,8,3,10,11,12,2,14,15,14,17,14,19,14,21,1,23,24,25,26,25,1,29,1,31 poly=1,32,465,4073,24066,101678,317550,747000,1335314,1814921,1861499,1416191,774878,288943,66332,7383,118,2 breaks=16(dist5)
FAIL n=32 alpha=17 par=0,1,2,3,4,5,6,5,8,3,10,11,12,2,14,15,14,17,14,19,1,21,22,23,24,25,1,27,1,29,1,31 poly=1,32,465,4072,24040,101379,315535,738122,1308332,1756846,1772211,1318772,701199,252128,55276,5782,76,1 breaks=16(dist5)
FAIL n=32 alpha=17 par=0,1,2,3,4,5,6,5,8,3,10,11,12,2,14,15,14,17,14,19,1,21,22,23,24,23,1,27,1,29,1,31 poly=1,32,465,4073,24066,101679,317568,747141,1335948,1816736,1864961,1420655,778731,291086,67037,7495,122,2 breaks=16(dist5)
FAIL n=32 alpha=17 par=0,1,2,3,4,5,4,3,2,9,2,11,2,13,1,15,16,17,18,15,20,21,22,15,24,1,26,27,26,29,26,31 poly=1,32,465,4075,24111,102134,320308,758111,1366768,1879117,1956659,1517799,851037,327004,77805,9043,164,3 breaks=16(dist5)
FAIL n=32 alpha=17 par=0,1,2,3,4,5,4,3,2,9,2,11,2,13,1,15,16,17,18,15,20,21,22,1,24,25,24,27,24,29,24,31 poly=1,32,465,4076,24134,102367,321681,763342,1380299,1903355,1986684,1542925,864467,331047,78269,9014,161,3 breaks=16(dist5)
FAIL n=32 alpha=17 par=0,1,2,3,4,5,4,3,2,9,2,11,2,13,1,15,16,17,18,15,20,15,22,15,24,1,26,27,26,29,26,31 poly=1,32,465,4078,24182,102884,324989,777361,1421791,1991349,2121446,1690830,977877,388698,95734,11429,179,3 breaks=16(dist5)
FAIL n=32 alpha=17 par=0,1,2,3,4,5,4,3,2,9,2,11,2,13,1,15,16,17,18,15,20,15,22,1,24,25,26,27,24,29,24,31 poly=1,32,465,4075,24111,102134,320308,758110,1366752,1879010,1956265,1516919,849808,325947,77284,8922,158,3 breaks=16(dist5)
FAIL n=32 alpha=17 par=0,1,2,3,4,5,4,3,2,9,2,11,2,13,1,15,16,17,18,15,20,15,22,1,24,25,24,27,24,29,24,31 poly=1,32,465,4078,24182,102883,324970,777204,1421044,1989073,2116789,1684326,971727,384900,94323,11169,167,3 breaks=16(dist5)
FAIL n=32 alpha=18 par=0,1,2,3,4,4,2,7,7,1,10,11,12,11,14,11,16,11,18,10,20,21,20,23,20,25,20,27,1,29,1,31 poly=1,32,465,4079,24210,103230,327509,789512,1462970,2092672,2305286,1937331,1219464,557083,174886,34040,3243,56,1 breaks=17(dist5)
FAIL n=32 alpha=18 par=0,1,2,3,4,4,2,7,7,1,10,11,12,11,14,11,16,11,18,10,20,21,20,23,20,25,1,27,1,29,1,31 poly=1,32,465,4079,24209,103212,327368,788877,1461146,2089178,2300767,1933437,1217323,556398,174782,34036,3243,56,1 breaks=17(dist5)
FAIL n=32 alpha=18 par=0,1,2,3,3,3,2,7,2,9,2,11,2,13,2,15,1,17,18,17,20,17,22,17,24,1,26,27,26,29,26,31 poly=1,32,465,4088,24411,105246,339559,837502,1597697,2367437,2718161,2395466,1591507,773270,260862,55365,5813,71,1 breaks=17(dist5)
FAIL n=32 alpha=18 par=0,1,2,3,3,2,2,1,8,9,8,11,8,13,8,15,1,17,18,17,20,17,22,17,24,1,26,27,26,29,26,31 poly=1,32,465,4082,24274,103847,331059,803072,1499154,2161749,2400184,2030229,1282483,585157,182334,35025,3295,57,1 breaks=17(dist5)
STATS n=32 trees=1693788787 failures=16 alarms=0
