FAIL n=32 alpha=17 par=0,1,2,3,4,5,6,3,8,2,10,11,10,13,10,15,10,17,10,19,1,21,22,23,24,25,22,27,1,29,1,31 poly=1,32,465,4076,24133,102345,321466,762107,1375657,1891344,1964800,1514742,839163,315776,72530,7879,87,1 breaks=16(dist5)
FAIL n=32 alpha=17 par=0,1,2,3,4,5,6,3,8,2,10,11,10,13,10,15,10,17,10,19,1,21,22,23,24,25,1,27,28,29,1,31 poly=1,32,465,4075,24108,102068,319661,754383,1352749,1843011,1891688,1436094,780568,287132,64293,6818,81,1 breaks=16(dist5)
FAIL n=32 alpha=17 par=0,1,2,3,4,5,6,3,8,2,10,11,10,13,10,15,10,17,10,19,1,21,22,23,24,25,1,27,1,29,1,31 poly=1,32,465,4078,24179,102818,324341,773612,1407586,1954321,2053645,1603537,900300,343198,79692,8700,88,1 breaks=16(dist5)
FAIL n=32 alpha=17 par=0,1,2,3,4,5,2,7,2,9,2,11,1,13,14,15,16,13,18,13,20,13,22,1,24,25,26,27,24,29,24,31 poly=1,32,465,4076,24134,102371,321754,763927,1383004,1911330,2002301,1563383,881964,340122,80572,9030,77,1 breaks=16(dist5)
FAIL n=32 alpha=17 par=0,1,2,3,4,5,2,7,2,9,2,11,1,13,14,15,16,13,18,13,20,13,22,1,24,25,26,25,24,29,24,31 poly=1,32,465,4077,24158,102627,323362,770567,1402042,1950296,2059831,1624407,927556,363123,87790,10213,139,2 breaks=16(dist5)
FAIL n=32 alpha=17 par=0,1,2,3,4,5,2,7,2,9,2,11,1,13,14,15,16,13,18,13,20,13,22,1,24,25,24,27,24,29,24,31 poly=1,32,465,4079,24205,103121,326435,783182,1438091,2023916,2168192,1738533,1011357,403684,99238,11516,80,1 breaks=16(dist5)
FAIL n=32 alpha=17 par=0,1,2,3,4,5,2,7,2,9,2,11,1,13,14,15,16,13,18,13,20,1,22,23,24,23,22,27,22,29,22,31 poly=1,32,465,4077,24157,102606,323167,769508,1398298,1941233,2044477,1606166,912621,355055,85167,9801,127,2 breaks=16(dist5)
FAIL n=32 alpha=17 par=0,1,2,3,4,5,2,7,2,9,2,11,1,13,14,15,16,13,18,13,20,1,22,23,22,25,22,27,22,29,22,31 poly=1,32,465,4080,24227,103336,327670,787827,1450138,2045985,2196908,1764789,1027728,410246,100747,11672,84,1 breaks=16(dist5)
FAIL n=32 alpha=17 par=0,1,2,3,4,5,2,7,2,9,2,11,1,13,14,15,16,13,18,1,20,21,22,21,20,25,20,27,20,29,20,31 poly=1,32,465,4079,24201,103037,325655,778939,1423028,1987207,2105464,1663367,949537,370592,89014,10249,139,2 breaks=16(dist5)
FAIL n=32 alpha=17 par=0,1,2,3,4,5,2,7,2,9,2,11,1,13,14,15,16,13,18,1,20,21,20,23,20,25,20,27,20,29,20,31 poly=1,32,465,4083,24293,103984,331431,802217,1488404,2118522,2295641,1860490,1092089,438756,108270,12619,110,1 breaks=16(dist5)
FAIL n=32 alpha=18 par=0,1,2,3,3,3,2,7,2,9,2,11,1,13,14,13,16,13,18,13,20,13,22,1,24,25,24,27,24,29,24,31 poly=1,32,465,4086,24372,104908,337833,831714,1584282,2345464,2692670,2374873,1580402,769608,260258,55341,5813,71,1 breaks=17(dist5)
STATS n=32 trees=1676426765 failures=11 alarms=0
