FAIL n=32 alpha=17 par=0,1,2,3,4,5,6,7,6,3,10,3,12,2,14,15,14,17,14,19,14,21,1,23,24,25,26,27,1,29,1,31 poly=1,32,465,4074,24089,101916,319014,752955,1352158,1848802,1910135,1465339,808638,303647,69852,7703,118,2 breaks=16(dist5)
FAIL n=32 alpha=17 par=0,1,2,3,4,5,6,3,8,9,10,2,12,13,14,15,12,17,12,19,12,21,1,23,24,25,26,27,1,29,1,31 poly=1,32,465,4071,24015,101104,313774,730807,1287556,1715447,1713837,1260862,661640,234340,50483,5176,69,1 breaks=16(dist5)
FAIL n=32 alpha=17 par=0,1,2,3,4,5,6,3,8,3,10,2,12,13,14,13,12,17,12,19,12,21,1,23,24,25,26,27,1,29,1,31 poly=1,32,465,4074,24086,101854,318449,749958,1341871,1824794,1871236,1421567,775113,287006,65032,7081,115,2 breaks=16(dist5)
FAIL n=32 alpha=17 par=0,1,2,3,4,5,4,7,4,9,4,11,1,13,14,15,16,15,18,13,20,13,22,1,24,25,24,27,24,29,24,31 poly=1,32,465,4077,24162,102691,323785,771993,1404141,1948406,2044757,1591934,888361,334641,76000,7982,85,1 breaks=16(dist5)
FAIL n=32 alpha=17 par=0,1,2,3,4,5,4,7,4,9,4,11,1,13,14,15,16,15,18,13,20,1,22,23,22,25,22,27,22,29,22,31 poly=1,32,465,4079,24207,103140,326420,782145,1431215,1999610,2113747,1657259,930281,351583,79705,8283,91,1 breaks=16(dist5)
FAIL n=32 alpha=17 par=0,1,2,3,4,5,4,7,4,9,4,11,1,13,14,15,16,13,18,19,20,13,22,1,24,25,24,27,24,29,24,31 poly=1,32,465,4076,24137,102415,322000,764437,1382034,1902514,1976674,1520453,836811,310612,69599,7263,82,1 breaks=16(dist5)
FAIL n=32 alpha=17 par=0,1,2,3,4,5,4,7,4,9,4,11,1,13,14,15,16,13,18,13,20,13,22,1,24,25,26,27,24,29,24,31 poly=1,32,465,4076,24137,102416,322019,764593,1382766,1904693,1980973,1526127,841720,313238,70363,7352,84,1 breaks=16(dist5)
FAIL n=32 alpha=17 par=0,1,2,3,4,5,4,7,4,9,4,11,1,13,14,15,16,13,18,13,20,13,22,1,24,25,24,27,24,29,24,31 poly=1,32,465,4079,24208,103163,326652,783508,1436424,2013262,2138858,1689738,959261,368574,85588,9187,87,1 breaks=16(dist5)
FAIL n=32 alpha=17 par=0,1,2,3,4,5,4,7,4,9,4,11,1,13,14,15,16,13,18,13,20,1,22,23,22,25,22,27,22,29,22,31 poly=1,32,465,4080,24230,103378,327890,788195,1448724,2036191,2169387,1718439,977721,376207,87385,9371,91,1 breaks=16(dist5)
FAIL n=32 alpha=18 par=0,1,2,3,4,3,6,3,8,3,10,2,12,13,12,15,12,17,12,19,2,21,22,21,24,21,26,1,28,29,1,1 poly=1,32,465,4081,24249,103569,329239,795250,1475883,2112600,2326016,1951093,1224579,557818,174915,34094,3244,56,1 breaks=17(dist5)
FAIL n=32 alpha=18 par=0,1,2,3,4,3,6,3,8,3,10,2,12,13,12,15,12,17,12,19,2,21,21,21,1,25,26,27,26,29,1,31 poly=1,32,465,4080,24229,103394,328374,792690,1471768,2111886,2338824,1983333,1267217,592694,192624,39261,3927,60,1 breaks=17(dist5)
FAIL n=32 alpha=18 par=0,1,2,3,4,3,6,3,8,3,10,2,12,13,12,15,12,17,12,19,2,21,21,21,1,25,26,27,1,29,30,31 poly=1,32,465,4079,24204,103118,326585,785071,1449206,2064018,2265066,1900681,1200539,554893,178270,35970,3584,58,1 breaks=17(dist5)
FAIL n=32 alpha=18 par=0,1,2,3,4,3,6,3,8,3,10,2,12,13,12,15,12,17,12,19,2,21,21,21,1,25,26,27,1,29,1,31 poly=1,32,465,4081,24251,103616,329734,798331,1488490,2148318,2397864,2054469,1330129,632374,209520,43613,4439,60,1 breaks=17(dist5)
FAIL n=32 alpha=17 par=0,1,2,3,4,3,6,3,8,3,10,2,12,13,12,15,12,17,12,19,1,21,22,23,22,25,22,27,22,29,1,31 poly=1,32,465,4080,24232,103424,328356,790954,1459379,2064475,2222195,1787933,1040990,414205,100950,11559,95,1 breaks=16(dist5)
FAIL n=32 alpha=17 par=0,1,2,3,4,3,6,3,8,3,10,2,12,13,12,15,12,17,12,19,1,21,22,23,22,25,22,27,21,29,1,31 poly=1,32,465,4078,24182,102870,324736,775338,1412335,1962662,2062303,1606763,896384,337013,76259,8032,125,2 breaks=16(dist5)
FAIL n=32 alpha=17 par=0,1,2,3,4,3,6,3,8,3,10,2,12,13,12,15,12,17,12,19,1,21,22,23,22,25,22,27,1,29,30,31 poly=1,32,465,4077,24160,102658,323553,771102,1402231,1946791,2047439,1602367,903910,347638,82007,9182,81,1 breaks=16(dist5)
FAIL n=32 alpha=17 par=0,1,2,3,4,3,6,3,8,3,10,2,12,13,12,15,12,17,12,19,1,21,22,23,22,25,22,27,1,29,30,29 poly=1,32,465,4078,24185,102936,325373,778924,1425502,1995940,2121607,1681503,961814,374977,89426,10113,132,2 breaks=16(dist5)
FAIL n=32 alpha=17 par=0,1,2,3,4,3,6,3,8,3,10,2,12,13,12,15,12,17,12,19,1,21,22,23,22,25,22,27,1,29,1,31 poly=1,32,465,4079,24208,103176,326882,785311,1444705,2038009,2189235,1760579,1027270,411255,101405,11818,89,1 breaks=16(dist5)
FAIL n=32 alpha=17 par=0,1,2,3,4,3,6,3,8,3,10,2,12,13,12,15,12,17,12,19,1,21,22,23,22,25,22,21,1,29,1,31 poly=1,32,465,4080,24232,103434,328530,792300,1465499,2082643,2259089,1839989,1091598,446924,113947,14215,261,5 breaks=16(dist5)
FAIL n=32 alpha=18 par=0,1,2,3,4,3,6,3,8,3,10,2,12,13,12,15,12,17,12,19,1,21,22,23,22,25,21,27,27,27,1,31 poly=1,32,465,4079,24212,103269,327856,791384,1469814,2110570,2339620,1985925,1269648,593776,192804,39253,3927,60,1 breaks=17(dist5)
FAIL n=32 alpha=17 par=0,1,2,3,4,3,6,3,8,3,10,2,12,13,12,15,12,17,12,19,1,21,22,23,22,25,21,27,1,29,30,31 poly=1,32,465,4076,24134,102360,321549,762248,1375035,1887030,1952531,1494067,817256,301539,67449,7184,117,2 breaks=16(dist5)
FAIL n=32 alpha=17 par=0,1,2,3,4,3,6,3,8,3,10,2,12,13,12,15,12,17,12,19,1,21,22,23,22,25,21,27,1,29,1,31 poly=1,32,465,4078,24181,102856,324663,775222,1412861,1966174,2072169,1623471,914548,349484,81198,8888,121,2 breaks=16(dist5)
FAIL n=32 alpha=17 par=0,1,2,3,4,3,6,3,8,3,10,2,12,13,12,15,12,17,12,19,1,21,22,23,22,25,1,27,28,29,28,31 poly=1,32,465,4076,24136,102403,321959,764548,1383509,1908639,1991545,1544003,861658,327597,76450,8502,77,1 breaks=16(dist5)
FAIL n=32 alpha=17 par=0,1,2,3,4,3,6,3,8,3,10,2,12,13,12,15,12,17,12,19,1,21,22,23,22,25,1,27,28,29,28,27 poly=1,32,465,4077,24161,102682,323799,772544,1407652,1960593,2071799,1632209,928792,361146,86437,9990,170,3 breaks=16(dist5)
FAIL n=32 alpha=17 par=0,1,2,3,4,3,6,3,8,3,10,2,12,13,12,15,12,17,12,19,1,21,22,23,22,25,1,27,28,29,27,31 poly=1,32,465,4076,24135,102382,321761,763437,1379373,1897892,1971647,1517777,837608,313071,71338,7779,119,2 breaks=16(dist5)
FAIL n=32 alpha=17 par=0,1,2,3,4,3,6,3,8,3,10,2,12,13,12,15,12,17,12,19,1,21,22,23,22,25,1,27,28,29,1,31 poly=1,32,465,4077,24159,102645,323501,771169,1403640,1952931,2062329,1625213,926572,361693,86918,9904,80,1 breaks=16(dist5)
FAIL n=32 alpha=18 par=0,1,2,3,4,3,6,3,8,3,10,2,12,13,12,15,12,17,12,19,1,21,22,23,22,25,1,27,28,28,28,27 poly=1,32,465,4079,24214,103310,328219,793227,1475802,2123658,2359198,2005783,1282752,598868,193694,39256,3927,60,1 breaks=17(dist5)
FAIL n=32 alpha=17 par=0,1,2,3,4,3,6,3,8,3,10,2,12,13,12,15,12,17,12,19,1,21,22,23,22,25,1,27,28,27,1,31 poly=1,32,465,4078,24183,102901,325108,777791,1422535,1991238,2117923,1682485,967368,380784,92272,10671,127,2 breaks=16(dist5)
FAIL n=32 alpha=18 par=0,1,2,3,4,3,6,3,8,3,10,2,12,13,12,15,12,17,12,19,1,21,22,23,22,25,1,27,27,27,1,31 poly=1,32,465,4080,24235,103508,329330,797363,1486549,2143556,2385424,2029833,1297278,603980,194417,39214,3926,60,1 breaks=17(dist5)
FAIL n=32 alpha=17 par=0,1,2,3,4,3,6,3,8,3,10,2,12,13,12,15,12,17,12,19,1,21,22,23,22,25,1,27,1,29,1,31 poly=1,32,465,4080,24230,103397,328222,790771,1460449,2070937,2239539,1816259,1070790,434039,108573,12842,89,1 breaks=16(dist5)
FAIL n=32 alpha=18 par=0,1,2,3,4,3,6,3,8,3,10,2,12,13,12,15,12,17,12,19,1,21,22,23,22,22,22,21,1,29,1,31 poly=1,32,465,4083,24310,104342,334823,821380,1560423,2308451,2656369,2357985,1586874,785163,270684,58731,6325,109,2 breaks=17(dist5)
FAIL n=32 alpha=17 par=0,1,2,3,4,3,6,3,8,3,10,2,12,13,12,15,12,17,12,19,1,21,22,23,22,21,26,27,1,29,1,31 poly=1,32,465,4078,24182,102880,324916,776776,1419069,1983181,2104893,1667845,956246,375462,90951,10633,167,3 breaks=16(dist5)
FAIL n=32 alpha=17 par=0,1,2,3,4,3,6,3,8,3,10,2,12,13,12,15,12,17,12,19,1,21,22,23,22,21,1,27,28,29,1,31 poly=1,32,465,4078,24183,102902,325128,777965,1423407,1994043,2124009,1691555,976598,386994,94840,11228,169,3 breaks=16(dist5)
FAIL n=32 alpha=17 par=0,1,2,3,4,3,6,3,8,3,10,2,12,13,12,15,12,17,12,19,1,21,22,23,22,21,1,27,1,29,1,31 poly=1,32,465,4081,24253,103633,329656,796540,1476694,2103875,2288151,1868299,1110448,454720,115422,14083,176,3 breaks=16(dist5)
FAIL n=32 alpha=18 par=0,1,2,3,4,3,6,3,8,3,10,2,12,13,12,15,12,17,12,19,1,21,22,23,21,25,25,25,1,29,30,31 poly=1,32,465,4078,24188,103013,326241,784635,1450032,2068656,2274544,1911805,1208390,557991,178787,35964,3584,58,1 breaks=17(dist5)
FAIL n=32 alpha=18 par=0,1,2,3,4,3,6,3,8,3,10,2,12,13,12,15,12,17,12,19,1,21,22,23,21,25,25,25,1,29,1,31 poly=1,32,465,4080,24235,103510,329378,797841,1489224,2153050,2408068,2067045,1339472,636272,210212,43605,4439,60,1 breaks=17(dist5)
FAIL n=32 alpha=17 par=0,1,2,3,4,3,6,3,8,3,10,2,12,13,12,15,12,17,12,19,1,21,22,23,21,25,1,27,28,29,1,31 poly=1,32,465,4077,24157,102602,323090,768859,1395137,1931362,2023797,1576701,884412,337679,78937,8801,119,2 breaks=16(dist5)
FAIL n=32 alpha=17 par=0,1,2,3,4,3,6,3,8,3,10,2,12,13,12,15,12,17,12,19,1,21,22,23,21,25,1,27,1,29,1,31 poly=1,32,465,4080,24227,103333,327616,787398,1448143,2039942,2184415,1746923,1010304,399221,96739,11104,125,2 breaks=16(dist5)
FAIL n=32 alpha=18 par=0,1,2,3,4,3,6,3,8,3,10,2,12,13,12,15,12,17,12,19,1,21,22,23,21,21,1,27,1,29,1,31 poly=1,32,465,4082,24277,103895,331390,804349,1502081,2165364,2400696,2024075,1271482,575545,177770,34007,3242,56,1 breaks=17(dist5)
FAIL n=32 alpha=17 par=0,1,2,3,4,3,6,3,8,3,10,2,12,13,12,15,12,17,12,19,1,21,22,23,1,25,26,27,1,29,30,31 poly=1,32,465,4076,24134,102369,321716,763616,1381562,1907145,1994393,1553613,874292,336564,79744,8966,76,1 breaks=16(dist5)
FAIL n=32 alpha=17 par=0,1,2,3,4,3,6,3,8,3,10,2,12,13,12,15,12,17,12,19,1,21,22,23,1,25,26,27,1,29,30,29 poly=1,32,465,4077,24158,102625,323322,770220,1400320,1944872,2048479,1608395,912506,354079,84622,9693,122,2 breaks=16(dist5)
FAIL n=32 alpha=18 par=0,1,2,3,4,3,6,3,8,3,10,2,12,13,12,15,12,17,12,19,1,21,22,23,1,25,26,27,1,29,29,29 poly=1,32,465,4079,24210,103232,327542,789753,1464007,2095628,2311244,1946179,1229360,565375,179847,35924,3583,58,1 breaks=17(dist5)
FAIL n=32 alpha=17 par=0,1,2,3,4,3,6,3,8,3,10,2,12,13,12,15,12,17,12,19,1,21,22,23,1,25,26,27,1,29,1,31 poly=1,32,465,4079,24205,103121,326435,783183,1438106,2024011,2168527,1739257,1012344,404518,99643,11608,84,1 breaks=16(dist5)
FAIL n=32 alpha=18 par=0,1,2,3,4,3,6,3,8,3,10,2,12,13,12,15,12,17,12,19,1,21,22,23,1,25,26,26,26,25,1,31 poly=1,32,465,4080,24236,103531,329569,798839,1492564,2160572,2419662,2079161,1347708,639568,210805,43607,4439,60,1 breaks=17(dist5)
FAIL n=32 alpha=17 par=0,1,2,3,4,3,6,3,8,3,10,2,12,13,12,15,12,17,12,19,1,21,22,23,1,25,26,25,28,25,1,31 poly=1,32,465,4079,24206,103137,326542,783560,1438780,2024176,2166535,1734525,1007026,401465,99121,11912,214,4 breaks=16(dist5)
FAIL n=32 alpha=17 par=0,1,2,3,4,3,6,3,8,3,10,2,12,13,12,15,12,17,12,19,1,21,22,23,1,25,26,25,1,29,1,31 poly=1,32,465,4080,24228,103356,327849,788778,1453479,2054144,2211053,1782227,1042772,418989,103924,12292,129,2 breaks=16(dist5)
FAIL n=32 alpha=18 par=0,1,2,3,4,3,6,3,8,3,10,2,12,13,12,15,12,17,12,19,1,21,22,23,1,25,25,25,1,29,1,31 poly=1,32,465,4082,24279,103942,331879,807342,1514133,2199104,2468174,2121321,1371722,647549,211908,43568,4438,60,1 breaks=17(dist5)
FAIL n=32 alpha=17 par=0,1,2,3,4,3,6,3,8,3,10,2,12,13,12,15,12,17,12,19,1,21,22,23,1,25,1,27,1,29,1,31 poly=1,32,465,4083,24298,104088,332395,807496,1507427,2165947,2379155,1964381,1181534,489469,125270,15143,95,1 breaks=16(dist5)
FAIL n=32 alpha=17 par=0,1,2,3,4,3,6,3,8,3,10,2,12,13,12,15,12,17,12,19,1,21,22,21,24,21,1,27,1,29,1,31 poly=1,32,465,4082,24275,103848,330896,801263,1489262,2127922,2321607,1902039,1134666,466623,119146,14725,220,4 breaks=16(dist5)
FAIL n=32 alpha=18 par=0,1,2,3,4,3,6,3,8,3,10,2,12,13,12,15,12,17,12,19,1,21,22,21,21,21,1,27,1,29,1,31 poly=1,32,465,4085,24351,104715,336816,828350,1577216,2336937,2690401,2386003,1601924,789812,271234,58691,6324,109,2 breaks=17(dist5)
FAIL n=32 alpha=17 par=0,1,2,3,4,3,6,3,8,3,10,2,12,13,12,15,12,17,12,19,1,21,22,21,1,25,26,25,1,29,1,31 poly=1,32,465,4081,24251,103592,329283,794547,1469724,2087082,2259665,1834267,1082430,439670,110773,13533,216,4 breaks=16(dist5)
FAIL n=32 alpha=17 par=0,1,2,3,4,3,6,3,8,3,10,2,12,13,12,15,12,17,12,19,1,21,22,21,1,25,1,27,1,29,1,31 poly=1,32,465,4084,24320,104303,333635,812219,1519995,2189994,2412611,1998121,1205752,501372,128994,15785,139,2 breaks=16(dist5)
FAIL n=32 alpha=18 par=0,1,2,3,4,3,6,3,8,3,10,2,12,13,12,15,12,17,2,19,19,19,1,23,24,25,24,27,1,29,1,31 poly=1,32,465,4079,24206,103160,326981,787283,1457345,2084773,2302647,1949361,1245366,583614,190507,39115,3960,62,1 breaks=17(dist5)
FAIL n=32 alpha=18 par=0,1,2,3,4,3,6,3,8,3,10,2,12,13,12,15,12,17,2,19,19,19,1,23,24,25,1,27,28,29,1,31 poly=1,32,465,4078,24181,102884,325194,779696,1434999,2037714,2230742,1869390,1181112,547098,176478,35820,3598,59,1 breaks=17(dist5)
FAIL n=32 alpha=18 par=0,1,2,3,4,3,6,3,8,3,10,2,12,13,12,15,12,17,2,19,19,19,1,23,24,25,1,27,1,29,1,31 poly=1,32,465,4081,24251,103617,329753,798489,1489251,2150682,2402847,2061758,1337555,637575,211941,44310,4543,64,1 breaks=17(dist5)
FAIL n=32 alpha=17 par=0,1,2,3,4,3,6,3,8,3,10,2,12,13,12,15,12,17,1,19,20,21,20,23,20,25,1,27,28,27,1,31 poly=1,32,465,4077,24161,102683,323822,772760,1408779,1964276,2079757,1643787,940010,368046,88820,10295,143,2 breaks=16(dist5)
FAIL n=32 alpha=17 par=0,1,2,3,4,3,6,3,8,3,10,2,12,13,12,15,12,17,1,19,20,21,20,23,20,19,1,27,1,29,1,31 poly=1,32,465,4080,24231,103416,328387,791634,1463470,2078384,2252787,1833397,1086802,444595,113254,14111,257,5 breaks=16(dist5)
FAIL n=32 alpha=18 par=0,1,2,3,4,3,6,3,8,3,10,2,12,13,12,15,12,17,1,19,20,21,20,23,19,25,25,25,1,29,1,31 poly=1,32,465,4078,24188,103017,326321,785327,1453472,2079628,2298200,1947072,1244822,583606,190491,39099,3960,62,1 breaks=17(dist5)
FAIL n=32 alpha=17 par=0,1,2,3,4,3,6,3,8,3,10,2,12,13,12,15,12,17,1,19,20,21,20,23,19,25,1,27,28,29,1,31 poly=1,32,465,4075,24110,102107,320000,756117,1358541,1856240,1912682,1459123,797598,295228,66597,7189,119,2 breaks=16(dist5)
FAIL n=32 alpha=17 par=0,1,2,3,4,3,6,3,8,3,10,2,12,13,12,15,12,17,1,19,20,21,20,23,19,25,1,27,1,29,1,31 poly=1,32,465,4078,24180,102838,324522,774589,1411067,1962870,2068320,1621025,914381,350467,81904,9068,129,2 breaks=16(dist5)
FAIL n=32 alpha=17 par=0,1,2,3,4,3,6,3,8,3,10,2,12,13,12,15,12,17,1,19,20,21,20,23,1,25,26,27,26,29,1,31 poly=1,32,465,4075,24113,102172,320624,759630,1371462,1888916,1970764,1531779,860311,330773,78453,8909,94,1 breaks=16(dist5)
FAIL n=32 alpha=17 par=0,1,2,3,4,3,6,3,8,3,10,2,12,13,12,15,12,17,1,19,20,21,20,23,1,25,26,27,26,25,1,31 poly=1,32,465,4076,24137,102429,322249,766393,1390994,1929073,2029991,1593975,905708,352762,84976,9949,171,3 breaks=16(dist5)
FAIL n=32 alpha=17 par=0,1,2,3,4,3,6,3,8,3,10,2,12,13,12,15,12,17,1,19,20,21,20,23,1,25,26,27,25,29,1,31 poly=1,32,465,4075,24111,102129,320213,757321,1362975,1867450,1932591,1484017,819114,307492,70758,7833,123,2 breaks=16(dist5)
FAIL n=32 alpha=17 par=0,1,2,3,4,3,6,3,8,3,10,2,12,13,12,15,12,17,1,19,20,21,20,23,1,25,26,27,1,29,30,31 poly=1,32,465,4074,24088,101896,318841,752109,1349605,1843995,1904941,1463511,811404,307735,71983,8062,88,1 breaks=16(dist5)
FAIL n=32 alpha=17 par=0,1,2,3,4,3,6,3,8,3,10,2,12,13,12,15,12,17,1,19,20,21,20,23,1,25,26,27,1,29,30,29 poly=1,32,465,4075,24112,102152,320445,758680,1368130,1880794,1956724,1514598,845789,322782,75959,8638,128,2 breaks=16(dist5)
FAIL n=32 alpha=17 par=0,1,2,3,4,3,6,3,8,3,10,2,12,13,12,15,12,17,1,19,20,21,20,23,1,25,26,27,1,29,1,31 poly=1,32,465,4077,24159,102648,323557,771625,1405780,1959357,2075252,1642859,942743,371238,90235,10457,102,1 breaks=16(dist5)
FAIL n=32 alpha=18 par=0,1,2,3,4,3,6,3,8,3,10,2,12,13,12,15,12,17,1,19,20,21,20,23,1,25,26,26,26,25,1,31 poly=1,32,465,4078,24190,103058,326686,787197,1459612,2093190,2318682,1968017,1258737,589047,191452,39105,3960,62,1 breaks=17(dist5)
FAIL n=32 alpha=17 par=0,1,2,3,4,3,6,3,8,3,10,2,12,13,12,15,12,17,1,19,20,21,20,23,1,25,26,25,1,29,1,31 poly=1,32,465,4078,24182,102883,324969,777189,1420947,1988712,2115926,1682934,970186,383738,93747,10996,141,2 breaks=16(dist5)
FAIL n=32 alpha=18 par=0,1,2,3,4,3,6,3,8,3,10,2,12,13,12,15,12,17,1,19,20,21,20,23,1,25,25,25,1,29,1,31 poly=1,32,465,4080,24233,103469,328995,795684,1481078,2131363,2366444,2009214,1282018,596742,192528,39076,3959,62,1 breaks=17(dist5)
FAIL n=32 alpha=18 par=0,1,2,3,4,3,6,3,8,3,10,2,12,13,12,15,12,17,1,19,20,21,20,20,20,19,1,27,1,29,1,31 poly=1,32,465,4083,24309,104325,334697,820840,1558934,2305681,2652837,2354925,1585138,784570,270584,58727,6325,109,2 breaks=17(dist5)
FAIL n=32 alpha=17 par=0,1,2,3,4,3,6,3,8,3,10,2,12,13,12,15,12,17,1,19,20,21,20,19,24,25,1,27,28,29,1,31 poly=1,32,465,4075,24111,102131,320253,757668,1364702,1872934,1944243,1500847,835489,317827,74648,8555,160,3 breaks=16(dist5)
FAIL n=32 alpha=17 par=0,1,2,3,4,3,6,3,8,3,10,2,12,13,12,15,12,17,1,19,20,21,20,19,24,25,1,27,1,29,1,31 poly=1,32,465,4078,24181,102862,324775,776142,1417260,1979782,2100709,1664675,955092,375611,91252,10721,171,3 breaks=16(dist5)
FAIL n=32 alpha=17 par=0,1,2,3,4,3,6,3,8,3,10,2,12,13,12,15,12,17,1,19,20,21,20,19,1,25,26,27,1,29,30,31 poly=1,32,465,4075,24112,102153,320465,758854,1368999,1883560,1962602,1523067,853992,327945,77929,9039,163,3 breaks=16(dist5)
FAIL n=32 alpha=17 par=0,1,2,3,4,3,6,3,8,3,10,2,12,13,12,15,12,17,1,19,20,21,20,19,1,25,26,27,1,29,1,31 poly=1,32,465,4078,24182,102884,324988,777346,1421694,1990992,2120618,1689569,976608,387875,95413,11365,175,3 breaks=16(dist5)
FAIL n=32 alpha=17 par=0,1,2,3,4,3,6,3,8,3,10,2,12,13,12,15,12,17,1,19,20,21,20,19,1,25,1,27,1,29,1,31 poly=1,32,465,4082,24274,103831,330768,800693,1487580,2124443,2316419,1896403,1130225,464136,118198,14499,192,3 breaks=16(dist5)
FAIL n=32 alpha=18 par=0,1,2,3,4,3,6,3,8,3,10,2,12,13,12,15,12,17,1,19,20,21,19,23,23,23,1,27,28,29,1,31 poly=1,32,465,4077,24164,102761,324709,778624,1433988,2038789,2235504,1876290,1186495,549331,176846,35808,3598,59,1 breaks=17(dist5)
FAIL n=32 alpha=18 par=0,1,2,3,4,3,6,3,8,3,10,2,12,13,12,15,12,17,1,19,20,21,19,23,23,23,1,27,1,29,1,31 poly=1,32,465,4080,24234,103493,329255,797349,1488066,2151585,2407808,2069453,1343923,640383,212437,44294,4543,64,1 breaks=17(dist5)
FAIL n=32 alpha=17 par=0,1,2,3,4,3,6,3,8,3,10,2,12,13,12,15,12,17,1,19,20,21,19,23,1,25,26,27,1,29,30,31 poly=1,32,465,4074,24086,101853,318430,749801,1341133,1822627,1867132,1416589,771439,285574,64864,7114,117,2 breaks=16(dist5)
FAIL n=32 alpha=17 par=0,1,2,3,4,3,6,3,8,3,10,2,12,13,12,15,12,17,1,19,20,21,19,23,1,25,26,27,1,29,1,31 poly=1,32,465,4077,24156,102584,322951,768257,1393547,1928809,2021650,1576699,886430,339789,79915,8993,127,2 breaks=16(dist5)
FAIL n=32 alpha=17 par=0,1,2,3,4,3,6,3,8,3,10,2,12,13,12,15,12,17,1,19,20,21,19,23,1,25,1,27,1,29,1,31 poly=1,32,465,4081,24248,103531,328728,791551,1459029,2060510,2212683,1775027,1030081,408637,99515,11520,141,2 breaks=16(dist5)
FAIL n=32 alpha=18 par=0,1,2,3,4,3,6,3,8,3,10,2,12,13,12,15,12,17,1,19,20,21,19,19,1,25,1,27,1,29,1,31 poly=1,32,465,4083,24297,104073,332324,807568,1509748,2178265,2416063,2036812,1278522,577921,178170,34023,3242,56,1 breaks=17(dist5)
FAIL n=32 alpha=17 par=0,1,2,3,4,3,6,3,8,3,10,2,12,13,12,15,12,17,1,19,20,21,1,23,24,25,1,27,28,29,1,31 poly=1,32,465,4076,24134,102372,321773,764087,1383794,1913868,2007845,1571713,890456,345751,82788,9451,95,1 breaks=16(dist5)
FAIL n=32 alpha=18 par=0,1,2,3,4,3,6,3,8,3,10,2,12,13,12,15,12,17,1,19,20,21,1,23,24,25,1,27,28,28,28,27 poly=1,32,465,4077,24165,102782,324900,779619,1437290,2046113,2246539,1887475,1193813,552131,177327,35811,3598,59,1 breaks=17(dist5)
FAIL n=32 alpha=17 par=0,1,2,3,4,3,6,3,8,3,10,2,12,13,12,15,12,17,1,19,20,21,1,23,24,25,1,27,28,27,1,31 poly=1,32,465,4077,24157,102607,323184,769634,1398839,1942737,2047333,1609954,916118,357225,85996,9958,133,2 breaks=16(dist5)
FAIL n=32 alpha=18 par=0,1,2,3,4,3,6,3,8,3,10,2,12,13,12,15,12,17,1,19,20,21,1,23,24,25,1,27,27,27,1,31 poly=1,32,465,4079,24208,103193,327208,788091,1458658,2083922,2293461,1927440,1215974,559250,178275,35782,3597,59,1 breaks=17(dist5)
FAIL n=32 alpha=18 par=0,1,2,3,4,3,6,3,8,3,10,2,12,13,12,15,12,17,1,19,20,21,1,23,24,24,24,23,1,29,1,31 poly=1,32,465,4080,24235,103514,329447,798361,1491488,2159373,2419929,2082226,1352666,643904,213077,44298,4543,64,1 breaks=17(dist5)
FAIL n=32 alpha=17 par=0,1,2,3,4,3,6,3,8,3,10,2,12,13,12,15,12,17,1,19,20,21,1,23,24,23,26,23,1,29,1,31 poly=1,32,465,4079,24204,103099,326225,782024,1433973,2013983,2151637,1719607,997107,397379,98220,11837,212,4 breaks=16(dist5)
FAIL n=32 alpha=17 par=0,1,2,3,4,3,6,3,8,3,10,2,12,13,12,15,12,17,1,19,20,21,1,23,24,23,1,27,28,27,1,31 poly=1,32,465,4078,24180,102843,324615,775355,1414753,1974372,2092699,1656664,949983,373862,91174,10866,206,4 breaks=16(dist5)
FAIL n=32 alpha=17 par=0,1,2,3,4,3,6,3,8,3,10,2,12,13,12,15,12,17,1,19,20,21,1,23,24,23,1,27,1,29,1,31 poly=1,32,465,4081,24249,103554,328962,792947,1464475,2075142,2240380,1812042,1064370,429644,107197,12804,149,2 breaks=16(dist5)
FAIL n=32 alpha=18 par=0,1,2,3,4,3,6,3,8,3,10,2,12,13,12,15,12,17,1,19,20,21,1,23,23,23,1,27,1,29,1,31 poly=1,32,465,4083,24299,104120,332815,810594,1522036,2212975,2486089,2138539,1384115,654224,214541,44273,4542,64,1 breaks=17(dist5)
FAIL n=32 alpha=17 par=0,1,2,3,4,3,6,3,8,3,10,2,12,13,12,15,12,17,1,19,20,19,22,19,1,25,1,27,1,29,1,31 poly=1,32,465,4083,24295,104027,331848,804624,1497579,2142742,2340803,1920019,1146587,471974,120636,14937,228,4 breaks=16(dist5)
FAIL n=32 alpha=18 par=0,1,2,3,4,3,6,3,8,3,10,2,12,13,12,15,12,17,1,19,20,19,19,19,1,25,1,27,1,29,1,31 poly=1,32,465,4086,24370,104875,337608,830919,1582964,2346009,2700525,2393859,1605989,791098,271438,58699,6324,109,2 breaks=17(dist5)
FAIL n=32 alpha=17 par=0,1,2,3,4,3,6,3,8,3,10,2,12,13,12,15,12,17,1,19,20,19,1,23,24,23,1,27,1,29,1,31 poly=1,32,465,4082,24271,103770,330218,797782,1477501,2100413,2276091,1848715,1091291,443285,111670,13645,220,4 breaks=16(dist5)
FAIL n=32 alpha=17 par=0,1,2,3,4,3,6,3,8,3,10,2,12,13,12,15,12,17,1,19,20,19,1,23,1,25,1,27,1,29,1,31 poly=1,32,465,4086,24362,104699,335859,820525,1541767,2231130,2469147,2054329,1245306,520204,134546,16617,171,2 breaks=16(dist5)
FAIL n=32 alpha=18 par=0,1,2,3,3,2,6,6,2,9,2,11,2,13,1,15,16,15,18,15,20,15,22,1,24,25,24,27,24,29,24,31 poly=1,32,465,4085,24344,104565,335369,820028,1545382,2251483,2525156,2153897,1366786,622197,191342,35709,3205,55,1 breaks=17(dist5)
STATS n=32 trees=1774636075 failures=95 alarms=0
