FAIL n=32 alpha=17 par=0,1,2,3,4,5,6,5,8,1,10,11,12,13,12,11,16,11,18,11,20,10,22,23,22,25,22,27,22,29,1,31 poly=1,32,465,4076,24134,102362,321587,762563,1376537,1891590,1961716,1506421,828077,307298,69034,7328,121,2 breaks=16(dist5)
FAIL n=32 alpha=17 par=0,1,2,3,4,5,6,5,2,9,2,11,2,13,1,15,16,17,18,15,20,21,22,15,24,1,26,27,26,29,26,31 poly=1,32,465,4074,24089,101919,319072,753446,1354558,1856318,1925930,1487953,830471,317285,74848,8529,124,2 breaks=16(dist5)
FAIL n=32 alpha=17 par=0,1,2,3,4,5,6,5,2,9,2,11,2,13,1,15,16,17,18,15,20,21,22,1,24,25,26,27,24,29,24,31 poly=1,32,465,4072,24041,101404,315806,739808,1315035,1774759,1805099,1360323,736681,271735,61696,6805,116,2 breaks=16(dist5)
FAIL n=32 alpha=17 par=0,1,2,3,4,5,6,5,2,9,2,11,2,13,1,15,16,17,18,15,20,21,22,1,24,25,24,27,24,29,24,31 poly=1,32,465,4075,24112,102152,320444,758663,1368006,1880282,1955399,1512360,843311,321036,75237,8495,122,2 breaks=16(dist5)
FAIL n=32 alpha=17 par=0,1,2,3,4,5,6,5,2,9,2,11,2,13,1,15,16,17,18,15,20,15,22,15,24,1,26,27,28,29,26,31 poly=1,32,465,4075,24112,102154,320483,758992,1369589,1885099,1965094,1525430,854950,327575,77334,8801,132,2 breaks=16(dist5)
FAIL n=32 alpha=17 par=0,1,2,3,4,5,6,5,2,9,2,11,2,13,1,15,16,17,18,15,20,15,22,15,24,1,26,27,26,29,26,31 poly=1,32,465,4077,24160,102669,323751,772667,1409401,1967918,2089325,1658977,955402,377809,92345,10833,134,2 breaks=16(dist5)
FAIL n=32 alpha=17 par=0,1,2,3,4,5,6,5,2,9,2,11,2,13,1,15,16,17,18,15,20,15,22,1,24,25,26,27,24,29,24,31 poly=1,32,465,4074,24089,101919,319072,753445,1354542,1856211,1925537,1487080,829262,316258,74352,8419,120,2 breaks=16(dist5)
FAIL n=32 alpha=17 par=0,1,2,3,4,5,6,5,2,9,2,11,2,13,1,15,16,17,18,15,20,15,22,1,24,25,24,27,24,29,24,31 poly=1,32,465,4077,24160,102668,323732,772510,1408655,1965652,2084711,1652577,949407,374157,91019,10601,126,2 breaks=16(dist5)
FAIL n=32 alpha=17 par=0,1,2,3,4,5,6,5,2,9,2,11,2,13,1,15,16,17,18,15,20,1,22,23,22,25,22,27,22,29,22,31 poly=1,32,465,4079,24205,103118,326380,782734,1435967,2017441,2154950,1720173,994399,393832,96141,11243,146,2 breaks=16(dist5)
FAIL n=32 alpha=18 par=0,1,2,3,4,5,5,2,8,2,10,2,12,1,14,15,16,17,17,14,20,14,22,14,24,1,26,27,26,29,26,31 poly=1,32,465,4078,24188,103019,326341,785349,1452884,2075577,2284685,1919437,1208017,551540,172895,33597,3207,55,1 breaks=17(dist5)
FAIL n=32 alpha=18 par=0,1,2,3,4,5,5,2,8,2,10,2,12,1,14,15,16,17,17,14,20,14,22,1,24,25,24,27,24,29,24,31 poly=1,32,465,4078,24188,103018,326323,785209,1452262,2073823,2281395,1915268,1204480,549604,172266,33497,3203,55,1 breaks=17(dist5)
FAIL n=32 alpha=17 par=0,1,2,3,4,5,4,7,4,9,2,11,1,13,14,15,16,15,18,15,20,13,22,1,24,25,26,27,24,29,24,31 poly=1,32,465,4072,24044,101457,316210,741544,1319608,1782124,1811339,1360234,730260,264642,58108,6006,77,1 breaks=16(dist5)
FAIL n=32 alpha=17 par=0,1,2,3,4,5,4,7,4,9,2,11,1,13,14,15,16,15,18,15,20,13,22,1,24,25,24,27,24,29,24,31 poly=1,32,465,4075,24115,102203,320817,760193,1371797,1885737,1958420,1508337,833309,311572,70630,7484,80,1 breaks=16(dist5)
FAIL n=32 alpha=17 par=0,1,2,3,4,5,4,7,4,9,2,11,1,13,14,15,16,15,18,15,20,1,22,23,22,25,22,27,22,29,22,31 poly=1,32,465,4078,24184,102906,325019,776625,1416099,1970073,2072242,1615662,901325,338318,76116,7843,87,1 breaks=16(dist5)
FAIL n=32 alpha=17 par=0,1,2,3,4,5,4,7,4,9,2,11,1,13,14,15,16,15,18,13,20,21,22,1,24,25,26,27,24,29,24,31 poly=1,32,465,4070,23995,100926,312841,727594,1279876,1702322,1697569,1246225,652251,230273,49443,5069,71,1 breaks=16(dist5)
FAIL n=32 alpha=17 par=0,1,2,3,4,5,4,7,4,9,2,11,1,13,14,15,16,15,18,13,20,21,22,1,24,25,24,27,24,29,24,31 poly=1,32,465,4073,24066,101672,317442,746146,1331397,1803353,1838469,1384837,745994,271637,60156,6313,74,1 breaks=16(dist5)
FAIL n=32 alpha=17 par=0,1,2,3,4,5,4,7,4,9,2,11,1,13,14,15,16,15,18,13,20,13,22,13,24,1,26,27,26,29,26,31 poly=1,32,465,4075,24114,102189,320749,760144,1372710,1890508,1970806,1528211,853891,325053,75748,8361,90,1 breaks=16(dist5)
FAIL n=32 alpha=17 par=0,1,2,3,4,5,4,7,4,9,2,11,1,13,14,15,16,15,18,13,20,13,22,1,24,25,26,27,24,29,24,31 poly=1,32,465,4072,24043,101440,316089,741085,1318678,1781531,1813110,1365584,737227,269722,60120,6341,75,1 breaks=16(dist5)
FAIL n=32 alpha=17 par=0,1,2,3,4,5,4,7,4,9,2,11,1,13,14,15,16,15,18,13,20,13,22,1,24,25,24,27,24,29,24,31 poly=1,32,465,4075,24114,102187,320712,759845,1371314,1886324,1962372,1516602,843085,318511,73393,7957,78,1 breaks=16(dist5)
FAIL n=32 alpha=17 par=0,1,2,3,4,5,4,7,4,9,2,11,1,13,14,15,16,15,18,13,20,1,22,23,24,25,22,27,22,29,22,31 poly=1,32,465,4073,24066,101674,317481,746474,1332964,1808061,1847746,1396917,756148,276794,61516,6438,77,1 breaks=16(dist5)
FAIL n=32 alpha=17 par=0,1,2,3,4,5,4,7,4,9,2,11,1,13,14,15,16,15,18,13,20,1,22,23,22,25,22,27,22,29,22,31 poly=1,32,465,4077,24159,102636,323341,769910,1397849,1935651,2027320,1576381,880224,333030,76491,8216,84,1 breaks=16(dist5)
FAIL n=32 alpha=17 par=0,1,2,3,4,5,4,7,4,9,2,11,1,13,14,15,16,13,18,19,20,13,22,13,24,1,26,27,26,29,26,31 poly=1,32,465,4074,24089,101913,318967,752637,1350935,1845847,1905468,1460491,805380,302251,69426,7570,85,1 breaks=16(dist5)
FAIL n=32 alpha=17 par=0,1,2,3,4,5,4,7,4,9,2,11,1,13,14,15,16,13,18,19,20,13,22,1,24,25,26,27,24,29,24,31 poly=1,32,465,4071,24018,101164,314309,733613,1297164,1737960,1750588,1302544,693733,250275,55074,5764,72,1 breaks=16(dist5)
FAIL n=32 alpha=17 par=0,1,2,3,4,5,4,7,4,9,2,11,1,13,14,15,16,13,18,19,20,13,22,1,24,25,24,27,24,29,24,31 poly=1,32,465,4074,24089,101911,318929,752323,1349446,1841353,1896438,1448247,794306,295840,67259,7227,75,1 breaks=16(dist5)
FAIL n=32 alpha=17 par=0,1,2,3,4,5,4,7,4,9,2,11,1,13,14,15,16,13,18,19,20,1,22,23,24,25,22,27,22,29,22,31 poly=1,32,465,4072,24041,101398,315699,738970,1311235,1763695,1783452,1331443,710660,256488,56356,5885,75,1 breaks=16(dist5)
FAIL n=32 alpha=17 par=0,1,2,3,4,5,4,7,4,9,2,11,1,13,14,15,16,13,18,19,20,1,22,23,22,25,22,27,22,29,22,31 poly=1,32,465,4076,24134,102360,321555,762341,1375670,1889536,1958815,1504404,828328,308881,70086,7505,82,1 breaks=16(dist5)
FAIL n=32 alpha=17 par=0,1,2,3,4,5,4,7,4,9,2,11,1,13,14,15,16,13,18,13,20,13,22,13,24,1,26,27,26,29,26,31 poly=1,32,465,4078,24182,102877,324864,776373,1417230,1977705,2093758,1652142,940998,365588,86974,9772,96,1 breaks=16(dist5)
FAIL n=32 alpha=17 par=0,1,2,3,4,5,4,7,4,9,2,11,1,13,14,15,16,13,18,13,20,13,22,1,24,25,26,27,24,29,24,31 poly=1,32,465,4074,24089,101912,318948,752479,1350175,1843499,1900589,1453571,798748,298122,67900,7302,77,1 breaks=16(dist5)
FAIL n=32 alpha=17 par=0,1,2,3,4,5,4,7,4,9,2,11,1,13,14,15,16,13,18,13,20,13,22,1,24,25,24,27,24,29,24,31 poly=1,32,465,4077,24160,102660,323592,771429,1403787,1951452,2056608,1614277,913821,352484,83110,9212,80,1 breaks=16(dist5)
FAIL n=32 alpha=17 par=0,1,2,3,4,5,4,7,4,9,2,11,1,13,14,15,16,13,18,13,20,1,22,23,24,23,22,27,22,29,22,31 poly=1,32,465,4075,24112,102147,320361,758060,1365469,1873402,1942765,1496354,829405,313055,72495,8073,127,2 breaks=16(dist5)
FAIL n=32 alpha=17 par=0,1,2,3,4,5,4,7,4,9,2,11,1,13,14,15,16,13,18,13,20,1,22,23,22,25,22,27,22,29,22,31 poly=1,32,465,4078,24182,102875,324827,776074,1415834,1973521,2085324,1640533,930192,359046,84619,9368,84,1 breaks=16(dist5)
FAIL n=32 alpha=17 par=0,1,2,3,4,5,2,7,8,7,2,11,1,13,14,15,16,13,18,13,20,13,22,1,24,25,26,27,24,29,24,31 poly=1,32,465,4074,24087,101877,318683,751347,1347214,1838782,1896689,1453800,803003,302751,70279,7879,123,2 breaks=16(dist5)
FAIL n=32 alpha=17 par=0,1,2,3,4,5,2,7,8,7,2,11,1,13,14,15,16,13,18,13,20,13,22,1,24,25,24,27,24,29,24,31 poly=1,32,465,4077,24158,102626,323342,770393,1401173,1947530,2053952,1615932,919345,357978,85883,9878,129,2 breaks=16(dist5)
FAIL n=32 alpha=17 par=0,1,2,3,4,5,2,7,8,7,2,11,1,13,14,15,16,13,18,13,20,1,22,23,22,25,22,27,22,29,22,31 poly=1,32,465,4078,24180,102841,324576,775024,1413137,1969328,2082140,1641574,935331,364471,87449,10066,137,2 breaks=16(dist5)
STATS n=32 trees=1747047558 failures=34 alarms=0
