FAIL n=32 alpha=17 par=0,1,2,3,4,5,6,7,4,9,4,11,3,13,14,15,16,13,18,13,20,2,22,2,24,1,26,27,28,29,30,31 poly=1,32,465,4070,23992,100868,312346,725130,1271911,1684701,1670185,1216077,628954,218088,45512,4465,66,1 breaks=16(dist5)
FAIL n=32 alpha=17 par=0,1,2,3,4,5,6,5,8,5,10,3,12,2,14,15,16,17,14,19,14,21,1,23,24,25,26,27,1,29,1,31 poly=1,32,465,4071,24018,101162,314269,733265,1295429,1732467,1739040,1286206,678364,241071,51903,5285,71,1 breaks=16(dist5)
FAIL n=32 alpha=18 par=0,1,2,3,4,5,5,5,4,9,2,11,2,13,1,15,16,17,18,15,20,15,22,1,24,25,24,27,24,29,24,31 poly=1,32,465,4077,24166,102800,325043,780279,1439243,2049948,2251485,1891349,1195097,551560,176555,35502,3548,57,1 breaks=17(dist5)
FAIL n=32 alpha=18 par=0,1,2,3,4,4,4,3,2,9,2,11,2,13,1,15,16,15,18,15,20,15,22,15,24,1,26,27,26,29,26,31 poly=1,32,465,4084,24328,104479,335379,822528,1560577,2302329,2637249,2325604,1551616,759766,258856,55393,5814,71,1 breaks=17(dist5)
FAIL n=32 alpha=18 par=0,1,2,3,4,4,4,3,2,9,2,11,2,13,1,15,16,15,18,15,20,15,22,1,24,25,24,27,24,29,24,31 poly=1,32,465,4083,24306,104263,334121,817664,1547357,2276275,2599442,2285067,1519748,741788,251883,53683,5594,63,1 breaks=17(dist5)
FAIL n=32 alpha=18 par=0,1,2,3,4,4,3,7,3,9,3,11,3,13,2,15,16,15,18,15,20,15,22,1,24,25,26,26,1,29,1,31 poly=1,32,465,4082,24277,103898,331444,804782,1504130,2171715,2414171,2043871,1291316,588452,182633,34761,3210,55,1 breaks=17(dist5)
FAIL n=32 alpha=18 par=0,1,2,3,4,4,3,7,3,9,3,11,3,13,2,15,16,15,18,15,20,15,22,1,24,25,25,24,1,29,1,31 poly=1,32,465,4083,24300,104132,332843,810280,1519142,2200985,2455305,2085300,1320582,602347,186741,35419,3254,56,1 breaks=17(dist5)
FAIL n=32 alpha=18 par=0,1,2,3,4,4,3,7,3,9,3,11,3,13,2,15,16,15,18,15,20,1,22,23,24,24,1,27,1,29,1,31 poly=1,32,465,4082,24277,103899,331462,804922,1504755,2173496,2417561,2048235,1295064,590508,183290,34861,3214,55,1 breaks=17(dist5)
FAIL n=32 alpha=18 par=0,1,2,3,4,4,3,7,3,9,3,11,3,13,2,15,16,15,18,15,20,1,22,23,23,22,1,27,1,29,1,31 poly=1,32,465,4083,24299,104113,332685,809515,1516736,2195814,2447551,2077188,1314778,599634,185984,35315,3250,56,1 breaks=17(dist5)
FAIL n=32 alpha=18 par=0,1,2,3,4,4,3,7,3,9,3,11,2,13,14,13,16,13,18,13,20,1,22,23,24,24,1,27,1,29,1,31 poly=1,32,465,4081,24256,103703,330384,801022,1494959,2155949,2394937,2027350,1281553,584649,181728,34649,3206,55,1 breaks=17(dist5)
FAIL n=32 alpha=18 par=0,1,2,3,4,4,3,7,3,9,3,11,2,13,14,13,16,13,18,13,20,1,22,23,23,22,1,27,1,29,1,31 poly=1,32,465,4082,24278,103917,331606,805603,1506877,2178077,2424564,2055847,1300890,593577,184362,35095,3242,56,1 breaks=17(dist5)
STATS n=32 trees=1662686465 failures=11 alarms=0
