FAIL n=32 alpha=17 par=0,1,2,3,4,5,6,5,8,3,10,2,12,13,12,15,12,17,12,19,12,21,1,23,24,25,26,27,24,29,1,31 poly=1,32,465,4075,24110,102105,319963,755817,1357135,1852017,1904171,1447419,786666,288481,64016,6659,79,1 breaks=16(dist5)
FAIL n=32 alpha=17 par=0,1,2,3,4,5,6,5,8,3,10,2,12,13,12,15,12,17,12,19,12,21,1,23,24,25,26,27,1,29,30,31 poly=1,32,465,4074,24085,101828,318158,748093,1334233,1803753,1831399,1369703,729607,261359,56619,5799,75,1 breaks=16(dist5)
FAIL n=32 alpha=17 par=0,1,2,3,4,5,6,5,8,3,10,2,12,13,12,15,12,17,12,19,12,21,1,23,24,25,26,27,1,29,1,31 poly=1,32,465,4076,24133,102343,321426,761760,1373927,1885830,1953024,1497645,822486,305309,68701,7245,78,1 breaks=16(dist5)
FAIL n=32 alpha=17 par=0,1,2,3,4,5,6,5,8,3,10,2,12,13,12,15,12,17,12,19,12,21,1,23,24,25,26,25,1,29,1,31 poly=1,32,465,4077,24159,102643,323464,770865,1402181,1948404,2052841,1611616,913451,353614,84162,9609,138,2 breaks=16(dist5)
FAIL n=32 alpha=17 par=0,1,2,3,4,5,6,5,8,3,10,2,12,13,12,15,12,17,12,19,1,21,22,23,24,25,24,27,1,29,1,31 poly=1,32,465,4073,24065,101653,317279,745307,1328502,1796292,1826015,1368939,731610,262869,56924,5769,74,1 breaks=16(dist5)
FAIL n=32 alpha=17 par=0,1,2,3,4,5,6,5,8,3,10,2,12,13,12,15,12,17,12,19,1,21,22,23,24,25,22,27,1,29,30,31 poly=1,32,465,4071,24017,101141,314072,732180,1291550,1723068,1723396,1268480,665145,235038,50463,5169,71,1 breaks=16(dist5)
FAIL n=32 alpha=17 par=0,1,2,3,4,5,6,5,8,3,10,2,12,13,12,15,12,17,12,19,1,21,22,23,24,25,22,27,1,29,1,31 poly=1,32,465,4073,24065,101656,317338,745813,1330998,1804150,1842542,1392484,754056,276571,61760,6522,77,1 breaks=16(dist5)
FAIL n=32 alpha=17 par=0,1,2,3,4,5,6,5,8,3,10,2,12,13,12,15,12,17,12,19,1,21,22,23,24,25,1,27,28,29,28,31 poly=1,32,465,4071,24017,101140,314051,731990,1290572,1719890,1716580,1258722,655975,229668,48718,4934,69,1 breaks=16(dist5)
FAIL n=32 alpha=17 par=0,1,2,3,4,5,6,5,8,3,10,2,12,13,12,15,12,17,12,19,1,21,22,23,24,25,1,27,28,29,1,31 poly=1,32,465,4072,24040,101379,315536,738136,1308410,1757059,1772457,1318638,700417,251134,54703,5649,71,1 breaks=16(dist5)
FAIL n=32 alpha=17 par=0,1,2,3,4,5,6,5,8,3,10,2,12,13,12,15,12,17,12,19,1,21,22,23,24,25,1,27,1,29,1,31 poly=1,32,465,4075,24111,102128,320193,757145,1362076,1864493,1926031,1474043,808797,300471,67841,7205,78,1 breaks=16(dist5)
FAIL n=32 alpha=17 par=0,1,2,3,4,5,6,5,8,3,10,2,12,13,12,15,12,17,12,19,1,21,22,23,24,23,22,27,1,29,1,31 poly=1,32,465,4074,24090,101933,319141,753509,1353741,1851956,1914692,1470224,812524,305852,70653,7846,121,2 breaks=16(dist5)
FAIL n=32 alpha=17 par=0,1,2,3,4,5,6,5,8,3,10,2,12,13,12,15,12,17,12,19,1,21,22,23,24,23,1,27,28,29,1,31 poly=1,32,465,4073,24066,101679,317570,747172,1336150,1817459,1866510,1422657,780173,291478,66907,7408,118,2 breaks=16(dist5)
FAIL n=32 alpha=17 par=0,1,2,3,4,5,6,5,8,3,10,2,12,13,12,15,12,17,12,19,1,21,22,23,24,23,1,27,1,29,1,31 poly=1,32,465,4076,24137,102428,322229,766217,1390095,1926116,2023431,1584001,895391,345741,82059,9321,126,2 breaks=16(dist5)
FAIL n=32 alpha=17 par=0,1,2,3,4,5,6,5,8,3,10,1,12,13,14,15,16,13,18,13,20,13,22,12,24,25,24,27,24,29,24,31 poly=1,32,465,4075,24112,102144,320298,757486,1362468,1863392,1920428,1462474,794797,290159,63537,6421,78,1 breaks=16(dist5)
FAIL n=32 alpha=17 par=0,1,2,3,4,5,6,5,8,3,10,1,12,13,14,15,16,13,18,13,20,12,22,23,22,25,22,27,22,29,1,31 poly=1,32,465,4073,24065,101655,317320,745668,1330310,1802022,1838062,1385988,747656,272475,60224,6266,77,1 breaks=16(dist5)
FAIL n=32 alpha=17 par=0,1,2,3,4,5,6,3,8,9,10,3,12,3,14,2,16,17,16,19,16,21,16,23,1,25,26,27,28,29,1,31 poly=1,32,465,4074,24086,101854,318448,749938,1341705,1824032,1869079,1417621,770394,283389,63361,6677,79,1 breaks=16(dist5)
FAIL n=32 alpha=17 par=0,1,2,3,4,5,6,3,8,9,10,3,12,3,14,2,16,17,16,19,16,21,1,23,24,25,26,27,1,29,1,31 poly=1,32,465,4073,24063,101620,317057,744566,1327541,1797990,1835647,1388195,753420,277560,62421,6657,79,1 breaks=16(dist5)
FAIL n=32 alpha=18 par=0,1,2,3,4,4,3,2,8,8,2,11,2,13,1,15,16,15,18,15,20,15,22,1,24,25,24,27,24,29,24,31 poly=1,32,465,4082,24278,103918,331623,805729,1507417,2179566,2427334,2059379,1303950,595313,184955,35195,3246,56,1 breaks=17(dist5)
STATS n=32 trees=1721150264 failures=18 alarms=0
