FAIL n=32 alpha=17 par=0,1,2,3,4,5,6,5,8,5,2,11,2,13,1,15,16,17,18,15,20,15,22,1,24,25,24,27,24,29,24,31 poly=1,32,465,4076,24139,102470,322624,768413,1398119,1946371,2059528,1629512,935313,369116,90450,10850,205,4 breaks=16(dist5)
FAIL n=32 alpha=17 par=0,1,2,3,4,5,6,5,4,9,4,11,2,13,1,15,16,17,18,15,20,15,22,1,24,25,24,27,24,29,24,31 poly=1,32,465,4075,24113,102166,320522,758862,1368076,1879205,1951787,1506146,836667,316547,73462,8181,123,2 breaks=16(dist5)
FAIL n=32 alpha=17 par=0,1,2,3,4,5,4,7,2,9,10,11,2,13,1,15,16,17,18,17,20,15,22,15,24,1,26,27,26,29,26,31 poly=1,32,465,4072,24042,101424,315985,740756,1318338,1782700,1818500,1376109,749279,278091,63405,6909,79,1 breaks=16(dist5)
FAIL n=32 alpha=17 par=0,1,2,3,4,5,4,7,2,9,10,11,2,13,1,15,16,17,18,17,20,15,22,1,24,25,24,27,24,29,24,31 poly=1,32,465,4073,24065,101657,317357,745973,1331785,1806655,1847934,1400432,761976,281675,63680,6842,77,1 breaks=16(dist5)
FAIL n=32 alpha=17 par=0,1,2,3,4,5,4,7,2,9,10,11,2,13,1,15,16,17,18,15,20,21,22,15,24,1,26,27,26,29,26,31 poly=1,32,465,4071,24017,101148,314205,733285,1296834,1739165,1756019,1312991,705478,258241,58111,6272,76,1 breaks=16(dist5)
FAIL n=32 alpha=17 par=0,1,2,3,4,5,4,7,2,9,10,11,2,13,1,15,16,17,18,15,20,21,22,1,24,25,24,27,24,29,24,31 poly=1,32,465,4072,24040,101381,315575,738470,1310067,1762339,1783756,1335084,716486,261213,58368,6241,75,1 breaks=16(dist5)
FAIL n=32 alpha=17 par=0,1,2,3,4,5,4,7,2,9,10,11,2,13,1,15,16,17,18,15,20,15,22,15,24,1,26,27,28,29,26,31 poly=1,32,465,4072,24040,101383,315614,738799,1311646,1767106,1793197,1347475,727093,266860,60056,6464,80,1 breaks=16(dist5)
FAIL n=32 alpha=17 par=0,1,2,3,4,5,4,7,2,9,10,11,2,13,1,15,16,17,18,15,20,15,22,15,24,1,26,27,26,29,26,31 poly=1,32,465,4074,24088,101897,318860,752263,1350302,1845928,1908317,1467142,813569,308177,71805,7974,81,1 breaks=16(dist5)
FAIL n=32 alpha=17 par=0,1,2,3,4,5,4,7,2,9,10,11,2,13,1,15,16,17,18,15,20,15,22,1,24,25,26,27,24,29,24,31 poly=1,32,465,4071,24017,101148,314205,733284,1296818,1739058,1755628,1312136,704330,257313,57694,6189,74,1 breaks=16(dist5)
FAIL n=32 alpha=17 par=0,1,2,3,4,5,4,7,2,9,10,11,2,13,1,15,16,17,18,15,20,15,22,1,24,25,24,27,24,29,24,31 poly=1,32,465,4074,24088,101896,318841,752106,1349558,1843686,1903822,1461060,808072,304987,70720,7802,77,1 breaks=16(dist5)
FAIL n=32 alpha=17 par=0,1,2,3,4,5,4,7,2,9,10,11,2,13,1,15,16,17,18,15,20,1,22,23,22,25,22,27,22,29,22,31 poly=1,32,465,4076,24133,102346,321485,762268,1376458,1893934,1970484,1523310,847915,321568,74770,8263,87,1 breaks=16(dist5)
FAIL n=32 alpha=18 par=0,1,2,3,4,4,1,7,8,9,8,11,8,13,8,15,7,17,18,17,20,17,22,17,24,7,26,26,1,29,1,31 poly=1,32,465,4080,24227,103350,327938,790118,1461710,2084428,2285216,1908047,1191957,540714,169255,33192,3247,56,1 breaks=17(dist5)
FAIL n=32 alpha=18 par=0,1,2,3,4,4,1,7,8,9,8,11,8,13,8,15,7,17,18,17,20,17,22,17,24,1,26,27,27,26,1,31 poly=1,32,465,4079,24211,103251,327700,790510,1466310,2100194,2316880,1949447,1227700,560379,175479,34042,3243,56,1 breaks=17(dist5)
FAIL n=32 alpha=18 par=0,1,2,3,4,4,1,7,8,9,8,11,8,13,8,15,7,17,18,17,20,17,22,17,24,1,26,26,1,29,1,31 poly=1,32,465,4081,24256,103703,330383,801006,1494849,2155519,2393878,2025639,1279732,583410,181231,34553,3202,55,1 breaks=17(dist5)
FAIL n=32 alpha=18 par=0,1,2,3,4,4,1,7,8,9,8,11,8,13,8,15,7,17,18,17,20,17,22,7,24,24,1,27,1,29,1,31 poly=1,32,465,4080,24227,103351,327956,790259,1462345,2086252,2288710,1912566,1195851,542855,169940,33296,3251,56,1 breaks=17(dist5)
FAIL n=32 alpha=18 par=0,1,2,3,4,4,1,7,8,9,8,11,8,13,8,15,7,17,18,17,20,17,22,1,24,25,25,24,1,29,1,31 poly=1,32,465,4079,24210,103233,327560,789889,1464568,2096966,2312888,1946210,1226066,559919,175422,34040,3243,56,1 breaks=17(dist5)
FAIL n=32 alpha=18 par=0,1,2,3,4,4,1,7,8,9,8,11,8,13,8,15,7,17,18,17,20,17,22,1,24,24,1,27,1,29,1,31 poly=1,32,465,4082,24277,103900,331478,805033,1505195,2174598,2419376,2050211,1296449,591090,183414,34869,3214,55,1 breaks=17(dist5)
STATS n=32 trees=1717849719 failures=17 alarms=0
