FAIL n=32 alpha=17 par=0,1,2,3,4,5,6,7,2,9,2,11,1,13,14,15,16,17,18,13,20,13,22,1,24,25,26,27,24,29,24,31 poly=1,32,465,4070,23992,100868,312346,725132,1271943,1684917,1670987,1217869,631425,220145,46458,4648,65,1 breaks=16(dist5)
FAIL n=32 alpha=17 par=0,1,2,3,4,5,6,7,2,9,2,11,1,13,14,15,16,17,18,13,20,13,22,1,24,25,24,27,24,29,24,31 poly=1,32,465,4073,24063,101616,316979,743902,1324292,1787869,1814668,1358887,726175,261431,56918,5818,68,1 breaks=16(dist5)
FAIL n=32 alpha=17 par=0,1,2,3,4,5,6,7,2,9,2,11,1,13,14,15,16,17,18,13,20,1,22,23,24,25,22,27,22,29,22,31 poly=1,32,465,4071,24015,101103,313754,730630,1286644,1712421,1707093,1250662,651336,227716,48051,4792,69,1 breaks=16(dist5)
FAIL n=32 alpha=17 par=0,1,2,3,4,5,6,7,2,9,2,11,1,13,14,15,16,17,18,13,20,1,22,23,22,25,22,27,22,29,22,31 poly=1,32,465,4075,24108,102066,319621,754032,1350967,1837207,1879005,1417260,761815,275167,59880,6098,76,1 breaks=16(dist5)
FAIL n=32 alpha=17 par=0,1,2,3,4,5,4,7,4,9,1,11,12,13,14,11,16,17,18,11,20,21,22,1,24,25,24,27,24,29,24,31 poly=1,32,465,4073,24065,101651,317247,745088,1327667,1794375,1823402,1367176,731764,264060,57712,5942,76,1 breaks=16(dist5)
FAIL n=32 alpha=17 par=0,1,2,3,4,5,4,7,4,9,1,11,12,13,14,11,16,17,18,11,20,11,22,1,24,25,24,27,24,29,24,31 poly=1,32,465,4076,24136,102400,321909,764174,1381837,1903652,1981119,1528485,845416,316182,71611,7576,84,1 breaks=16(dist5)
FAIL n=32 alpha=17 par=0,1,2,3,4,5,4,7,4,9,1,11,12,13,14,11,16,17,18,11,20,1,22,23,24,25,22,27,22,29,22,31 poly=1,32,465,4073,24065,101652,317266,745243,1328380,1796414,1827159,1371622,734994,265336,57899,5931,75,1 breaks=16(dist5)
FAIL n=32 alpha=17 par=0,1,2,3,4,5,4,7,4,9,1,11,12,13,14,11,16,17,18,11,20,1,22,23,22,25,22,27,22,29,22,31 poly=1,32,465,4077,24158,102614,323125,768662,1393137,1923447,2005201,1548343,855891,319284,71951,7551,82,1 breaks=16(dist5)
FAIL n=32 alpha=17 par=0,1,2,3,4,5,4,7,4,9,1,11,12,13,14,11,16,11,18,11,20,11,22,1,24,25,24,27,24,29,24,31 poly=1,32,465,4080,24229,103364,327812,788003,1448739,2037707,2174259,1726845,986718,382205,89686,9767,95,1 breaks=16(dist5)
FAIL n=32 alpha=17 par=0,1,2,3,4,5,4,7,4,9,1,11,12,13,14,11,16,11,18,11,20,1,22,23,24,25,22,27,22,29,22,31 poly=1,32,465,4076,24136,102400,321909,764173,1381822,1903557,1980784,1527761,844429,315348,71206,7484,80,1 breaks=16(dist5)
FAIL n=32 alpha=17 par=0,1,2,3,4,5,4,7,4,9,1,11,12,13,14,11,16,11,18,11,20,1,22,23,22,25,22,27,22,29,22,31 poly=1,32,465,4080,24229,103363,327794,787861,1448089,2035788,2170430,1721602,981837,379230,88596,9571,87,1 breaks=16(dist5)
FAIL n=32 alpha=18 par=0,1,2,3,4,4,4,3,8,3,10,3,12,3,14,2,16,17,16,19,16,21,16,23,1,25,26,27,26,29,1,31 poly=1,32,465,4082,24276,103877,331258,803869,1501435,2167072,2410947,2048309,1305626,606030,194616,39220,3926,60,1 breaks=17(dist5)
FAIL n=32 alpha=18 par=0,1,2,3,4,4,4,3,8,3,10,3,12,3,14,2,16,17,16,19,16,21,16,23,1,25,26,27,1,29,30,31 poly=1,32,465,4081,24251,103601,329467,796218,1478661,2118429,2335461,1963237,1236864,567221,180055,35931,3583,58,1 breaks=17(dist5)
FAIL n=32 alpha=18 par=0,1,2,3,4,4,4,3,8,3,10,3,12,3,14,2,16,17,16,19,16,21,16,23,1,25,26,27,1,29,1,31 poly=1,32,465,4083,24299,104118,332780,810326,1520845,2209552,2479395,2129429,1375450,648526,212024,43572,4438,60,1 breaks=17(dist5)
FAIL n=32 alpha=18 par=0,1,2,3,4,4,4,3,8,3,10,3,12,3,14,2,16,17,16,19,16,21,1,23,24,25,24,27,1,29,1,31 poly=1,32,465,4081,24253,103644,329879,798545,1487288,2140529,2375529,2014986,1284113,597041,192504,39072,3959,62,1 breaks=17(dist5)
FAIL n=32 alpha=18 par=0,1,2,3,4,4,4,3,8,3,10,3,12,3,14,2,16,17,16,19,16,21,1,23,24,25,1,27,28,29,1,31 poly=1,32,465,4080,24228,103368,328090,790926,1464728,2092681,2301856,1932536,1217729,559501,178268,35780,3597,59,1 breaks=17(dist5)
FAIL n=32 alpha=18 par=0,1,2,3,4,4,4,3,8,3,10,3,12,3,14,2,16,17,16,19,16,21,1,23,24,25,1,27,1,29,1,31 poly=1,32,465,4083,24299,104119,332799,810483,1521596,2211873,2484274,2136563,1382730,653642,214417,44265,4542,64,1 breaks=17(dist5)
STATS n=32 trees=1635166401 failures=17 alarms=0
