FAIL n=32 alpha=17 par=0,1,2,3,4,5,6,7,6,9,4,11,4,13,3,15,16,15,18,15,20,15,22,2,24,1,26,27,28,29,30,31 poly=1,32,465,4072,24040,101378,315515,737941,1307358,1753411,1763961,1305174,686073,241297,50778,4954,69,1 breaks=16(dist5)
FAIL n=32 alpha=18 par=0,1,2,3,4,5,6,6,6,5,2,11,2,13,1,15,16,17,18,15,20,15,22,1,24,25,24,27,24,29,24,31 poly=1,32,465,4077,24167,102820,325217,781149,1442023,2055907,2260208,1900022,1200777,553847,177044,35541,3549,57,1 breaks=17(dist5)
FAIL n=32 alpha=17 par=0,1,2,3,4,5,2,7,2,9,2,11,2,13,1,15,16,17,18,15,20,15,22,15,24,1,26,27,28,29,26,31 poly=1,32,465,4078,24179,102822,324418,774260,1410733,1964113,2074087,1632581,928062,360298,85832,9687,95,1 breaks=16(dist5)
FAIL n=32 alpha=17 par=0,1,2,3,4,5,2,7,2,9,2,11,2,13,1,15,16,17,18,15,20,15,22,15,24,1,26,27,26,29,26,31 poly=1,32,465,4080,24227,103338,327707,788126,1451534,2050169,2205342,1776398,1038534,416788,103102,12076,96,1 breaks=16(dist5)
FAIL n=32 alpha=17 par=0,1,2,3,4,5,2,7,2,9,2,11,2,13,1,15,16,17,18,15,20,15,22,1,24,25,26,27,24,29,24,31 poly=1,32,465,4077,24156,102587,323005,768685,1395518,1934660,2033363,1592712,901156,348436,82759,9322,89,1 breaks=16(dist5)
FAIL n=32 alpha=17 par=0,1,2,3,4,5,2,7,2,9,2,11,2,13,1,15,16,17,18,15,20,15,22,1,24,25,24,27,24,29,24,31 poly=1,32,465,4080,24227,103337,327688,787969,1450786,2047883,2200644,1769807,1032288,412951,101713,11844,92,1 breaks=16(dist5)
FAIL n=32 alpha=17 par=0,1,2,3,4,5,2,7,2,9,2,11,2,13,1,15,16,17,18,15,20,1,22,23,22,25,22,27,22,29,22,31 poly=1,32,465,4082,24272,103787,330340,798247,1478412,2100702,2272972,1840089,1079416,433573,106988,12455,102,1 breaks=16(dist5)
FAIL n=32 alpha=18 par=0,1,2,3,4,4,2,1,8,9,10,9,12,9,14,9,16,8,18,19,18,21,18,23,18,25,1,27,1,29,1,31 poly=1,32,465,4081,24255,103680,330150,799626,1489513,2141317,2367240,1990335,1247264,563642,174046,33365,3198,55,1 breaks=17(dist5)
FAIL n=32 alpha=18 par=0,1,2,3,4,4,2,1,8,9,10,9,12,9,14,9,16,8,18,19,18,21,18,23,1,25,1,27,1,29,1,31 poly=1,32,465,4082,24276,103877,331244,803637,1499749,2159966,2391679,2013196,1262160,570083,175732,33585,3206,55,1 breaks=17(dist5)
FAIL n=32 alpha=18 par=0,1,2,3,3,2,6,6,2,9,2,11,2,13,2,15,1,17,18,17,20,17,22,17,24,1,26,27,26,29,26,31 poly=1,32,465,4087,24385,104941,337415,827400,1563935,2284952,2568791,2194738,1393603,633989,194518,36141,3221,55,1 breaks=17(dist5)
STATS n=32 trees=1742847853 failures=10 alarms=0
