FAIL n=32 alpha=17 par=0,1,2,3,4,5,6,5,2,9,2,11,1,13,14,15,16,13,18,19,20,13,22,1,24,25,26,27,24,29,24,31 poly=1,32,465,4071,24018,101170,314418,734481,1301155,1749700,1773699,1333437,721518,266482,60716,6729,114,2 breaks=16(dist5)
FAIL n=32 alpha=17 par=0,1,2,3,4,5,6,5,2,9,2,11,1,13,14,15,16,13,18,19,20,13,22,1,24,25,24,27,24,29,24,31 poly=1,32,465,4074,24089,101918,319054,753305,1353924,1854503,1922467,1483482,826599,315117,74127,8413,120,2 breaks=16(dist5)
FAIL n=32 alpha=17 par=0,1,2,3,4,5,6,5,2,9,2,11,1,13,14,15,16,13,18,13,20,13,22,1,24,25,26,27,24,29,24,31 poly=1,32,465,4074,24089,101919,319073,753461,1354652,1856639,1926579,1488732,830976,317390,74793,8503,124,2 breaks=16(dist5)
FAIL n=32 alpha=17 par=0,1,2,3,4,5,6,5,2,9,2,11,1,13,14,15,16,13,18,13,20,13,22,1,24,25,24,27,24,29,24,31 poly=1,32,465,4077,24160,102668,323733,772526,1408765,1966082,2085770,1654288,951228,375396,91516,10697,130,2 breaks=16(dist5)
FAIL n=32 alpha=17 par=0,1,2,3,4,5,6,5,2,9,2,11,1,13,14,15,16,13,18,13,20,1,22,23,22,25,22,27,22,29,22,31 poly=1,32,465,4078,24182,102883,324967,777158,1420741,1987940,2114121,1680192,967467,382030,93122,10889,138,2 breaks=16(dist5)
FAIL n=32 alpha=17 par=0,1,2,3,4,5,6,1,8,9,10,11,12,1,14,15,16,15,18,15,20,15,22,15,24,14,26,27,26,29,26,31 poly=1,32,465,4075,24108,102065,319601,753859,1350113,1834542,1873528,1409816,755333,271858,59100,6078,76,1 breaks=16(dist5)
FAIL n=32 alpha=17 par=0,1,2,3,4,5,6,1,8,9,10,11,12,1,14,15,16,15,18,15,20,15,22,14,24,25,24,27,24,29,24,31 poly=1,32,465,4074,24086,101849,318350,749101,1337600,1811223,1842517,1380617,736340,263731,57018,5818,68,1 breaks=16(dist5)
FAIL n=32 alpha=17 par=0,1,2,3,4,5,6,1,8,9,10,11,12,1,14,15,16,15,18,15,20,15,22,14,24,25,24,27,24,29,1,31 poly=1,32,465,4073,24063,101616,316979,743903,1324308,1787978,1815084,1359865,727632,262782,57640,5998,76,1 breaks=16(dist5)
FAIL n=32 alpha=17 par=0,1,2,3,4,5,4,7,4,9,2,11,12,13,1,15,16,17,18,17,20,15,22,15,24,1,26,27,26,29,26,31 poly=1,32,465,4072,24043,101439,316069,740915,1317872,1779183,1808767,1360549,733851,268768,60285,6474,80,1 breaks=16(dist5)
FAIL n=32 alpha=17 par=0,1,2,3,4,5,4,7,4,9,2,11,12,13,1,15,16,17,18,17,20,15,22,1,24,25,24,27,24,29,24,31 poly=1,32,465,4073,24066,101672,317442,746147,1331412,1803448,1838804,1385561,746981,272471,60561,6405,78,1 breaks=16(dist5)
FAIL n=32 alpha=17 par=0,1,2,3,4,5,4,7,4,9,2,11,12,13,1,15,16,17,18,15,20,21,22,1,24,25,24,27,24,29,24,31 poly=1,32,465,4072,24041,101396,315660,738643,1309685,1759107,1774634,1320405,701942,252497,55500,5850,76,1 breaks=16(dist5)
FAIL n=32 alpha=17 par=0,1,2,3,4,5,4,7,4,9,2,11,12,13,1,15,16,17,18,15,20,15,22,15,24,1,26,27,26,29,26,31 poly=1,32,465,4074,24089,101911,318928,752309,1349368,1841139,1896191,1448411,795226,297094,68066,7445,82,1 breaks=16(dist5)
FAIL n=32 alpha=17 par=0,1,2,3,4,5,4,7,4,9,2,11,12,13,1,15,16,17,18,15,20,15,22,1,24,25,26,27,24,29,24,31 poly=1,32,465,4071,24018,101163,314289,733442,1296343,1735518,1745918,1296806,689387,248474,54808,5797,75,1 breaks=16(dist5)
FAIL n=32 alpha=17 par=0,1,2,3,4,5,4,7,4,9,2,11,12,13,1,15,16,17,18,15,20,15,22,1,24,25,24,27,24,29,24,31 poly=1,32,465,4074,24089,101910,318909,752152,1348623,1838886,1891647,1442215,789581,293799,66945,7269,78,1 breaks=16(dist5)
FAIL n=32 alpha=17 par=0,1,2,3,4,5,4,3,8,3,10,2,12,13,12,15,12,17,12,19,12,21,1,23,24,25,1,27,28,29,1,31 poly=1,32,465,4078,24180,102841,324577,775042,1413276,1969937,2083818,1644602,938921,367177,88635,10305,143,2 breaks=16(dist5)
FAIL n=32 alpha=17 par=0,1,2,3,4,5,4,3,8,3,10,2,12,13,12,15,12,17,12,19,12,21,1,23,24,25,1,27,1,29,1,31 poly=1,32,465,4081,24251,103592,329281,794515,1469504,2086218,2257506,1830666,1078357,436574,109250,13088,153,2 breaks=16(dist5)
FAIL n=32 alpha=18 par=0,1,2,3,4,4,4,1,8,9,10,9,12,9,14,9,16,9,18,8,20,21,20,23,20,25,20,27,1,29,1,31 poly=1,32,465,4083,24307,104284,334315,818715,1551108,2285632,2616255,2307055,1540534,755626,258037,55338,5813,71,1 breaks=17(dist5)
FAIL n=32 alpha=18 par=0,1,2,3,4,4,4,1,8,9,10,9,12,9,14,9,16,9,18,8,20,21,20,23,20,25,1,27,28,29,1,31 poly=1,32,465,4080,24236,103534,329623,799268,1494560,2166629,2432246,2097385,1366043,652092,216348,45069,4634,68,1 breaks=17(dist5)
FAIL n=32 alpha=18 par=0,1,2,3,4,4,4,1,8,9,10,9,12,9,14,9,16,9,18,8,20,21,20,23,20,25,1,27,1,29,1,31 poly=1,32,465,4083,24307,104285,334332,818839,1551623,2286983,2618586,2309708,1542461,756443,258197,55342,5813,71,1 breaks=17(dist5)
FAIL n=32 alpha=18 par=0,1,2,3,4,4,4,1,8,9,10,9,12,9,14,9,16,8,18,19,18,21,18,23,18,25,1,27,28,29,28,31 poly=1,32,465,4078,24191,103077,326845,787979,1462155,2098998,2328264,1979445,1268294,594235,192973,39210,3926,60,1 breaks=17(dist5)
FAIL n=32 alpha=18 par=0,1,2,3,4,4,4,1,8,9,10,9,12,9,14,9,16,8,18,19,18,21,18,23,18,25,1,27,28,29,1,31 poly=1,32,465,4079,24214,103318,328368,794445,1481585,2141418,2396290,2059563,1336878,635927,210165,43563,4438,60,1 breaks=17(dist5)
FAIL n=32 alpha=18 par=0,1,2,3,4,4,4,1,8,9,10,9,12,9,14,9,16,8,18,19,18,21,18,23,18,25,1,27,1,29,1,31 poly=1,32,465,4082,24285,104069,333075,813987,1538466,2261119,2581142,2269627,1510970,738663,251284,53640,5593,63,1 breaks=17(dist5)
FAIL n=32 alpha=18 par=0,1,2,3,4,4,4,1,8,9,10,9,12,9,14,9,16,8,18,19,18,21,18,23,1,25,26,27,26,29,1,31 poly=1,32,465,4077,24168,102845,325487,782832,1448810,2074637,2296561,1950063,1249248,586036,190951,39067,3959,62,1 breaks=17(dist5)
FAIL n=32 alpha=18 par=0,1,2,3,4,4,4,1,8,9,10,9,12,9,14,9,16,8,18,19,18,21,18,23,1,25,26,27,1,29,30,31 poly=1,32,465,4076,24143,102569,323702,775270,1426594,2027940,2225224,1870549,1185077,549393,176857,35774,3597,59,1 breaks=17(dist5)
FAIL n=32 alpha=18 par=0,1,2,3,4,4,4,1,8,9,10,9,12,9,14,9,16,8,18,19,18,21,18,23,1,25,26,27,1,29,1,31 poly=1,32,465,4079,24214,103320,328404,794726,1482844,2145026,2403257,2068860,1345533,641533,212641,44262,4542,64,1 breaks=17(dist5)
FAIL n=32 alpha=18 par=0,1,2,3,4,4,4,1,8,9,10,9,12,9,14,9,16,8,18,19,18,21,18,23,1,25,1,27,1,29,1,31 poly=1,32,465,4083,24307,104286,334348,818950,1552063,2288085,2620401,2311684,1543846,757025,258321,55350,5813,71,1 breaks=17(dist5)
FAIL n=32 alpha=18 par=0,1,2,3,4,4,3,3,2,9,2,11,2,13,2,15,1,17,18,17,20,17,22,17,24,1,26,27,26,29,26,31 poly=1,32,465,4084,24322,104353,334188,815806,1535272,2235226,2508472,2145131,1368107,627617,194818,36599,3258,56,1 breaks=17(dist5)
FAIL n=32 alpha=18 par=0,1,2,3,4,4,3,2,8,2,10,2,12,1,14,15,14,17,14,19,14,21,1,23,24,23,26,23,28,1,30,30 poly=1,32,465,4081,24249,103566,329193,794937,1474624,2109243,2319729,1942604,1216350,552359,172747,33768,3288,57,1 breaks=17(dist5)
STATS n=32 trees=1727461119 failures=28 alarms=0
