FAIL n=32 alpha=17 par=0,1,2,3,4,5,4,3,8,3,10,3,12,3,14,2,16,17,16,19,16,21,16,23,16,25,1,27,28,29,1,31 poly=1,32,465,4083,24294,104002,331580,802968,1490960,2124662,2306216,1873520,1103373,445375,110726,13124,153,2 breaks=16(dist5)
FAIL n=32 alpha=17 par=0,1,2,3,4,5,4,3,8,3,10,3,12,3,14,2,16,17,16,19,16,21,16,23,1,25,26,27,1,29,30,31 poly=1,32,465,4079,24201,103035,325616,778610,1421439,1982327,2095497,1649670,937068,363429,86676,9908,129,2 breaks=16(dist5)
FAIL n=32 alpha=17 par=0,1,2,3,4,5,4,3,8,3,10,3,12,3,14,2,16,17,16,19,16,21,16,23,1,25,26,27,1,29,1,31 poly=1,32,465,4081,24249,103552,328926,792663,1463175,2071304,2232722,1801556,1054608,423694,105017,12412,133,2 breaks=16(dist5)
FAIL n=32 alpha=17 par=0,1,2,3,4,5,4,3,8,3,10,3,12,3,14,2,16,17,16,19,16,21,1,23,24,25,1,27,28,29,1,31 poly=1,32,465,4078,24178,102802,324241,773351,1407744,1957566,2064487,1623445,922969,359231,86240,9949,131,2 breaks=16(dist5)
FAIL n=32 alpha=17 par=0,1,2,3,4,5,4,3,8,3,10,3,12,3,14,2,16,17,16,19,16,21,1,23,24,25,1,27,1,29,1,31 poly=1,32,465,4081,24249,103553,328945,792820,1463924,2073600,2237463,1808251,1061009,427677,106491,12672,141,2 breaks=16(dist5)
FAIL n=32 alpha=17 par=0,1,2,3,4,5,2,7,8,9,2,11,12,11,1,15,16,17,18,15,20,15,22,15,24,1,26,27,26,29,26,31 poly=1,32,465,4074,24087,101877,318682,751331,1347107,1838391,1895837,1452677,802156,302461,70293,7907,124,2 breaks=16(dist5)
FAIL n=32 alpha=17 par=0,1,2,3,4,5,2,7,8,9,2,11,12,11,1,15,16,17,18,15,20,15,22,1,24,25,26,27,24,29,24,31 poly=1,32,465,4071,24016,101128,314028,732369,1293747,1732030,1744445,1299801,695170,253068,56706,6187,110,2 breaks=16(dist5)
FAIL n=32 alpha=17 par=0,1,2,3,4,5,2,7,8,9,2,11,12,11,1,15,16,17,18,15,20,15,22,1,24,25,24,27,24,29,24,31 poly=1,32,465,4074,24087,101876,318663,751174,1346363,1836149,1891341,1446587,796633,299227,69167,7715,116,2 breaks=16(dist5)
FAIL n=32 alpha=18 par=0,1,2,3,4,4,3,2,8,9,9,8,2,13,1,15,16,15,18,15,20,15,22,1,24,25,24,27,24,29,24,31 poly=1,32,465,4080,24234,103486,329114,796105,1481683,2130327,2359406,1992417,1258128,574850,179760,34726,3288,57,1 breaks=17(dist5)
STATS n=32 trees=1689360306 failures=9 alarms=0
