FAIL n=32 alpha=17 par=0,1,2,3,4,5,6,7,6,1,10,11,12,13,14,11,16,17,18,10,20,21,20,23,20,25,20,27,1,29,1,31 poly=1,32,465,4072,24041,101401,315750,739353,1312917,1768503,1792841,1344175,722542,263841,59143,6434,113,2 breaks=16(dist5)
FAIL n=32 alpha=17 par=0,1,2,3,4,5,6,7,6,1,10,11,12,13,14,11,16,11,18,11,20,10,22,23,22,25,22,27,22,29,1,31 poly=1,32,465,4075,24112,102151,320427,758535,1367437,1878608,1951960,1507337,838161,317509,73798,8239,127,2 breaks=16(dist5)
FAIL n=32 alpha=17 par=0,1,2,3,4,5,6,7,6,1,10,11,12,13,14,11,16,11,18,11,20,10,22,23,22,25,22,27,1,29,1,31 poly=1,32,465,4074,24089,101917,319035,753146,1353151,1852078,1917324,1476004,819240,310437,72402,8142,125,2 breaks=16(dist5)
FAIL n=32 alpha=17 par=0,1,2,3,4,5,6,7,6,1,10,11,12,13,14,11,16,11,18,10,20,21,22,23,20,25,20,27,1,29,1,31 poly=1,32,465,4071,24018,101168,314380,734166,1299655,1745152,1764509,1320874,710013,259704,58384,6367,111,2 breaks=16(dist5)
FAIL n=32 alpha=17 par=0,1,2,3,4,5,6,7,6,1,10,11,12,13,14,11,16,11,18,10,20,21,20,23,20,25,20,27,1,29,30,31 poly=1,32,465,4072,24041,101401,315750,739352,1312902,1768410,1792529,1343555,721798,263321,58954,6407,112,2 breaks=16(dist5)
FAIL n=32 alpha=17 par=0,1,2,3,4,5,6,7,6,1,10,11,12,13,14,11,16,11,18,10,20,21,20,23,20,25,20,27,1,29,1,31 poly=1,32,465,4074,24089,101916,319016,752989,1352407,1849835,1912820,1469888,813673,307162,71256,7946,117,2 breaks=16(dist5)
FAIL n=32 alpha=18 par=0,1,2,3,4,5,5,5,4,3,10,3,12,3,14,3,16,2,18,19,18,21,18,23,1,25,26,27,1,29,1,31 poly=1,32,465,4081,24256,103712,330558,802504,1502338,2179912,2448390,2111099,1373853,654853,216875,45111,4635,68,1 breaks=17(dist5)
FAIL n=32 alpha=17 par=0,1,2,3,4,5,4,7,2,9,10,11,10,13,1,15,16,17,18,17,20,15,22,15,24,1,26,27,26,29,26,31 poly=1,32,465,4071,24019,101184,314480,734438,1299661,1742954,1757398,1309081,698383,252856,56124,5990,76,1 breaks=16(dist5)
FAIL n=32 alpha=17 par=0,1,2,3,4,5,4,7,2,9,10,11,10,13,1,15,16,17,18,17,20,15,22,1,24,25,24,27,24,29,24,31 poly=1,32,465,4072,24042,101417,315852,739655,1313106,1766886,1786728,1333165,710786,256261,56364,5929,74,1 breaks=16(dist5)
FAIL n=32 alpha=17 par=0,1,2,3,4,5,4,7,2,9,10,11,10,13,1,15,16,17,18,15,20,21,22,15,24,1,26,27,26,29,26,31 poly=1,32,465,4070,23994,100908,312701,726983,1278270,1699883,1696134,1248058,656918,234606,51427,5442,73,1 breaks=16(dist5)
FAIL n=32 alpha=17 par=0,1,2,3,4,5,4,7,2,9,10,11,10,13,1,15,16,17,18,15,20,21,22,1,24,25,24,27,24,29,24,31 poly=1,32,465,4071,24017,101141,314071,732168,1291501,1723034,1723767,1269916,667650,237425,51659,5414,72,1 breaks=16(dist5)
FAIL n=32 alpha=17 par=0,1,2,3,4,5,4,7,2,9,10,11,10,13,1,15,16,17,18,15,20,15,22,15,24,1,26,27,26,29,26,31 poly=1,32,465,4073,24065,101656,317337,745802,1330962,1804189,1843152,1394434,757319,279708,63405,6889,78,1 breaks=16(dist5)
FAIL n=32 alpha=17 par=0,1,2,3,4,5,4,7,2,9,10,11,10,13,1,15,16,17,18,15,20,15,22,1,24,25,26,27,24,29,24,31 poly=1,32,465,4070,23994,100908,312701,726982,1278254,1699776,1695743,1247203,655772,233687,51023,5365,71,1 breaks=16(dist5)
FAIL n=32 alpha=17 par=0,1,2,3,4,5,4,7,2,9,10,11,10,13,1,15,16,17,18,15,20,15,22,1,24,25,24,27,24,29,24,31 poly=1,32,465,4073,24065,101655,317318,745645,1330218,1801947,1838659,1388367,751866,276581,62364,6729,74,1 breaks=16(dist5)
FAIL n=32 alpha=17 par=0,1,2,3,4,5,4,7,2,9,10,11,10,13,1,15,16,17,18,15,20,1,22,23,22,25,22,27,22,29,22,31 poly=1,32,465,4075,24110,102105,319962,755807,1357114,1852151,1905122,1450138,791050,292650,66211,7160,84,1 breaks=16(dist5)
FAIL n=32 alpha=18 par=0,1,2,3,4,5,2,7,8,8,8,7,2,13,1,15,16,17,18,15,20,15,22,1,24,25,24,27,24,29,24,31 poly=1,32,465,4077,24165,102782,324901,779633,1437368,2046329,2246811,1887426,1193149,551156,176622,35540,3549,57,1 breaks=17(dist5)
STATS n=32 trees=1741294983 failures=16 alarms=0
