FAIL n=32 alpha=17 par=0,1,2,3,4,5,6,5,8,1,10,11,12,13,14,11,16,17,18,11,20,10,22,23,22,25,22,27,22,29,1,31 poly=1,32,465,4072,24040,101378,315517,737975,1307609,1754468,1766761,1310013,691525,245152,52326,5222,69,1 breaks=16(dist5)
FAIL n=32 alpha=17 par=0,1,2,3,4,5,6,5,8,1,10,11,12,13,14,11,16,17,18,10,20,21,20,23,20,25,20,27,1,29,1,31 poly=1,32,465,4072,24040,101377,315497,737804,1306788,1752026,1762095,1304307,687274,243481,52139,5270,72,1 breaks=16(dist5)
FAIL n=32 alpha=17 par=0,1,2,3,4,5,6,5,8,1,10,11,12,13,14,11,16,11,18,11,20,10,22,23,24,25,22,27,22,29,1,31 poly=1,32,465,4072,24040,101379,315536,738131,1308336,1756591,1770804,1315070,695596,247151,52863,5285,71,1 breaks=16(dist5)
FAIL n=32 alpha=17 par=0,1,2,3,4,5,6,5,8,1,10,11,12,13,14,11,16,11,18,11,20,10,22,23,22,25,22,27,22,29,22,31 poly=1,32,465,4078,24180,102832,324409,773649,1406506,1948545,2037836,1576437,870032,321670,70795,7064,84,1 breaks=16(dist5)
FAIL n=32 alpha=17 par=0,1,2,3,4,5,6,5,8,1,10,11,12,13,14,11,16,11,18,11,20,10,22,23,22,25,22,27,22,29,1,31 poly=1,32,465,4075,24111,102127,320174,756982,1361245,1861710,1919648,1463911,797826,292725,64620,6601,74,1 breaks=16(dist5)
FAIL n=32 alpha=17 par=0,1,2,3,4,5,6,5,8,1,10,11,12,13,14,11,16,11,18,11,20,10,22,23,22,25,22,27,1,29,30,31 poly=1,32,465,4072,24040,101378,315516,737959,1307500,1754056,1765826,1308746,690616,245002,52539,5330,73,1 breaks=16(dist5)
FAIL n=32 alpha=17 par=0,1,2,3,4,5,6,5,8,1,10,11,12,13,14,11,16,11,18,11,20,10,22,23,22,25,22,27,1,29,1,31 poly=1,32,465,4074,24088,101893,318782,751595,1346990,1835382,1885740,1434174,781095,287500,64109,6697,78,1 breaks=16(dist5)
FAIL n=32 alpha=17 par=0,1,2,3,4,5,6,5,8,1,10,11,12,13,14,11,16,11,18,10,20,21,22,23,20,25,20,27,1,29,1,31 poly=1,32,465,4071,24017,101144,314127,732618,1293541,1728768,1734071,1281594,675396,239743,51503,5221,71,1 breaks=16(dist5)
FAIL n=32 alpha=17 par=0,1,2,3,4,5,6,5,8,1,10,11,12,13,14,11,16,11,18,10,20,21,20,23,20,25,20,27,20,29,1,31 poly=1,32,465,4076,24133,102342,321407,761598,1373111,1883142,1946976,1488237,812502,298397,65885,6733,78,1 breaks=16(dist5)
FAIL n=32 alpha=17 par=0,1,2,3,4,5,6,5,8,1,10,11,12,13,14,11,16,11,18,10,20,21,20,23,20,25,20,27,1,29,30,31 poly=1,32,465,4072,24040,101377,315497,737802,1306757,1751826,1761392,1302834,685399,242084,51598,5190,69,1 breaks=16(dist5)
FAIL n=32 alpha=17 par=0,1,2,3,4,5,6,5,8,1,10,11,12,13,14,11,16,11,18,10,20,21,20,23,20,25,20,27,1,29,1,31 poly=1,32,465,4074,24088,101892,318763,751438,1346246,1833140,1881247,1428107,775642,284373,63068,6537,74,1 breaks=16(dist5)
FAIL n=32 alpha=18 par=0,1,2,3,4,5,5,5,4,3,10,1,12,13,14,13,16,13,18,13,20,12,22,23,22,25,22,27,22,29,1,31 poly=1,32,465,4079,24214,103309,328209,793198,1475842,2124140,2360622,2008025,1284796,599888,193909,39255,3927,60,1 breaks=17(dist5)
FAIL n=32 alpha=18 par=0,1,2,3,4,5,5,5,4,3,10,1,12,13,14,13,16,13,18,13,20,12,22,23,22,25,22,27,1,29,1,31 poly=1,32,465,4078,24191,103076,326831,787885,1461740,2097670,2325178,1974417,1262833,590583,191708,39105,3960,62,1 breaks=17(dist5)
FAIL n=32 alpha=17 par=0,1,2,3,4,5,4,7,4,9,2,11,2,13,1,15,16,17,18,17,20,15,22,15,24,1,26,27,26,29,26,31 poly=1,32,465,4074,24091,101955,319356,754739,1358315,1863564,1935205,1495450,833636,317231,74127,8238,88,1 breaks=16(dist5)
FAIL n=32 alpha=17 par=0,1,2,3,4,5,4,7,4,9,2,11,2,13,1,15,16,17,18,17,20,15,22,1,24,25,24,27,24,29,24,31 poly=1,32,465,4075,24114,102188,320730,759987,1371964,1888243,1966201,1521845,847966,321486,74483,8153,86,1 breaks=16(dist5)
FAIL n=32 alpha=17 par=0,1,2,3,4,5,4,7,4,9,2,11,2,13,1,15,16,17,18,15,20,21,22,15,24,1,26,27,26,29,26,31 poly=1,32,465,4073,24066,101679,317574,747233,1336553,1818974,1870082,1428128,785590,294768,67950,7478,85,1 breaks=16(dist5)
FAIL n=32 alpha=17 par=0,1,2,3,4,5,4,7,4,9,2,11,2,13,1,15,16,17,18,15,20,21,22,1,24,25,24,27,24,29,24,31 poly=1,32,465,4074,24089,101912,318946,752449,1349988,1842868,1899347,1452183,798063,298296,68270,7438,84,1 breaks=16(dist5)
FAIL n=32 alpha=17 par=0,1,2,3,4,5,4,7,4,9,2,11,2,13,1,15,16,17,18,15,20,15,22,15,24,1,26,27,26,29,26,31 poly=1,32,465,4076,24137,102428,322235,766308,1390695,1928378,2028810,1592363,903859,351069,83876,9513,90,1 breaks=16(dist5)
FAIL n=32 alpha=17 par=0,1,2,3,4,5,4,7,4,9,2,11,2,13,1,15,16,17,18,15,20,15,22,1,24,25,26,27,24,29,24,31 poly=1,32,465,4073,24066,101679,317574,747232,1336537,1818867,1869689,1427256,784387,293755,67470,7377,83,1 breaks=16(dist5)
FAIL n=32 alpha=17 par=0,1,2,3,4,5,4,7,4,9,2,11,2,13,1,15,16,17,18,15,20,15,22,1,24,25,24,27,24,29,24,31 poly=1,32,465,4076,24137,102427,322216,766151,1389949,1926113,2024205,1585997,897934,347502,82611,9305,86,1 breaks=16(dist5)
FAIL n=32 alpha=17 par=0,1,2,3,4,5,4,7,4,9,2,11,2,13,1,15,16,17,18,15,20,1,22,23,22,25,22,27,22,29,22,31 poly=1,32,465,4078,24182,102877,324864,776373,1417236,1977768,2094039,1652832,942005,366461,87390,9856,96,1 breaks=16(dist5)
FAIL n=32 alpha=17 par=0,1,2,3,4,5,4,7,2,9,2,11,1,13,14,15,14,13,18,13,20,13,22,13,24,1,26,27,26,29,26,31 poly=1,32,465,4079,24203,103078,326028,780934,1430018,2004088,2134177,1697791,978053,386132,94022,10968,137,2 breaks=16(dist5)
FAIL n=32 alpha=17 par=0,1,2,3,4,5,4,7,2,9,2,11,1,13,14,15,14,13,18,13,20,13,22,1,24,25,24,27,24,29,24,31 poly=1,32,465,4078,24182,102881,324934,776921,1419757,1985304,2109327,1674159,962245,379027,92064,10700,129,2 breaks=16(dist5)
FAIL n=32 alpha=17 par=0,1,2,3,4,5,4,7,2,9,2,11,1,13,14,15,14,13,18,13,20,1,22,23,22,25,22,27,22,29,22,31 poly=1,32,465,4079,24205,103117,326364,782627,1435575,2016592,2153902,1719660,994810,394635,96633,11360,149,2 breaks=16(dist5)
FAIL n=32 alpha=17 par=0,1,2,3,4,5,2,7,8,7,2,11,2,13,1,15,16,17,18,15,20,15,22,15,24,1,26,27,26,29,26,31 poly=1,32,465,4077,24157,102607,323185,769649,1398934,1943069,2048032,1610855,916795,357468,85996,9937,131,2 breaks=16(dist5)
FAIL n=32 alpha=17 par=0,1,2,3,4,5,2,7,8,7,2,11,2,13,1,15,16,17,18,15,20,15,22,1,24,25,26,27,24,29,24,31 poly=1,32,465,4074,24086,101857,318507,750448,1344254,1832188,1886547,1443022,795230,299105,69257,7736,117,2 breaks=16(dist5)
FAIL n=32 alpha=17 par=0,1,2,3,4,5,2,7,8,7,2,11,2,13,1,15,16,17,18,15,20,15,22,1,24,25,24,27,24,29,24,31 poly=1,32,465,4077,24157,102606,323166,769492,1398188,1940805,2043435,1604514,910907,353923,84726,9717,123,2 breaks=16(dist5)
FAIL n=32 alpha=17 par=0,1,2,3,4,5,2,7,8,7,2,11,2,13,1,15,16,17,18,15,20,1,22,23,22,25,22,27,22,29,22,31 poly=1,32,465,4079,24202,103056,325814,779712,1425452,1992351,2112996,1670972,954728,372883,89615,10329,143,2 breaks=16(dist5)
STATS n=32 trees=1774045099 failures=28 alarms=0
