FAIL n=32 alpha=17 par=0,1,2,3,4,5,4,7,4,9,1,11,12,13,12,11,16,11,18,11,20,11,22,1,24,25,24,27,24,29,24,31 poly=1,32,465,4081,24251,103579,329052,792726,1461307,2061754,2207715,1760585,1010936,394108,93410,10409,139,2 breaks=16(dist5)
FAIL n=32 alpha=17 par=0,1,2,3,4,5,4,3,2,9,2,11,1,13,14,15,16,13,18,13,20,13,22,1,24,25,24,27,24,29,24,31 poly=1,32,465,4078,24183,102903,325148,778138,1424263,1996740,2129690,1699693,984464,391940,96699,11569,183,3 breaks=16(dist5)
FAIL n=32 alpha=17 par=0,1,2,3,4,5,2,7,8,9,2,11,2,13,1,15,16,17,18,15,20,21,22,15,24,1,26,27,26,29,26,31 poly=1,32,465,4073,24063,101622,317097,744916,1329305,1803664,1847831,1405910,770670,288346,66340,7288,80,1 breaks=16(dist5)
FAIL n=32 alpha=17 par=0,1,2,3,4,5,2,7,8,9,2,11,2,13,1,15,16,17,18,15,20,21,22,1,24,25,26,27,24,29,24,31 poly=1,32,465,4071,24015,101107,313833,731313,1290044,1723204,1729846,1283004,681918,246138,54450,5778,76,1 breaks=16(dist5)
FAIL n=32 alpha=17 par=0,1,2,3,4,5,2,7,8,9,2,11,2,13,1,15,16,17,18,15,20,21,22,1,24,25,24,27,24,29,24,31 poly=1,32,465,4074,24086,101855,318468,750116,1342633,1827169,1876259,1428881,782330,291565,66625,7253,79,1 breaks=16(dist5)
FAIL n=32 alpha=17 par=0,1,2,3,4,5,2,7,8,9,2,11,2,13,1,15,16,17,18,15,20,15,22,15,24,1,26,27,28,29,26,31 poly=1,32,465,4074,24086,101857,318507,750445,1344214,1831959,1885809,1441547,793333,297533,68445,7496,84,1 breaks=16(dist5)
FAIL n=32 alpha=17 par=0,1,2,3,4,5,2,7,8,9,2,11,2,13,1,15,16,17,18,15,20,15,22,15,24,1,26,27,26,29,26,31 poly=1,32,465,4076,24134,102372,321773,764085,1383764,1913678,2007180,1570303,888596,344251,82098,9298,85,1 breaks=16(dist5)
FAIL n=32 alpha=17 par=0,1,2,3,4,5,2,7,8,9,2,11,2,13,1,15,16,17,18,15,20,15,22,1,24,25,26,27,24,29,24,31 poly=1,32,465,4073,24063,101622,317097,744915,1329289,1803557,1847439,1405047,769497,287380,65895,7197,78,1 breaks=16(dist5)
FAIL n=32 alpha=17 par=0,1,2,3,4,5,2,7,8,9,2,11,2,13,1,15,16,17,18,15,20,15,22,1,24,25,24,27,24,29,24,31 poly=1,32,465,4076,24134,102371,321754,763928,1383019,1911425,2002634,1564092,882907,340893,80933,9110,81,1 breaks=16(dist5)
FAIL n=32 alpha=17 par=0,1,2,3,4,5,2,7,8,9,2,11,2,13,1,15,16,17,18,15,20,1,22,23,22,25,22,27,22,29,22,31 poly=1,32,465,4078,24179,102821,324400,774119,1410101,1962321,2070735,1628401,924637,358532,85307,9611,91,1 breaks=16(dist5)
FAIL n=32 alpha=18 par=0,1,2,3,4,4,3,2,8,9,9,8,2,13,2,15,1,17,18,17,20,17,22,17,24,1,26,27,26,29,26,31 poly=1,32,465,4080,24232,103448,328797,794567,1476847,2119957,2343907,1976248,1246565,569423,178229,34512,3280,57,1 breaks=17(dist5)
STATS n=32 trees=1718717445 failures=11 alarms=0
