FAIL n=32 alpha=17 par=0,1,2,3,4,5,6,7,4,9,10,11,3,13,14,13,16,13,18,13,20,2,22,2,24,1,26,27,28,29,30,31 poly=1,32,465,4071,24015,101101,313715,730300,1285051,1707570,1697371,1237697,639989,221470,46078,4509,67,1 breaks=16(dist5)
FAIL n=32 alpha=17 par=0,1,2,3,4,5,4,7,4,9,4,11,4,13,3,15,16,15,18,15,20,15,22,15,24,2,26,1,28,29,30,31 poly=1,32,465,4082,24272,103783,330263,797596,1475209,2090497,2250895,1807165,1045933,411314,98229,10886,89,1 breaks=16(dist5)
FAIL n=32 alpha=17 par=0,1,2,3,4,5,4,7,4,9,4,11,4,13,3,15,16,15,18,15,20,15,22,15,24,2,26,1,28,29,30,29 poly=1,32,465,4083,24298,104083,332308,806822,1504368,2156944,2361217,1939927,1159115,476393,121054,14706,166,2 breaks=16(dist5)
FAIL n=32 alpha=17 par=0,1,2,3,4,5,4,7,4,9,4,11,4,13,3,15,16,15,18,15,20,15,22,15,24,1,26,27,28,29,28,31 poly=1,32,465,4082,24273,103796,330315,797521,1473669,2083469,2232671,1776639,1012073,387119,88089,8987,91,1 breaks=16(dist5)
FAIL n=32 alpha=17 par=0,1,2,3,4,5,4,7,4,9,4,11,4,13,3,15,16,15,18,15,20,15,22,15,24,1,26,27,28,29,26,31 poly=1,32,465,4082,24273,103797,330335,797701,1474629,2086829,2240735,1790079,1027433,398639,93209,10011,91,1 breaks=16(dist5)
FAIL n=32 alpha=17 par=0,1,2,3,4,5,4,7,4,9,4,11,4,13,3,15,16,15,18,15,20,15,22,2,24,25,26,1,28,29,30,31 poly=1,32,465,4078,24179,102816,324302,773281,1405968,1949261,2043055,1588531,886135,334731,76826,8279,78,1 breaks=16(dist5)
FAIL n=32 alpha=17 par=0,1,2,3,4,5,4,7,4,9,4,11,4,13,3,15,16,15,18,15,20,15,22,2,24,25,26,1,28,29,30,29 poly=1,32,465,4079,24205,103116,326343,782438,1434610,2013477,2147228,1710021,985532,388934,94604,11030,141,2 breaks=16(dist5)
FAIL n=32 alpha=17 par=0,1,2,3,4,5,4,7,4,9,4,11,4,13,3,15,16,15,18,15,20,15,22,2,24,2,26,1,28,29,30,31 poly=1,32,465,4080,24227,103333,327611,787319,1447605,2037848,2179247,1738490,1001149,392776,93995,10502,81,1 breaks=16(dist5)
FAIL n=32 alpha=17 par=0,1,2,3,4,5,4,7,4,9,4,11,4,13,3,15,16,15,18,15,20,15,22,2,24,2,26,1,28,29,30,29 poly=1,32,465,4081,24253,103633,329653,796494,1476391,2102736,2285436,1864012,1105922,451587,114077,13765,144,2 breaks=16(dist5)
FAIL n=32 alpha=17 par=0,1,2,3,4,5,4,7,4,9,4,11,4,13,3,15,16,15,18,15,20,15,22,2,24,1,26,27,28,29,28,31 poly=1,32,465,4079,24204,103091,326071,780719,1427541,1993496,2107439,1654010,930749,353352,80683,8454,81,1 breaks=16(dist5)
FAIL n=32 alpha=17 par=0,1,2,3,4,5,4,7,4,9,4,11,4,13,3,15,16,15,18,15,20,15,22,2,24,1,26,27,28,29,26,31 poly=1,32,465,4079,24204,103093,326111,781071,1429342,1999454,2120801,1674635,952419,368196,86671,9535,82,1 breaks=16(dist5)
FAIL n=32 alpha=17 par=0,1,2,3,4,5,4,7,4,9,4,11,4,13,3,15,16,15,18,15,20,15,22,2,24,1,26,27,28,27,26,31 poly=1,32,465,4080,24229,103370,327921,788881,1452888,2050488,2201145,1766037,1025888,407971,99840,11659,143,2 breaks=16(dist5)
FAIL n=32 alpha=17 par=0,1,2,3,4,5,4,7,4,9,4,11,4,13,3,15,16,15,18,15,20,15,22,1,24,25,26,27,26,29,26,31 poly=1,32,465,4080,24229,103360,327737,787374,1445625,2027612,2151838,1692258,950093,356702,79124,7779,87,1 breaks=16(dist5)
FAIL n=32 alpha=17 par=0,1,2,3,4,5,4,7,4,9,4,11,4,13,3,15,16,15,18,15,20,15,22,1,24,25,26,27,26,29,24,31 poly=1,32,465,4079,24205,103107,326179,781111,1428307,1993961,2105985,1649682,925097,349185,79008,8174,85,1 breaks=16(dist5)
FAIL n=32 alpha=17 par=0,1,2,3,4,5,4,7,4,9,4,11,4,13,3,15,16,15,18,15,20,15,22,1,24,25,26,27,24,29,30,31 poly=1,32,465,4078,24180,102831,324391,773511,1405918,1947038,2035553,1574795,870499,323652,72335,7487,82,1 breaks=16(dist5)
FAIL n=32 alpha=17 par=0,1,2,3,4,5,4,7,4,9,4,11,4,13,3,15,16,15,18,15,20,15,22,1,24,25,26,27,24,29,24,31 poly=1,32,465,4080,24229,103362,327776,787716,1447401,2033660,2165950,1715106,975437,375134,87060,9315,87,1 breaks=16(dist5)
FAIL n=32 alpha=17 par=0,1,2,3,4,5,4,7,4,9,4,11,4,13,3,15,16,15,18,15,20,15,22,1,24,25,26,25,24,29,24,31 poly=1,32,465,4081,24253,103617,329375,794351,1466692,2074110,2227763,1783605,1029288,403805,96488,10869,147,2 breaks=16(dist5)
FAIL n=32 alpha=17 par=0,1,2,3,4,5,4,7,4,9,4,11,4,13,3,15,16,15,18,15,20,2,22,23,24,23,26,1,28,29,30,31 poly=1,32,465,4076,24133,102342,321406,761588,1373088,1883259,1947874,1490898,816941,302779,68290,7304,80,1 breaks=16(dist5)
FAIL n=32 alpha=17 par=0,1,2,3,4,5,4,7,4,9,4,11,4,13,3,15,16,15,18,15,20,2,22,23,24,2,26,1,28,29,30,31 poly=1,32,465,4077,24156,102583,322928,768037,1392375,1924914,2013143,1564253,874305,332175,77042,8425,82,1 breaks=16(dist5)
FAIL n=32 alpha=17 par=0,1,2,3,4,5,4,7,4,9,4,11,4,13,3,15,16,15,18,15,20,2,22,23,24,2,26,1,28,29,30,29 poly=1,32,465,4078,24182,102883,324967,777159,1420756,1988034,2114448,1680889,968404,382809,93491,10968,140,2 breaks=16(dist5)
FAIL n=32 alpha=17 par=0,1,2,3,4,5,4,7,4,9,4,11,4,13,3,15,16,15,18,15,20,2,22,23,24,1,26,27,28,29,28,31 poly=1,32,465,4076,24133,102341,321387,761426,1372272,1880571,1941826,1481490,806957,295867,65474,6792,80,1 breaks=16(dist5)
FAIL n=32 alpha=17 par=0,1,2,3,4,5,4,7,4,9,4,11,4,13,3,15,16,15,18,15,20,2,22,23,24,1,26,27,28,29,26,31 poly=1,32,465,4076,24133,102343,321427,761778,1374071,1886498,1954999,1501501,827457,309391,70642,7657,82,1 breaks=16(dist5)
FAIL n=32 alpha=17 par=0,1,2,3,4,5,4,7,4,9,4,11,4,13,3,15,16,15,18,15,20,2,22,2,24,2,26,1,28,29,30,31 poly=1,32,465,4080,24227,103334,327630,787477,1448368,2040229,2184280,1745805,1008382,397447,95789,10826,89,1 breaks=16(dist5)
FAIL n=32 alpha=17 par=0,1,2,3,4,5,4,7,4,9,4,11,4,13,3,15,16,15,18,15,20,2,22,2,24,2,26,1,28,29,30,29 poly=1,32,465,4081,24253,103634,329671,796635,1477030,2104602,2289118,1868996,1110502,454331,115054,13929,148,2 breaks=16(dist5)
FAIL n=32 alpha=17 par=0,1,2,3,4,5,4,7,4,9,4,11,4,13,3,15,16,15,18,15,20,2,22,2,24,1,26,27,28,29,28,31 poly=1,32,465,4078,24181,102857,324676,775287,1413000,1966157,2071353,1621351,911658,347118,80040,8578,85,1 breaks=16(dist5)
FAIL n=32 alpha=17 par=0,1,2,3,4,5,4,7,4,9,4,11,4,13,3,15,16,15,18,15,20,2,22,2,24,1,26,27,28,29,27,31 poly=1,32,465,4078,24181,102858,324696,775461,1413873,1968973,2077491,1630559,921113,353559,82754,9187,135,2 breaks=16(dist5)
FAIL n=32 alpha=17 par=0,1,2,3,4,5,4,7,4,9,4,11,4,13,3,15,16,15,18,15,20,2,22,2,24,1,26,27,28,29,26,31 poly=1,32,465,4078,24181,102860,324735,775795,1415533,1974294,2089014,1647650,938237,364588,86792,9748,88,1 breaks=16(dist5)
FAIL n=32 alpha=17 par=0,1,2,3,4,5,4,7,4,9,4,11,4,13,3,15,16,15,18,15,20,2,22,2,24,1,26,27,28,27,26,31 poly=1,32,465,4079,24206,103137,326543,783572,1438846,2024392,2166983,1735087,1007337,401288,98696,11631,143,2 breaks=16(dist5)
FAIL n=32 alpha=17 par=0,1,2,3,4,5,4,7,4,9,4,11,4,13,3,15,16,15,18,15,20,2,22,1,24,25,26,27,26,29,24,31 poly=1,32,465,4077,24158,102619,323214,769357,1396285,1932630,2023254,1572578,877821,332076,76296,8212,88,1 breaks=16(dist5)
FAIL n=32 alpha=17 par=0,1,2,3,4,5,4,7,4,9,4,11,4,13,3,15,16,15,18,15,20,2,22,1,24,25,26,27,24,29,30,31 poly=1,32,465,4076,24133,102343,321428,761790,1374126,1886601,1954956,1500904,826197,308067,69922,7498,84,1 breaks=16(dist5)
FAIL n=32 alpha=17 par=0,1,2,3,4,5,4,7,4,9,4,11,4,13,3,15,16,15,18,15,20,2,22,1,24,25,26,27,24,29,24,31 poly=1,32,465,4078,24182,102875,324828,776087,1415909,1973774,2085877,1641352,931025,359621,84877,9436,92,1 breaks=16(dist5)
FAIL n=32 alpha=17 par=0,1,2,3,4,5,4,7,4,9,4,11,4,13,3,15,16,15,18,15,20,2,22,1,24,25,26,25,24,29,24,31 poly=1,32,465,4079,24206,103130,326424,782674,1434872,2012948,2144550,1704758,979413,384541,92796,10708,145,2 breaks=16(dist5)
FAIL n=32 alpha=17 par=0,1,2,3,4,5,2,7,8,9,2,11,12,13,1,15,16,17,18,15,20,21,22,15,24,1,26,27,26,29,26,31 poly=1,32,465,4070,23992,100872,312426,725832,1275467,1696208,1695023,1252270,664088,239828,53265,5686,72,1 breaks=16(dist5)
FAIL n=32 alpha=17 par=0,1,2,3,4,5,2,7,8,9,2,11,12,13,1,15,16,17,18,15,20,21,22,1,24,25,24,27,24,29,24,31 poly=1,32,465,4071,24015,101105,313795,731001,1288593,1718994,1721933,1273316,674345,242536,53496,5659,71,1 breaks=16(dist5)
FAIL n=32 alpha=17 par=0,1,2,3,4,5,2,7,8,9,2,11,12,13,1,15,16,17,18,15,20,15,22,15,24,1,26,27,28,29,26,31 poly=1,32,465,4071,24015,101107,313834,731330,1290170,1723736,1731248,1285378,684477,247811,55042,5862,76,1 breaks=16(dist5)
FAIL n=32 alpha=17 par=0,1,2,3,4,5,2,7,8,9,2,11,12,13,1,15,16,17,18,15,20,15,22,15,24,1,26,27,26,29,26,31 poly=1,32,465,4073,24063,101621,317078,744760,1328579,1801553,1843846,1400998,766798,286490,65845,7224,77,1 breaks=16(dist5)
FAIL n=32 alpha=17 par=0,1,2,3,4,5,2,7,8,9,2,11,12,13,1,15,16,17,18,15,20,15,22,1,24,25,26,27,24,29,24,31 poly=1,32,465,4070,23992,100872,312426,725831,1275451,1696101,1694633,1251424,662970,238946,52880,5611,70,1 breaks=16(dist5)
FAIL n=32 alpha=17 par=0,1,2,3,4,5,2,7,8,9,2,11,12,13,1,15,16,17,18,15,20,15,22,1,24,25,24,27,24,29,24,31 poly=1,32,465,4073,24063,101620,317059,744603,1327836,1799323,1839410,1395070,761531,283496,64848,7068,73,1 breaks=16(dist5)
FAIL n=32 alpha=17 par=0,1,2,3,4,5,2,7,8,9,2,11,12,13,1,15,16,17,18,15,20,1,22,23,22,25,22,27,22,29,22,31 poly=1,32,465,4075,24108,102070,319701,754734,1354531,1848814,1904358,1454865,799166,298887,68554,7489,83,1 breaks=16(dist5)
STATS n=32 trees=1728161939 failures=39 alarms=0
