FAIL n=32 alpha=17 par=0,1,2,3,4,5,6,5,8,5,10,3,12,2,14,15,14,17,14,19,14,21,14,23,1,25,26,27,28,29,1,31 poly=1,32,465,4076,24134,102359,321535,762164,1374755,1886471,1951855,1493544,816824,300961,66886,6929,82,1 breaks=16(dist5)
FAIL n=32 alpha=17 par=0,1,2,3,4,5,6,5,8,5,10,3,12,2,14,15,14,17,14,19,14,21,1,23,24,25,26,27,24,29,1,31 poly=1,32,465,4073,24066,101672,317443,746159,1331461,1803483,1838434,1384095,744338,269824,59131,6075,75,1 breaks=16(dist5)
FAIL n=32 alpha=17 par=0,1,2,3,4,5,6,5,8,5,10,3,12,2,14,15,14,17,14,19,14,21,1,23,24,25,26,27,1,29,30,31 poly=1,32,465,4072,24041,101395,315640,738465,1308755,1755950,1767374,1308984,689847,244278,52278,5295,71,1 breaks=16(dist5)
FAIL n=32 alpha=17 par=0,1,2,3,4,5,6,5,8,5,10,3,12,2,14,15,14,17,14,19,14,21,1,23,24,25,26,27,1,29,1,31 poly=1,32,465,4074,24089,101909,318889,751974,1347693,1835726,1884352,1430631,777090,285045,63340,6601,74,1 breaks=16(dist5)
FAIL n=32 alpha=17 par=0,1,2,3,4,5,6,5,8,5,10,3,12,2,14,15,14,17,14,19,14,21,1,23,24,25,26,25,1,29,1,31 poly=1,32,465,4075,24115,102209,320925,761047,1375724,1897412,1981942,1540952,864140,330692,77756,8777,130,2 breaks=16(dist5)
FAIL n=32 alpha=17 par=0,1,2,3,4,5,6,5,8,5,10,3,12,2,14,15,14,17,14,19,1,21,22,23,24,25,1,27,1,29,1,31 poly=1,32,465,4074,24089,101910,318908,752132,1348453,1838074,1889231,1437551,783722,289174,64866,6869,82,1 breaks=16(dist5)
FAIL n=32 alpha=17 par=0,1,2,3,4,5,6,4,8,1,10,11,12,13,14,11,16,11,18,10,20,21,20,23,20,25,20,27,1,29,1,31 poly=1,32,465,4074,24088,101893,318783,751612,1347116,1835920,1887206,1436830,784315,290053,65355,7026,113,2 breaks=16(dist5)
FAIL n=32 alpha=18 par=0,1,2,3,4,5,5,3,2,1,10,11,12,11,14,11,16,11,18,10,20,21,20,23,20,25,20,27,1,29,1,31 poly=1,32,465,4079,24210,103227,327450,789004,1460439,2084556,2287718,1911257,1193206,539883,168258,32894,3240,56,1 breaks=17(dist5)
FAIL n=32 alpha=18 par=0,1,2,3,4,5,5,3,2,1,10,11,12,11,14,11,16,11,18,10,20,21,20,23,20,25,1,27,1,29,1,31 poly=1,32,465,4079,24209,103208,327291,788228,1457980,2079238,2279705,1902844,1187171,537057,167469,32786,3236,56,1 breaks=17(dist5)
FAIL n=32 alpha=17 par=0,1,2,3,4,5,4,7,4,9,4,11,2,13,1,15,16,17,18,15,20,15,22,15,24,1,26,27,26,29,26,31 poly=1,32,465,4077,24161,102677,323722,772020,1405565,1955179,2062186,1620278,918422,354932,83966,9388,96,1 breaks=16(dist5)
FAIL n=32 alpha=17 par=0,1,2,3,4,5,4,7,4,9,4,11,2,13,1,15,16,17,18,15,20,15,22,1,24,25,24,27,24,29,24,31 poly=1,32,465,4077,24161,102676,323703,771863,1404817,1952893,2057488,1613687,912176,351095,82577,9156,92,1 breaks=16(dist5)
FAIL n=32 alpha=18 par=0,1,2,3,4,4,3,2,8,2,10,1,12,13,12,15,12,17,12,19,1,21,22,21,24,21,26,21,28,1,30,30 poly=1,32,465,4081,24250,103585,329352,795713,1477083,2114561,2327742,1951017,1222385,555185,173536,33876,3292,57,1 breaks=17(dist5)
FAIL n=32 alpha=19 par=0,1,2,3,3,3,3,3,2,9,2,11,2,13,2,15,1,17,18,17,20,17,22,17,24,1,26,27,26,29,26,31 poly=1,32,465,4090,24471,106030,345558,867792,1705055,2643930,3245140,3143687,2380088,1381438,594531,179219,34098,3244,56,1 breaks=18(dist5)
STATS n=32 trees=1733028608 failures=13 alarms=0
