FAIL n=32 alpha=17 par=0,1,2,3,4,5,6,5,4,9,4,11,4,13,3,15,16,15,18,15,20,15,22,2,24,25,26,1,28,29,30,31 poly=1,32,465,4075,24109,102087,319821,755173,1355292,1848610,1900281,1445301,787400,290615,65512,7101,115,2 breaks=16(dist5)
FAIL n=32 alpha=17 par=0,1,2,3,4,5,6,5,4,9,4,11,4,13,3,15,16,15,18,15,20,15,22,2,24,2,26,1,28,29,30,31 poly=1,32,465,4077,24157,102603,323108,769001,1395785,1933254,2027476,1581493,888493,339810,79530,8864,121,2 breaks=16(dist5)
FAIL n=32 alpha=17 par=0,1,2,3,4,5,6,5,4,9,4,11,4,13,3,15,16,15,18,15,20,15,22,2,24,1,26,27,28,29,26,31 poly=1,32,465,4076,24134,102364,321627,762914,1378320,1897412,1974516,1525647,847584,320104,73950,8169,123,2 breaks=16(dist5)
FAIL n=32 alpha=18 par=0,1,2,3,4,4,3,2,8,8,2,11,2,13,2,15,1,17,18,17,20,17,22,17,24,1,26,27,26,29,26,31 poly=1,32,465,4083,24298,104096,332558,808964,1515194,2192897,2443760,2073827,1312811,598928,185852,35307,3250,56,1 breaks=17(dist5)
FAIL n=32 alpha=17 par=0,1,2,3,4,3,6,3,8,3,10,3,12,2,14,15,14,17,14,19,14,21,14,23,1,25,26,27,26,29,26,31 poly=1,32,465,4084,24322,104327,333708,811861,1516132,2174171,2373895,1936035,1139423,455537,110292,12283,94,1 breaks=16(dist5)
FAIL n=32 alpha=17 par=0,1,2,3,4,3,6,3,8,3,10,3,12,2,14,15,14,17,14,19,14,21,14,23,1,25,26,27,26,29,1,31 poly=1,32,465,4083,24297,104060,332075,805441,1499013,2142605,2334047,1903359,1124713,454703,112665,13083,91,1 breaks=16(dist5)
FAIL n=32 alpha=17 par=0,1,2,3,4,3,6,3,8,3,10,3,12,2,14,15,14,17,14,19,14,21,14,23,1,25,26,27,1,29,30,31 poly=1,32,465,4082,24272,103784,330283,797776,1476169,2093857,2258959,1820605,1061293,422834,103349,11910,89,1 breaks=16(dist5)
FAIL n=32 alpha=17 par=0,1,2,3,4,3,6,3,8,3,10,3,12,2,14,15,14,17,14,19,14,21,14,23,1,25,26,27,1,29,1,31 poly=1,32,465,4084,24320,104302,333615,812041,1519077,2186957,2405855,1987839,1195113,494127,125977,15131,91,1 breaks=16(dist5)
FAIL n=32 alpha=17 par=0,1,2,3,4,3,6,3,8,3,10,3,12,2,14,15,14,17,14,19,14,21,14,23,1,25,26,25,1,29,1,31 poly=1,32,465,4085,24344,104558,335229,818777,1538771,2228466,2469593,2058809,1251205,524206,135989,16829,167,2 breaks=16(dist5)
FAIL n=32 alpha=17 par=0,1,2,3,4,3,6,3,8,3,10,3,12,2,14,15,14,17,14,19,14,21,1,23,24,25,24,27,24,29,24,31 poly=1,32,465,4083,24301,104126,332549,807379,1503892,2149979,2339047,1899747,1112799,442481,106452,11771,94,1 breaks=16(dist5)
FAIL n=32 alpha=17 par=0,1,2,3,4,3,6,3,8,3,10,3,12,2,14,15,14,17,14,19,14,21,1,23,24,25,24,27,24,29,1,31 poly=1,32,465,4081,24253,103624,329497,795294,1470969,2086748,2253214,1818978,1062733,424286,103700,11875,87,1 breaks=16(dist5)
FAIL n=32 alpha=17 par=0,1,2,3,4,3,6,3,8,3,10,3,12,2,14,15,14,17,14,19,14,21,1,23,24,25,24,27,1,29,30,31 poly=1,32,465,4079,24204,103093,326110,781061,1429317,1999544,2121551,1676858,956093,371784,88619,9990,81,1 breaks=16(dist5)
FAIL n=32 alpha=17 par=0,1,2,3,4,3,6,3,8,3,10,3,12,2,14,15,14,17,14,19,14,21,1,23,24,25,24,27,1,29,30,29 poly=1,32,465,4080,24229,103371,327932,788916,1452823,2049648,2198172,1760140,1018626,402435,97437,11205,144,2 breaks=16(dist5)
FAIL n=32 alpha=17 par=0,1,2,3,4,3,6,3,8,3,10,3,12,2,14,15,14,17,14,19,14,21,1,23,24,25,24,27,1,29,1,31 poly=1,32,465,4081,24252,103611,329440,795289,1471939,2091401,2265057,1838034,1082793,437761,108960,12782,85,1 breaks=16(dist5)
FAIL n=32 alpha=17 par=0,1,2,3,4,3,6,3,8,3,10,3,12,2,14,15,14,17,14,19,14,21,1,23,24,25,24,23,1,29,1,31 poly=1,32,465,4082,24276,103868,331071,802151,1492178,2134450,2331793,1913119,1142877,470530,120177,14807,204,3 breaks=16(dist5)
FAIL n=32 alpha=17 par=0,1,2,3,4,3,6,3,8,3,10,3,12,2,14,15,14,17,14,19,14,21,1,23,24,25,23,27,1,29,1,31 poly=1,32,465,4081,24250,103568,329029,792976,1463392,2069562,2225604,1787597,1038104,411719,100095,11544,141,2 breaks=16(dist5)
FAIL n=32 alpha=17 par=0,1,2,3,4,3,6,3,8,3,10,3,12,2,14,15,14,17,14,19,14,21,1,23,24,25,1,27,28,29,1,31 poly=1,32,465,4080,24227,103335,327651,787671,1449406,2043806,2192609,1759115,1022819,407620,99983,11583,82,1 breaks=16(dist5)
FAIL n=32 alpha=17 par=0,1,2,3,4,3,6,3,8,3,10,3,12,2,14,15,14,17,14,19,14,21,1,23,24,25,1,27,28,27,1,31 poly=1,32,465,4081,24251,103591,329261,794341,1468632,2083416,2251449,1821717,1069408,430755,107008,12683,143,2 breaks=16(dist5)
FAIL n=32 alpha=17 par=0,1,2,3,4,3,6,3,8,3,10,3,12,2,14,15,14,17,14,19,14,21,1,23,24,25,1,27,1,29,1,31 poly=1,32,465,4083,24298,104087,332377,807354,1506777,2164028,2375326,1959138,1176653,486494,124180,14947,87,1 breaks=16(dist5)
FAIL n=32 alpha=17 par=0,1,2,3,4,3,6,3,8,3,10,3,12,2,14,15,14,17,14,19,14,21,1,23,24,23,1,27,1,29,1,31 poly=1,32,465,4084,24321,104322,333795,813011,1522564,2195742,2421683,2008245,1213608,505437,130280,15989,147,2 breaks=16(dist5)
FAIL n=32 alpha=18 par=0,1,2,3,4,3,6,3,8,3,10,3,12,2,14,15,14,17,14,19,2,21,21,21,1,25,26,27,1,29,1,31 poly=1,32,465,4082,24273,103833,331005,803265,1501904,2174622,2435602,2094204,1360613,649085,215819,45127,4635,68,1 breaks=17(dist5)
FAIL n=32 alpha=17 par=0,1,2,3,4,3,6,3,8,3,10,3,12,2,14,15,14,17,14,19,1,21,22,23,22,25,22,27,22,29,1,31 poly=1,32,465,4081,24254,103640,329613,795798,1472431,2089732,2257610,1823690,1066382,426278,104428,12035,103,1 breaks=16(dist5)
FAIL n=32 alpha=17 par=0,1,2,3,4,3,6,3,8,3,10,3,12,2,14,15,14,17,14,19,1,21,22,23,22,25,22,27,1,29,30,31 poly=1,32,465,4078,24182,102874,324807,775904,1415024,1971125,2080760,1634989,926206,357767,84781,9546,89,1 breaks=16(dist5)
FAIL n=32 alpha=17 par=0,1,2,3,4,3,6,3,8,3,10,3,12,2,14,15,14,17,14,19,1,21,22,23,22,25,22,27,1,29,1,31 poly=1,32,465,4080,24230,103392,328137,790128,1457597,2062720,2223468,1794653,1051086,422392,104563,12246,97,1 breaks=16(dist5)
FAIL n=32 alpha=17 par=0,1,2,3,4,3,6,3,8,3,10,3,12,2,14,15,14,17,14,19,1,21,22,23,22,25,1,27,28,29,28,31 poly=1,32,465,4077,24158,102619,323212,769336,1396216,1932669,2024185,1575623,882986,337134,79016,8834,85,1 breaks=16(dist5)
FAIL n=32 alpha=17 par=0,1,2,3,4,3,6,3,8,3,10,3,12,2,14,15,14,17,14,19,1,21,22,23,22,25,1,27,28,29,1,31 poly=1,32,465,4078,24181,102861,324754,775957,1416349,1976982,2095062,1657058,948221,371500,89608,10260,88,1 breaks=16(dist5)
FAIL n=32 alpha=17 par=0,1,2,3,4,3,6,3,8,3,10,3,12,2,14,15,14,17,14,19,1,21,22,23,22,25,1,27,28,27,1,31 poly=1,32,465,4079,24205,103117,326362,782594,1435342,2015656,2151527,1715695,990441,391560,95368,11119,143,2 breaks=16(dist5)
FAIL n=32 alpha=17 par=0,1,2,3,4,3,6,3,8,3,10,3,12,2,14,15,14,17,14,19,1,21,22,23,22,25,1,27,1,29,1,31 poly=1,32,465,4081,24252,103613,329477,795588,1473341,2095648,2273772,1850333,1094606,445176,111731,13270,97,1 breaks=16(dist5)
FAIL n=32 alpha=17 par=0,1,2,3,4,3,6,3,8,3,10,3,12,2,14,15,14,17,14,19,1,21,22,23,22,21,1,27,1,29,1,31 poly=1,32,465,4082,24275,103849,330912,801371,1489673,2128902,2323127,1903555,1135553,466809,119036,14639,200,3 breaks=16(dist5)
FAIL n=32 alpha=18 par=0,1,2,3,4,3,6,3,8,3,10,3,12,2,14,15,14,17,14,19,1,21,22,23,21,25,25,25,1,29,1,31 poly=1,32,465,4081,24257,103726,330634,802676,1502261,2178442,2444354,2105260,1368948,652599,216447,45119,4635,68,1 breaks=17(dist5)
FAIL n=32 alpha=17 par=0,1,2,3,4,3,6,3,8,3,10,3,12,2,14,15,14,17,14,19,1,21,22,23,21,25,1,27,28,29,1,31 poly=1,32,465,4078,24179,102818,324343,773646,1407834,1955352,2056360,1608267,905797,347367,81633,9185,135,2 breaks=16(dist5)
FAIL n=32 alpha=17 par=0,1,2,3,4,3,6,3,8,3,10,3,12,2,14,15,14,17,14,19,1,21,22,23,21,25,1,27,1,29,1,31 poly=1,32,465,4081,24249,103549,328871,792213,1461011,2064529,2218289,1780364,1033433,409925,99771,11536,141,2 breaks=16(dist5)
FAIL n=32 alpha=17 par=0,1,2,3,4,3,6,3,8,3,10,3,12,2,14,15,14,17,14,19,1,21,22,23,1,25,26,27,1,29,30,31 poly=1,32,465,4077,24156,102585,322968,768389,1394174,1930841,2026316,1584264,894805,345699,82210,9290,84,1 breaks=16(dist5)
FAIL n=32 alpha=17 par=0,1,2,3,4,3,6,3,8,3,10,3,12,2,14,15,14,17,14,19,1,21,22,23,1,25,26,27,1,29,30,29 poly=1,32,465,4078,24180,102841,324575,775008,1413030,1968934,2081264,1640378,934380,364117,87458,10101,138,2 breaks=16(dist5)
FAIL n=32 alpha=17 par=0,1,2,3,4,3,6,3,8,3,10,3,12,2,14,15,14,17,14,19,1,21,22,23,1,25,26,27,1,29,1,31 poly=1,32,465,4080,24227,103337,327689,787985,1450901,2048366,2201941,1772104,1034961,414917,102541,11996,92,1 breaks=16(dist5)
FAIL n=32 alpha=18 par=0,1,2,3,4,3,6,3,8,3,10,3,12,2,14,15,14,17,14,19,1,21,22,23,1,25,26,26,26,25,1,31 poly=1,32,465,4081,24258,103747,330825,803675,1505612,2186015,2456077,2117568,1377352,655975,217056,45121,4635,68,1 breaks=17(dist5)
FAIL n=32 alpha=17 par=0,1,2,3,4,3,6,3,8,3,10,3,12,2,14,15,14,17,14,19,1,21,22,23,1,25,26,25,1,29,1,31 poly=1,32,465,4081,24250,103572,329104,793594,1466360,2078804,2245158,1816118,1066453,430109,107132,12756,145,2 breaks=16(dist5)
FAIL n=32 alpha=18 par=0,1,2,3,4,3,6,3,8,3,10,3,12,2,14,15,14,17,14,19,1,21,22,23,1,25,25,25,1,29,1,31 poly=1,32,465,4083,24301,104158,333136,812190,1527242,2224717,2504868,2159992,1401485,663950,218131,45074,4634,68,1 breaks=17(dist5)
FAIL n=32 alpha=17 par=0,1,2,3,4,3,6,3,8,3,10,3,12,2,14,15,14,17,14,19,1,21,22,23,1,25,1,27,1,29,1,31 poly=1,32,465,4084,24320,104304,333652,812340,1520479,2191204,2414570,2000138,1206926,501542,128748,15619,103,1 breaks=16(dist5)
FAIL n=32 alpha=17 par=0,1,2,3,4,3,6,3,8,3,10,3,12,2,14,15,14,17,14,19,1,21,22,21,1,25,1,27,1,29,1,31 poly=1,32,465,4085,24342,104519,334893,817076,1533122,2215504,2448579,2034697,1231977,514020,132730,16329,155,2 breaks=16(dist5)
STATS n=32 trees=1718899800 failures=40 alarms=0
