FAIL n=32 alpha=17 par=0,1,2,3,4,5,6,5,8,5,2,11,2,13,2,15,1,17,18,19,20,17,22,17,24,1,26,27,26,29,26,31 poly=1,32,465,4076,24139,102471,322641,768539,1398657,1947841,2062222,1632878,938159,370689,90975,10938,209,4 breaks=16(dist5)
FAIL n=32 alpha=17 par=0,1,2,3,4,5,6,5,8,3,10,3,12,2,14,15,16,17,16,19,14,21,1,23,24,25,26,27,1,29,1,31 poly=1,32,465,4070,23994,100908,312700,726961,1278069,1698872,1693026,1241968,649279,228670,48823,4944,69,1 breaks=16(dist5)
FAIL n=32 alpha=17 par=0,1,2,3,4,5,6,5,8,3,10,3,12,2,14,15,16,17,14,19,20,21,1,23,24,25,26,27,1,29,1,31 poly=1,32,465,4069,23969,100632,310921,719508,1256707,1655978,1632360,1182178,609416,211712,44723,4519,67,1 breaks=16(dist5)
FAIL n=32 alpha=17 par=0,1,2,3,4,5,6,5,8,3,10,3,12,2,14,15,16,17,14,19,14,21,14,23,1,25,26,27,28,29,1,31 poly=1,32,465,4072,24040,101381,315574,738448,1309866,1761327,1780639,1328962,708790,255225,55744,5744,73,1 breaks=16(dist5)
FAIL n=32 alpha=17 par=0,1,2,3,4,5,6,5,8,3,10,3,12,2,14,15,16,17,14,19,14,21,1,23,24,25,26,27,24,29,1,31 poly=1,32,465,4070,23994,100909,312721,727150,1279030,1701932,1699407,1250799,657291,233230,50293,5149,70,1 breaks=16(dist5)
FAIL n=32 alpha=17 par=0,1,2,3,4,5,6,5,8,3,10,3,12,2,14,15,16,17,14,19,14,21,1,23,24,25,26,27,1,29,30,31 poly=1,32,465,4069,23969,100632,310921,719507,1256691,1655872,1631982,1181389,608437,211017,44472,4485,66,1 breaks=16(dist5)
FAIL n=32 alpha=17 par=0,1,2,3,4,5,6,5,8,3,10,3,12,2,14,15,16,17,14,19,14,21,1,23,24,25,26,27,1,29,1,31 poly=1,32,465,4071,24017,101146,314165,732934,1295055,1733398,1743522,1294648,687455,246878,53943,5584,69,1 breaks=16(dist5)
FAIL n=32 alpha=17 par=0,1,2,3,4,5,6,5,8,3,10,3,12,2,14,15,16,17,14,19,14,21,1,23,24,25,26,25,1,29,1,31 poly=1,32,465,4072,24043,101446,316198,741953,1322674,1793329,1836500,1397200,766106,286901,66237,7409,120,2 breaks=16(dist5)
FAIL n=32 alpha=17 par=0,1,2,3,4,5,6,5,4,9,2,11,12,13,1,15,16,17,18,15,20,15,22,1,24,25,24,27,24,29,24,31 poly=1,32,465,4073,24065,101656,317340,745848,1331266,1805327,1845811,1398450,761237,282111,64300,7101,115,2 breaks=16(dist5)
FAIL n=32 alpha=17 par=0,1,2,3,4,5,6,5,2,9,10,11,2,13,1,15,16,17,18,15,20,21,22,15,24,1,26,27,26,29,26,31 poly=1,32,465,4071,24018,101170,314418,734482,1301170,1749794,1774021,1334098,722354,267123,60993,6784,116,2 breaks=16(dist5)
FAIL n=32 alpha=17 par=0,1,2,3,4,5,6,5,2,9,10,11,2,13,1,15,16,17,18,15,20,21,22,1,24,25,24,27,24,29,24,31 poly=1,32,465,4072,24041,101403,315788,739668,1314417,1773049,1802009,1356642,733836,270372,61327,6758,114,2 breaks=16(dist5)
FAIL n=32 alpha=17 par=0,1,2,3,4,5,6,5,2,9,10,11,2,13,1,15,16,17,18,15,20,15,22,15,24,1,26,27,26,29,26,31 poly=1,32,465,4074,24089,101919,319073,753462,1354667,1856733,1926903,1489408,831855,318090,75109,8568,126,2 breaks=16(dist5)
FAIL n=32 alpha=17 par=0,1,2,3,4,5,6,5,2,9,10,11,2,13,1,15,16,17,18,15,20,15,22,1,24,25,26,27,24,29,24,31 poly=1,32,465,4071,24018,101170,314418,734481,1301154,1749687,1773630,1333242,721199,266177,60555,6690,112,2 breaks=16(dist5)
FAIL n=32 alpha=17 par=0,1,2,3,4,5,6,5,2,9,10,11,2,13,1,15,16,17,18,15,20,15,22,1,24,25,24,27,24,29,24,31 poly=1,32,465,4074,24089,101918,319054,753305,1353923,1854490,1922398,1483285,826269,314790,73947,8368,118,2 breaks=16(dist5)
FAIL n=32 alpha=18 par=0,1,2,3,4,4,3,7,7,1,10,11,12,11,14,11,16,11,18,10,20,21,20,23,20,25,20,27,1,29,1,31 poly=1,32,465,4079,24211,103248,327649,790125,1464604,2095263,2307134,1936059,1215014,552365,172350,33402,3199,55,1 breaks=17(dist5)
FAIL n=32 alpha=18 par=0,1,2,3,4,4,3,7,7,1,10,11,12,11,14,11,16,11,18,10,20,21,20,23,20,25,1,27,1,29,1,31 poly=1,32,465,4079,24211,103250,327684,790392,1465779,2098576,2313398,1944110,1221968,556242,173628,33606,3207,55,1 breaks=17(dist5)
STATS n=32 trees=1746831618 failures=16 alarms=0
