FAIL n=32 alpha=17 par=0,1,2,3,4,5,6,5,8,5,10,5,12,2,14,15,14,17,14,19,14,21,1,23,24,25,26,27,1,29,1,31 poly=1,32,465,4076,24137,102413,321960,764089,1380291,1896924,1964647,1502858,819549,299784,65707,6662,81,1 breaks=16(dist5)
FAIL n=32 alpha=17 par=0,1,2,3,4,5,6,3,8,9,10,3,12,2,14,15,16,17,14,19,20,21,1,23,24,25,26,27,1,29,1,31 poly=1,32,465,4068,23944,100356,309144,712089,1235588,1614038,1573946,1125667,572442,196184,40951,4110,64,1 breaks=16(dist5)
FAIL n=32 alpha=17 par=0,1,2,3,4,5,6,3,8,9,10,3,12,2,14,15,16,17,14,19,14,21,14,23,1,25,26,27,28,29,1,31 poly=1,32,465,4071,24015,101105,313794,730979,1288391,1717971,1718773,1267132,666674,236720,51049,5221,70,1 breaks=16(dist5)
FAIL n=32 alpha=17 par=0,1,2,3,4,5,6,3,8,9,10,3,12,2,14,15,16,17,14,19,14,21,1,23,24,25,26,27,24,29,1,31 poly=1,32,465,4069,23969,100633,310943,719713,1257774,1659413,1639499,1191861,617859,216227,46055,4683,67,1 breaks=16(dist5)
FAIL n=32 alpha=17 par=0,1,2,3,4,5,6,3,8,9,10,3,12,2,14,15,16,17,14,19,14,21,1,23,24,25,26,27,1,29,30,31 poly=1,32,465,4068,23944,100356,309144,712088,1235572,1613932,1573569,1124887,571492,195529,40722,4079,63,1 breaks=16(dist5)
FAIL n=32 alpha=17 par=0,1,2,3,4,5,6,3,8,9,10,3,12,2,14,15,16,17,14,19,14,21,1,23,24,25,26,27,1,29,1,31 poly=1,32,465,4070,23992,100870,312386,725481,1273689,1690455,1682609,1234194,646564,229004,49408,5073,66,1 breaks=16(dist5)
FAIL n=32 alpha=17 par=0,1,2,3,4,5,6,3,8,9,8,3,12,2,14,15,14,17,14,19,14,21,1,23,24,25,26,27,1,29,1,31 poly=1,32,465,4074,24087,101874,318624,750841,1344721,1830960,1880336,1430695,781183,289542,65632,7146,117,2 breaks=16(dist5)
FAIL n=32 alpha=18 par=0,1,2,3,4,5,5,5,4,3,10,3,12,2,14,15,14,17,14,19,14,21,14,23,1,25,26,27,1,29,1,31 poly=1,32,465,4081,24258,103747,330826,803690,1505706,2186342,2456774,2118505,1378131,656344,217135,45123,4635,68,1 breaks=17(dist5)
FAIL n=32 alpha=18 par=0,1,2,3,4,5,5,5,4,3,10,3,12,2,14,15,14,17,14,19,14,21,1,23,24,25,24,27,1,29,1,31 poly=1,32,465,4078,24190,103058,326688,787226,1459789,2093791,2319933,1969661,1260078,589677,191591,39111,3960,62,1 breaks=17(dist5)
FAIL n=32 alpha=18 par=0,1,2,3,4,5,5,5,4,3,10,3,12,2,14,15,14,17,14,19,14,21,1,23,24,25,1,27,28,29,1,31 poly=1,32,465,4077,24165,102782,324902,779649,1437478,2046760,2247883,1889206,1195167,552725,177446,35816,3598,59,1 breaks=17(dist5)
FAIL n=32 alpha=18 par=0,1,2,3,4,5,5,5,4,3,10,3,12,2,14,15,14,17,14,19,14,21,1,23,24,25,1,27,1,29,1,31 poly=1,32,465,4080,24236,103532,329589,799011,1493407,2163202,2425172,2087107,1355641,644994,213273,44306,4543,64,1 breaks=17(dist5)
FAIL n=32 alpha=17 par=0,1,2,3,4,5,4,7,2,9,2,11,1,13,14,15,16,15,18,13,20,13,22,1,24,25,26,27,26,29,24,31 poly=1,32,465,4071,24019,101186,314519,734764,1301195,1747437,1765843,1319326,706053,255987,56564,5928,73,1 breaks=16(dist5)
FAIL n=32 alpha=17 par=0,1,2,3,4,5,4,7,2,9,2,11,1,13,14,15,16,15,18,13,20,13,22,1,24,25,26,27,24,29,30,31 poly=1,32,465,4070,23994,100910,312739,727293,1279695,1703951,1703612,1256899,663373,237207,51828,5415,71,1 breaks=16(dist5)
FAIL n=32 alpha=17 par=0,1,2,3,4,5,4,7,2,9,2,11,1,13,14,15,16,15,18,13,20,13,22,1,24,25,26,27,24,29,24,31 poly=1,32,465,4072,24042,101424,315985,740754,1318307,1782498,1817774,1374528,747133,276307,62564,6728,73,1 breaks=16(dist5)
FAIL n=32 alpha=17 par=0,1,2,3,4,5,4,7,2,9,2,11,1,13,14,15,16,15,18,13,20,13,22,1,24,25,24,27,24,29,24,31 poly=1,32,465,4075,24113,102172,320624,759626,1371402,1888535,1969412,1528826,856223,327247,76696,8498,76,1 breaks=16(dist5)
FAIL n=32 alpha=17 par=0,1,2,3,4,5,4,7,2,9,2,11,1,13,14,15,16,15,18,13,20,1,22,23,24,25,22,27,28,29,22,31 poly=1,32,465,4070,23994,100910,312740,727309,1279802,1704341,1704456,1257998,664187,237478,51813,5389,70,1 breaks=16(dist5)
FAIL n=32 alpha=17 par=0,1,2,3,4,5,4,7,2,9,2,11,1,13,14,15,16,15,18,13,20,1,22,23,24,25,22,27,22,29,22,31 poly=1,32,465,4073,24065,101658,317376,746128,1332498,1808695,1851701,1404918,765283,283018,63880,6821,75,1 breaks=16(dist5)
FAIL n=32 alpha=17 par=0,1,2,3,4,5,4,7,2,9,2,11,1,13,14,15,16,15,18,13,20,1,22,23,22,25,22,27,22,29,22,31 poly=1,32,465,4077,24158,102621,323251,769662,1397758,1937244,2033048,1586841,891881,341039,79618,8745,82,1 breaks=16(dist5)
FAIL n=32 alpha=17 par=0,1,2,3,4,5,4,7,2,9,2,11,1,13,14,15,16,14,18,13,20,13,22,13,24,1,26,27,26,29,26,31 poly=1,32,465,4075,24110,102110,320057,756593,1360842,1863373,1927502,1480021,817338,307173,70778,7837,123,2 breaks=16(dist5)
FAIL n=32 alpha=17 par=0,1,2,3,4,5,4,7,2,9,2,11,1,13,14,15,16,14,18,13,20,13,22,1,24,25,24,27,24,29,24,31 poly=1,32,465,4075,24111,102129,320215,757352,1363179,1868201,1934293,1486461,821299,308619,71030,7845,123,2 breaks=16(dist5)
FAIL n=32 alpha=17 par=0,1,2,3,4,5,4,7,2,9,2,11,1,13,14,15,16,13,18,19,20,13,22,23,24,1,26,27,26,29,26,31 poly=1,32,465,4071,24017,101148,314205,733285,1296835,1739177,1756076,1313128,705652,258346,58125,6263,75,1 breaks=16(dist5)
FAIL n=32 alpha=17 par=0,1,2,3,4,5,4,7,2,9,2,11,1,13,14,15,16,13,18,19,20,13,22,13,24,1,26,27,26,29,26,31 poly=1,32,465,4074,24088,101898,318879,752419,1351030,1848063,1912417,1472337,817819,310291,72366,8033,83,1 breaks=16(dist5)
FAIL n=32 alpha=17 par=0,1,2,3,4,5,4,7,2,9,2,11,1,13,14,15,16,13,18,19,20,13,22,1,24,25,26,27,24,29,30,31 poly=1,32,465,4069,23969,100634,310961,719856,1258438,1661421,1643653,1197829,623731,219998,47476,4922,68,1 breaks=16(dist5)
FAIL n=32 alpha=17 par=0,1,2,3,4,5,4,7,2,9,2,11,1,13,14,15,16,13,18,19,20,13,22,1,24,25,26,27,24,29,24,31 poly=1,32,465,4071,24017,101148,314205,733283,1296803,1738963,1755295,1311427,703387,256542,57333,6109,70,1 breaks=16(dist5)
FAIL n=32 alpha=17 par=0,1,2,3,4,5,4,7,2,9,2,11,1,13,14,15,16,13,18,19,20,13,22,1,24,25,24,27,24,29,24,31 poly=1,32,465,4074,24088,101896,318841,752105,1349543,1843591,1903487,1460336,807085,304153,70315,7710,73,1 breaks=16(dist5)
FAIL n=32 alpha=17 par=0,1,2,3,4,5,4,7,2,9,2,11,1,13,14,15,16,13,18,19,20,1,22,23,24,25,22,27,22,29,22,31 poly=1,32,465,4072,24040,101382,315594,738625,1310779,1764367,1787466,1339432,719614,262441,58544,6224,73,1 breaks=16(dist5)
FAIL n=32 alpha=17 par=0,1,2,3,4,5,4,7,2,9,2,11,1,13,14,15,16,13,18,19,20,1,22,23,22,25,22,27,22,29,22,31 poly=1,32,465,4076,24133,102345,321465,762094,1375588,1891159,1964575,1514799,839731,316543,72985,7974,80,1 breaks=16(dist5)
FAIL n=32 alpha=17 par=0,1,2,3,4,5,4,7,2,9,2,11,1,13,14,15,16,13,18,19,18,13,22,13,24,1,26,27,26,29,26,31 poly=1,32,465,4075,24111,102133,320290,757968,1366104,1877109,1952500,1511784,844991,322908,76059,8637,127,2 breaks=16(dist5)
FAIL n=32 alpha=17 par=0,1,2,3,4,5,4,7,2,9,2,11,1,13,14,15,16,13,18,19,18,13,22,1,24,25,24,27,24,29,24,31 poly=1,32,465,4075,24112,102152,320447,758711,1368332,1881520,1958299,1516695,847417,323379,75950,8582,125,2 breaks=16(dist5)
FAIL n=32 alpha=17 par=0,1,2,3,4,5,4,7,2,9,2,11,1,13,14,15,16,13,18,13,20,13,22,13,24,1,26,27,26,29,26,31 poly=1,32,465,4078,24181,102863,324791,776254,1417712,1980943,2102669,1666801,956382,375727,90809,10405,94,1 breaks=16(dist5)
FAIL n=32 alpha=17 par=0,1,2,3,4,5,4,7,2,9,2,11,1,13,14,15,16,13,18,13,20,13,22,1,24,25,26,27,24,29,24,31 poly=1,32,465,4074,24088,101897,318860,752261,1350271,1845726,1907589,1465546,811379,306330,70920,7781,75,1 breaks=16(dist5)
FAIL n=32 alpha=17 par=0,1,2,3,4,5,4,7,2,9,2,11,1,13,14,15,16,13,18,13,20,13,22,1,24,25,24,27,24,29,24,31 poly=1,32,465,4077,24159,102646,323520,771324,1404355,1954994,2066200,1629938,930173,363215,87153,9877,78,1 breaks=16(dist5)
FAIL n=32 alpha=17 par=0,1,2,3,4,5,4,7,2,9,2,11,1,13,14,15,16,13,18,13,20,1,22,23,24,23,22,27,22,29,22,31 poly=1,32,465,4075,24111,102132,320272,757827,1365469,1875283,1948987,1507191,840946,320597,75274,8509,123,2 breaks=16(dist5)
FAIL n=32 alpha=17 par=0,1,2,3,4,5,4,7,2,9,2,11,1,13,14,15,16,13,18,13,20,1,22,23,22,25,22,27,22,29,22,31 poly=1,32,465,4078,24181,102861,324754,775955,1416318,1976780,2094328,1655417,945897,369455,88578,10025,82,1 breaks=16(dist5)
STATS n=32 trees=1741383869 failures=34 alarms=0
