FAIL n=32 alpha=17 par=0,1,2,3,4,5,6,5,8,5,10,5,12,4,14,15,14,17,14,19,14,21,3,23,24,25,1,27,28,29,30,31 poly=1,32,465,4074,24086,101849,318350,749100,1337584,1811111,1842069,1379497,734548,261939,55994,5562,68,1 breaks=16(dist5)
FAIL n=32 alpha=17 par=0,1,2,3,4,5,6,5,8,5,10,5,12,4,14,15,14,17,14,19,14,21,3,23,24,25,1,27,28,29,30,29 poly=1,32,465,4075,24112,102149,320388,758206,1365854,1873792,1942281,1494351,826734,311254,71897,7989,118,2 breaks=16(dist5)
FAIL n=32 alpha=17 par=0,1,2,3,4,5,6,5,8,5,10,5,12,4,14,15,14,17,14,19,14,21,3,23,3,25,1,27,28,29,30,31 poly=1,32,465,4076,24134,102365,321636,762911,1377950,1895201,1967701,1512729,831884,308060,68544,7012,72,1 breaks=16(dist5)
FAIL n=32 alpha=17 par=0,1,2,3,4,5,6,5,8,5,10,5,12,4,14,15,14,17,14,19,14,21,3,23,3,25,1,27,28,29,30,29 poly=1,32,465,4077,24160,102665,323676,772053,1406501,1959134,2071437,1634105,932028,363559,87227,9991,123,2 breaks=16(dist5)
FAIL n=32 alpha=17 par=0,1,2,3,4,5,6,5,8,5,10,5,12,4,14,15,14,17,14,19,14,21,3,23,3,25,1,27,28,29,30,27 poly=1,32,465,4077,24160,102666,323696,772227,1407373,1961939,2077523,1643175,941258,369769,89795,10548,165,3 breaks=16(dist5)
FAIL n=32 alpha=17 par=0,1,2,3,4,5,6,5,8,5,10,5,12,4,14,15,14,17,14,19,14,21,3,23,1,25,26,27,28,29,28,31 poly=1,32,465,4075,24111,102124,320115,756473,1358702,1853537,1901941,1437657,771468,275548,58048,5476,72,1 breaks=16(dist5)
FAIL n=32 alpha=17 par=0,1,2,3,4,5,6,5,8,5,10,5,12,4,14,15,14,17,14,19,14,21,3,23,1,25,26,27,28,29,26,31 poly=1,32,465,4075,24111,102125,320136,756664,1359700,1856877,1909463,1449251,783584,283784,61344,6069,74,1 breaks=16(dist5)
FAIL n=32 alpha=17 par=0,1,2,3,4,5,6,5,8,5,10,5,12,4,14,15,14,17,14,19,14,21,3,23,1,25,26,27,28,29,1,31 poly=1,32,465,4075,24111,102126,320155,756826,1360516,1859565,1915511,1458659,793568,290696,64160,6581,74,1 breaks=16(dist5)
FAIL n=32 alpha=17 par=0,1,2,3,4,5,6,5,8,5,10,5,12,4,14,15,14,17,14,19,14,21,3,23,1,25,26,27,28,27,26,31 poly=1,32,465,4076,24136,102402,321943,764426,1382915,1906608,1986561,1535323,851260,319515,72842,7860,121,2 breaks=16(dist5)
FAIL n=32 alpha=17 par=0,1,2,3,4,5,6,5,8,5,10,5,12,4,14,15,14,17,14,19,14,21,3,23,1,25,26,27,28,27,1,31 poly=1,32,465,4076,24137,102426,322193,765932,1388786,1922246,2015723,1573513,885754,340011,80063,9008,124,2 breaks=16(dist5)
FAIL n=32 alpha=17 par=0,1,2,3,4,5,6,5,8,5,10,5,12,4,14,15,14,17,14,19,14,21,3,23,1,25,26,27,28,25,1,31 poly=1,32,465,4076,24136,102404,321982,764762,1384603,1912101,1998695,1553801,870474,332637,78226,8929,163,3 breaks=16(dist5)
FAIL n=32 alpha=17 par=0,1,2,3,4,5,6,5,8,5,10,5,12,4,14,15,14,17,14,19,14,21,1,23,24,25,26,27,1,29,1,31 poly=1,32,465,4076,24136,102396,321832,763524,1378663,1893703,1960175,1498495,816614,298486,65367,6622,81,1 breaks=16(dist5)
FAIL n=32 alpha=17 par=0,1,2,3,4,5,6,5,8,5,10,5,12,4,14,15,14,17,14,19,14,21,1,23,24,25,26,25,1,29,1,31 poly=1,32,465,4077,24162,102696,323870,772631,1406942,1956404,2060327,1612927,907798,346561,80466,8833,132,2 breaks=16(dist5)
FAIL n=32 alpha=17 par=0,1,2,3,4,5,6,5,8,5,10,5,12,4,14,15,14,17,14,19,3,21,22,23,3,25,1,27,28,29,30,31 poly=1,32,465,4073,24063,101616,316979,743901,1324276,1787760,1814256,1357939,724812,260237,56343,5711,75,1 breaks=16(dist5)
FAIL n=32 alpha=17 par=0,1,2,3,4,5,6,5,8,5,10,5,12,4,14,15,14,17,14,19,3,21,22,23,3,25,1,27,28,29,30,29 poly=1,32,465,4074,24089,101916,319016,752990,1352423,1849943,1913224,1470809,814990,308323,71841,8083,123,2 breaks=16(dist5)
FAIL n=32 alpha=17 par=0,1,2,3,4,5,6,5,8,5,10,5,12,4,14,15,14,17,14,19,3,21,22,23,3,25,1,27,28,29,30,27 poly=1,32,465,4074,24089,101917,319036,753164,1353292,1852709,1919102,1479278,823193,313486,73811,8484,158,3 breaks=16(dist5)
FAIL n=32 alpha=17 par=0,1,2,3,4,5,6,5,8,5,10,5,12,4,14,15,14,17,14,19,3,21,3,23,3,25,1,27,28,29,30,31 poly=1,32,465,4076,24134,102366,321655,763069,1378710,1897550,1972589,1519683,838586,312274,70131,7304,84,1 breaks=16(dist5)
FAIL n=32 alpha=17 par=0,1,2,3,4,5,6,5,8,5,10,5,12,4,14,15,14,17,14,19,3,21,3,23,3,25,1,27,28,29,30,29 poly=1,32,465,4077,24160,102666,323695,772211,1407261,1961483,2076325,1641059,938730,367773,88814,10283,135,2 breaks=16(dist5)
FAIL n=32 alpha=17 par=0,1,2,3,4,5,6,5,8,5,10,5,12,4,14,15,14,17,14,19,3,21,3,23,3,25,1,27,28,29,30,27 poly=1,32,465,4077,24160,102667,323714,772368,1408008,1963763,2081017,1647694,945152,371910,90480,10652,169,3 breaks=16(dist5)
FAIL n=32 alpha=17 par=0,1,2,3,4,5,6,5,8,5,10,5,12,4,14,15,14,17,14,19,3,21,3,23,1,25,26,27,28,29,28,27 poly=1,32,465,4075,24114,102191,320782,760384,1373732,1893352,1976255,1535567,860908,329705,77802,8913,163,3 breaks=16(dist5)
FAIL n=32 alpha=17 par=0,1,2,3,4,5,6,5,8,5,10,5,12,4,14,15,14,17,14,19,3,21,3,23,1,25,26,27,28,27,26,31 poly=1,32,465,4075,24113,102168,320550,759023,1368551,1879862,1951654,1504038,832970,313304,71975,7900,125,2 breaks=16(dist5)
FAIL n=32 alpha=17 par=0,1,2,3,4,5,6,5,8,5,10,5,12,4,14,15,14,17,14,19,3,21,3,23,1,25,26,27,28,27,1,31 poly=1,32,465,4075,24114,102193,320819,760684,1375139,1897590,1984837,1547404,871865,336166,79928,9154,132,2 breaks=16(dist5)
FAIL n=32 alpha=17 par=0,1,2,3,4,5,6,5,8,5,10,5,12,4,14,15,14,17,14,19,3,21,3,23,1,25,26,27,28,25,1,31 poly=1,32,465,4075,24113,102171,320607,759498,1370844,1886988,1966600,1525530,853964,326709,77097,8846,161,3 breaks=16(dist5)
FAIL n=32 alpha=17 par=0,1,2,3,4,5,6,5,8,3,10,3,12,3,14,2,16,17,16,19,16,21,16,23,1,25,26,27,28,29,1,31 poly=1,32,465,4075,24111,102130,320230,757442,1363441,1868475,1933731,1484011,817279,304968,69166,7374,84,1 breaks=16(dist5)
FAIL n=32 alpha=17 par=0,1,2,3,4,5,6,5,8,3,10,3,12,3,14,2,16,17,16,19,16,21,1,23,24,25,26,27,1,29,1,31 poly=1,32,465,4074,24088,101896,318838,752054,1349169,1842031,1899395,1453325,799240,298639,68126,7354,84,1 breaks=16(dist5)
FAIL n=32 alpha=17 par=0,1,2,3,4,5,6,5,4,1,10,11,12,13,14,11,16,11,18,10,20,21,20,23,20,25,20,27,1,29,1,31 poly=1,32,465,4075,24114,102193,320820,760701,1375263,1898103,1986174,1549700,874493,338139,80853,9398,161,3 breaks=16(dist5)
FAIL n=32 alpha=17 par=0,1,2,3,4,5,6,5,4,1,10,11,12,13,14,11,16,11,18,10,20,21,20,23,20,25,1,27,1,29,1,31 poly=1,32,465,4075,24114,102194,320838,760843,1375911,1900001,1989910,1554718,879053,340844,81819,9570,169,3 breaks=16(dist5)
FAIL n=32 alpha=17 par=0,1,2,3,4,5,4,3,2,9,2,11,2,13,2,15,1,17,18,19,20,17,22,17,24,1,26,27,26,29,26,31 poly=1,32,465,4079,24203,103081,326080,781330,1431770,2009095,2143875,1710747,989928,393380,96779,11537,183,3 breaks=16(dist5)
STATS n=32 trees=1747618646 failures=28 alarms=0
