FAIL n=32 alpha=17 par=0,1,2,3,4,5,6,3,8,9,10,3,12,13,14,2,16,17,16,19,16,21,16,23,1,25,26,27,28,29,1,31 poly=1,32,465,4071,24015,101104,313775,730824,1287681,1715967,1715177,1263057,663889,235696,50904,5227,71,1 breaks=16(dist5)
FAIL n=32 alpha=17 par=0,1,2,3,4,5,6,3,8,9,10,3,12,13,14,2,16,17,16,19,16,21,1,23,24,25,26,27,1,29,1,31 poly=1,32,465,4070,23992,100870,312386,725483,1273721,1690669,1683388,1235877,648767,230707,50124,5207,71,1 breaks=16(dist5)
FAIL n=32 alpha=17 par=0,1,2,3,4,5,6,3,8,9,8,3,12,3,14,2,16,17,16,19,16,21,16,23,1,25,26,27,28,29,1,31 poly=1,32,465,4075,24109,102089,319859,755486,1356765,1852995,1908890,1456529,796903,295507,66837,7233,119,2 breaks=16(dist5)
FAIL n=32 alpha=17 par=0,1,2,3,4,5,6,3,8,9,8,3,12,3,14,2,16,17,16,19,16,21,1,23,24,25,26,27,1,29,1,31 poly=1,32,465,4074,24086,101855,318467,750099,1342505,1826609,1874698,1426031,778966,289149,65737,7193,119,2 breaks=16(dist5)
FAIL n=32 alpha=18 par=0,1,2,3,4,5,5,5,1,9,10,11,12,11,14,11,16,11,18,11,20,10,22,23,22,25,22,27,9,29,9,31 poly=1,32,465,4080,24236,103532,329587,798987,1493307,2163096,2425691,2089364,1359793,649276,215788,45068,4634,68,1 breaks=17(dist5)
FAIL n=32 alpha=18 par=0,1,2,3,4,5,5,5,1,9,10,11,12,11,14,11,16,11,18,10,20,21,20,23,20,25,20,27,9,29,30,31 poly=1,32,465,4077,24166,102800,325040,780241,1439053,2049502,2251172,1892207,1197560,554350,178147,35920,3583,58,1 breaks=17(dist5)
FAIL n=32 alpha=18 par=0,1,2,3,4,5,5,5,1,9,10,11,12,11,14,11,16,11,18,10,20,21,20,23,20,25,20,27,9,29,9,31 poly=1,32,465,4079,24214,103316,328332,794164,1480333,2137894,2389768,2051605,1330694,633147,209613,43562,4438,60,1 breaks=17(dist5)
FAIL n=32 alpha=18 par=0,1,2,3,4,5,5,5,1,9,10,11,12,11,14,11,16,11,18,10,20,21,20,23,20,25,9,27,28,29,9,31 poly=1,32,465,4076,24143,102567,323666,774989,1425344,2024442,2218832,1862924,1179362,546960,176410,35772,3597,59,1 breaks=17(dist5)
FAIL n=32 alpha=18 par=0,1,2,3,4,5,5,5,1,9,10,11,12,11,14,11,16,11,18,10,20,21,20,23,20,25,9,27,9,29,9,31 poly=1,32,465,4079,24214,103317,328351,794322,1481094,2140258,2394751,2058894,1338120,638348,212034,44259,4542,64,1 breaks=17(dist5)
FAIL n=32 alpha=17 par=0,1,2,3,4,3,2,7,2,9,2,11,2,13,1,15,16,17,16,15,20,15,22,15,24,1,26,27,26,29,26,31 poly=1,32,465,4082,24272,103788,330362,798460,1479594,2104872,2282799,1855867,1096619,445958,112508,13785,228,4 breaks=16(dist5)
FAIL n=32 alpha=17 par=0,1,2,3,4,3,2,7,2,9,2,11,2,13,1,15,16,17,16,15,20,15,22,1,24,25,24,27,24,29,24,31 poly=1,32,465,4082,24273,103808,330538,799366,1482639,2111909,2294235,1868963,1107003,451415,114242,14053,236,4 breaks=16(dist5)
FAIL n=32 alpha=17 par=0,1,2,3,2,5,2,7,2,9,2,11,1,13,14,13,16,13,18,13,20,13,22,1,24,25,24,27,24,29,24,31 poly=1,32,465,4087,24391,105054,338348,831841,1577284,2310587,2597383,2202915,1365983,585329,155348,19451,94,1 breaks=16(dist5)
FAIL n=32 alpha=17 par=0,1,2,3,2,5,2,7,2,9,2,11,1,13,14,13,16,13,18,13,20,1,22,23,22,25,22,27,22,29,1,31 poly=1,32,465,4085,24337,104419,333983,812101,1514961,2169010,2363375,1922897,1129017,450628,109242,12361,155,2 breaks=16(dist5)
FAIL n=32 alpha=18 par=0,1,2,3,2,5,2,7,2,9,2,11,1,13,14,13,16,13,18,13,20,1,22,23,22,25,22,27,1,29,29,29 poly=1,32,465,4085,24343,104566,335570,822157,1556860,2290445,2615057,2299188,1531761,751132,257204,55401,5814,71,1 breaks=17(dist5)
STATS n=32 trees=1664216852 failures=14 alarms=0
