FAIL n=32 alpha=17 par=0,1,2,3,4,5,6,5,8,5,10,5,12,5,14,4,16,17,16,19,16,21,16,23,3,25,1,27,28,29,30,31 poly=1,32,465,4078,24179,102815,324282,773101,1405008,1945901,2034991,1575091,870775,323211,71706,7255,78,1 breaks=16(dist5)
FAIL n=32 alpha=17 par=0,1,2,3,4,5,6,5,8,5,10,5,12,5,14,4,16,17,16,19,16,21,16,23,3,25,1,27,28,29,30,29 poly=1,32,465,4079,24205,103115,326324,782276,1433794,2010789,2141180,1700613,975548,382022,91788,10518,141,2 breaks=16(dist5)
FAIL n=32 alpha=17 par=0,1,2,3,4,5,6,5,8,5,10,5,12,5,14,4,16,17,16,19,16,21,16,23,1,25,26,27,28,29,1,31 poly=1,32,465,4078,24180,102830,324370,773321,1404933,1943768,2028239,1563578,858813,315720,69163,6918,81,1 breaks=16(dist5)
FAIL n=32 alpha=17 par=0,1,2,3,4,5,6,5,8,5,10,5,12,5,14,4,16,17,16,19,16,21,3,23,24,25,1,27,28,29,30,31 poly=1,32,465,4075,24108,102065,319601,753858,1350097,1834430,1873080,1408696,753541,270066,58076,5822,76,1 breaks=16(dist5)
FAIL n=32 alpha=17 par=0,1,2,3,4,5,6,5,8,5,10,5,12,5,14,4,16,17,16,19,16,21,3,23,3,25,1,27,28,29,30,31 poly=1,32,465,4077,24156,102581,322888,767684,1390560,1918875,1999522,1543122,852013,316859,70850,7304,80,1 breaks=16(dist5)
FAIL n=32 alpha=17 par=0,1,2,3,4,5,6,5,8,5,10,5,12,5,14,4,16,17,16,19,16,21,3,23,3,25,1,27,28,29,30,29 poly=1,32,465,4078,24182,102881,324929,776842,1419222,1983248,2104360,1666313,954133,373743,90115,10407,139,2 breaks=16(dist5)
FAIL n=32 alpha=17 par=0,1,2,3,4,5,6,5,8,5,10,5,12,5,14,4,16,17,16,19,16,21,3,23,1,25,26,27,28,29,1,31 poly=1,32,465,4076,24133,102342,321407,761599,1373127,1883250,1947383,1489181,813889,299663,66546,6889,82,1 breaks=16(dist5)
FAIL n=32 alpha=17 par=0,1,2,3,4,5,6,3,8,3,10,3,12,2,14,15,14,17,14,19,14,21,14,23,1,25,26,27,28,29,26,31 poly=1,32,465,4078,24180,102833,324429,773828,1407450,1951793,2045452,1588757,883600,331398,74891,7832,84,1 breaks=16(dist5)
FAIL n=32 alpha=17 par=0,1,2,3,4,5,6,3,8,3,10,3,12,2,14,15,14,17,14,19,14,21,14,23,1,25,26,27,28,29,1,31 poly=1,32,465,4078,24179,102818,324341,773610,1407555,1954119,2052911,1601896,897976,341153,78662,8465,82,1 breaks=16(dist5)
FAIL n=32 alpha=17 par=0,1,2,3,4,5,6,3,8,3,10,3,12,2,14,15,14,17,14,19,14,21,1,23,24,25,26,27,24,29,24,31 poly=1,32,465,4076,24136,102399,321891,764029,1381148,1901514,1976596,1521885,838861,311940,69990,7292,80,1 breaks=16(dist5)
FAIL n=32 alpha=17 par=0,1,2,3,4,5,6,3,8,3,10,3,12,2,14,15,14,17,14,19,14,21,1,23,24,25,26,27,24,29,1,31 poly=1,32,465,4075,24111,102129,320214,757333,1363027,1867520,1932390,1482987,817106,305328,69435,7419,75,1 breaks=16(dist5)
FAIL n=32 alpha=17 par=0,1,2,3,4,5,6,3,8,3,10,3,12,2,14,15,14,17,14,19,14,21,1,23,24,25,26,27,1,29,30,31 poly=1,32,465,4074,24086,101852,318409,749608,1340109,1819148,1859214,1404352,758743,277078,61494,6447,71,1 breaks=16(dist5)
FAIL n=32 alpha=17 par=0,1,2,3,4,5,6,3,8,3,10,3,12,2,14,15,14,17,14,19,14,21,1,23,24,25,26,27,1,29,1,31 poly=1,32,465,4076,24134,102368,321695,763420,1380493,1903374,1985408,1538983,858242,325237,75116,8137,74,1 breaks=16(dist5)
FAIL n=32 alpha=17 par=0,1,2,3,4,5,6,3,8,3,10,3,12,2,14,15,14,17,14,19,1,21,22,23,24,25,22,27,22,29,1,31 poly=1,32,465,4074,24089,101912,318949,752493,1350261,1843804,1901280,1454615,799812,298843,68210,7378,85,1 breaks=16(dist5)
FAIL n=32 alpha=17 par=0,1,2,3,4,5,6,3,8,3,10,3,12,2,14,15,14,17,14,19,1,21,22,23,24,25,22,27,1,29,30,31 poly=1,32,465,4072,24040,101380,315556,738310,1309280,1759836,1778388,1327250,708843,256474,56696,5989,75,1 breaks=16(dist5)
FAIL n=32 alpha=17 par=0,1,2,3,4,5,6,3,8,3,10,3,12,2,14,15,14,17,14,19,1,21,22,23,24,25,22,27,1,29,1,31 poly=1,32,465,4074,24088,101896,318841,752102,1349501,1843338,1902633,1458574,804817,302385,69565,7590,81,1 breaks=16(dist5)
FAIL n=32 alpha=17 par=0,1,2,3,4,5,6,3,8,3,10,3,12,2,14,15,14,17,14,19,1,21,22,23,24,25,1,27,28,29,30,31 poly=1,32,465,4071,24015,101102,313734,730457,1285793,1709792,1701791,1243662,645477,224867,47411,4772,69,1 breaks=16(dist5)
FAIL n=32 alpha=17 par=0,1,2,3,4,5,6,3,8,3,10,3,12,2,14,15,14,17,14,19,1,21,22,23,24,25,1,27,28,29,28,31 poly=1,32,465,4072,24040,101379,315535,738120,1308301,1756646,1771510,1317314,699368,250794,54779,5714,73,1 breaks=16(dist5)
FAIL n=32 alpha=17 par=0,1,2,3,4,5,6,3,8,3,10,3,12,2,14,15,14,17,14,19,1,21,22,23,24,25,1,27,28,29,1,31 poly=1,32,465,4073,24063,101619,317038,744409,1326799,1795773,1831284,1382494,748571,275018,61688,6565,75,1 breaks=16(dist5)
FAIL n=32 alpha=17 par=0,1,2,3,4,5,6,3,8,3,10,3,12,2,14,15,14,17,14,19,1,21,22,23,24,25,1,27,1,29,1,31 poly=1,32,465,4076,24134,102369,321714,763578,1381253,1905722,1990287,1545903,864874,329366,76642,8405,82,1 breaks=16(dist5)
FAIL n=32 alpha=18 par=0,1,2,3,4,5,2,7,7,7,2,11,2,13,1,15,16,17,18,15,20,15,22,1,24,25,24,27,24,29,24,31 poly=1,32,465,4079,24208,103192,327191,787966,1458131,2082501,2290875,1924169,1213044,557364,177400,35504,3548,57,1 breaks=17(dist5)
STATS n=32 trees=1693686643 failures=21 alarms=0
