FAIL n=32 alpha=17 par=0,1,2,3,4,5,6,7,4,9,10,11,4,13,3,15,16,15,18,15,20,15,22,2,24,1,26,27,28,29,30,31 poly=1,32,465,4071,24015,101102,313735,730472,1285886,1710093,1702293,1243893,644831,223590,46469,4507,66,1 breaks=16(dist5)
FAIL n=32 alpha=18 par=0,1,2,3,4,5,5,5,2,9,2,11,2,13,2,15,1,17,18,19,20,17,22,17,24,1,26,27,26,29,26,31 poly=1,32,465,4080,24236,103536,329656,799502,1495497,2168966,2436012,2101306,1368591,653043,216519,45079,4634,68,1 breaks=17(dist5)
FAIL n=32 alpha=17 par=0,1,2,3,4,5,4,7,2,9,10,11,1,13,14,15,16,15,18,13,20,21,22,1,24,25,26,27,24,29,24,31 poly=1,32,465,4068,23946,100395,309476,713712,1240633,1624478,1588609,1139708,581581,200192,42086,4276,65,1 breaks=16(dist5)
FAIL n=32 alpha=17 par=0,1,2,3,4,5,4,7,2,9,10,11,1,13,14,15,16,15,18,13,20,21,22,1,24,25,24,27,24,29,24,31 poly=1,32,465,4071,24017,101141,314071,732167,1291486,1722939,1723432,1269192,666663,236591,51254,5322,68,1 breaks=16(dist5)
FAIL n=32 alpha=17 par=0,1,2,3,4,5,4,7,2,9,10,11,1,13,14,15,16,15,18,13,20,13,22,1,24,25,26,27,24,29,24,31 poly=1,32,465,4070,23994,100909,312720,727137,1278967,1701816,1699510,1251689,659079,235030,51223,5344,69,1 breaks=16(dist5)
FAIL n=32 alpha=17 par=0,1,2,3,4,5,4,7,2,9,10,11,1,13,14,15,16,15,18,13,20,13,22,1,24,25,24,27,24,29,24,31 poly=1,32,465,4073,24065,101656,317337,745800,1330933,1804010,1842530,1393092,755467,278103,62599,6702,72,1 breaks=16(dist5)
FAIL n=32 alpha=17 par=0,1,2,3,4,5,4,7,2,9,10,11,1,13,14,15,16,15,18,13,20,1,22,23,24,25,22,27,22,29,22,31 poly=1,32,465,4071,24017,101143,314110,732495,1293049,1727599,1732476,1280679,675972,241095,52383,5429,71,1 breaks=16(dist5)
FAIL n=32 alpha=17 par=0,1,2,3,4,5,4,7,2,9,10,11,1,13,14,15,16,15,18,13,20,1,22,23,22,25,22,27,22,29,22,31 poly=1,32,465,4075,24110,102105,319962,755805,1357083,1851949,1904388,1448497,788726,290605,65181,6925,78,1 breaks=16(dist5)
FAIL n=32 alpha=17 par=0,1,2,3,4,5,4,7,2,9,10,11,1,13,14,15,16,13,18,19,20,13,22,13,24,1,26,27,26,29,26,31 poly=1,32,465,4072,24040,101382,315594,738627,1310808,1764546,1788082,1340729,721332,263848,59205,6369,79,1 breaks=16(dist5)
FAIL n=32 alpha=17 par=0,1,2,3,4,5,4,7,2,9,10,11,1,13,14,15,16,13,18,19,20,13,22,1,24,25,26,27,24,29,24,31 poly=1,32,465,4069,23969,100633,310942,719700,1257711,1659298,1639609,1192764,619637,217970,46924,4857,66,1 breaks=16(dist5)
FAIL n=32 alpha=17 par=0,1,2,3,4,5,4,7,2,9,10,11,1,13,14,15,16,13,18,19,20,13,22,1,24,25,24,27,24,29,24,31 poly=1,32,465,4072,24040,101380,315556,738313,1309323,1760098,1779272,1329051,711101,258160,57366,6086,69,1 breaks=16(dist5)
FAIL n=32 alpha=17 par=0,1,2,3,4,5,4,7,2,9,10,11,1,13,14,15,16,13,18,19,20,1,22,23,24,25,22,27,22,29,22,31 poly=1,32,465,4070,23992,100867,312330,725026,1271578,1684290,1670837,1219432,634713,223306,47999,4960,69,1 breaks=16(dist5)
FAIL n=32 alpha=17 par=0,1,2,3,4,5,4,7,2,9,10,11,1,13,14,15,16,13,18,19,20,1,22,23,22,25,22,27,22,29,22,31 poly=1,32,465,4074,24085,101829,318178,748271,1335162,1806899,1838608,1380994,741503,269391,59736,6322,76,1 breaks=16(dist5)
FAIL n=32 alpha=17 par=0,1,2,3,4,5,4,7,2,9,10,11,1,13,14,15,16,13,18,19,18,13,22,1,24,25,24,27,24,29,24,31 poly=1,32,465,4073,24064,101636,317161,744902,1327988,1797516,1832771,1383229,749095,275830,62416,6858,117,2 breaks=16(dist5)
FAIL n=32 alpha=17 par=0,1,2,3,4,5,4,7,2,9,10,11,1,13,14,15,16,13,18,13,20,13,22,13,24,1,26,27,26,29,26,31 poly=1,32,465,4076,24133,102346,321483,762237,1376248,1893120,1968505,1520210,844835,319749,74228,8217,90,1 breaks=16(dist5)
FAIL n=32 alpha=17 par=0,1,2,3,4,5,4,7,2,9,10,11,1,13,14,15,16,13,18,13,20,13,22,1,24,25,26,27,24,29,24,31 poly=1,32,465,4072,24040,101381,315575,738469,1310050,1762221,1783315,1334108,715172,260159,57903,6149,71,1 breaks=16(dist5)
FAIL n=32 alpha=17 par=0,1,2,3,4,5,4,7,2,9,10,11,1,13,14,15,16,13,18,13,20,13,22,1,24,25,24,27,24,29,24,31 poly=1,32,465,4075,24111,102129,320213,757322,1362990,1867548,1932948,1484799,820146,308245,70956,7753,74,1 breaks=16(dist5)
FAIL n=32 alpha=17 par=0,1,2,3,4,5,4,7,2,9,10,11,1,13,14,15,16,13,18,13,20,1,22,23,24,23,22,27,22,29,22,31 poly=1,32,465,4073,24063,101616,316986,744019,1325138,1791350,1823671,1374101,743025,273294,61816,6793,115,2 breaks=16(dist5)
FAIL n=32 alpha=17 par=0,1,2,3,4,5,4,7,2,9,10,11,1,13,14,15,16,13,18,13,20,1,22,23,22,25,22,27,22,29,22,31 poly=1,32,465,4076,24133,102344,321446,761938,1374856,1888980,1960276,1509125,834822,313917,72221,7885,78,1 breaks=16(dist5)
FAIL n=32 alpha=18 par=0,1,2,3,4,4,3,7,7,3,2,11,2,13,1,15,16,15,18,15,20,15,22,1,24,25,24,27,24,29,24,31 poly=1,32,465,4081,24256,103698,330303,800443,1492545,2149443,2383116,2012769,1269660,578739,180355,34728,3288,57,1 breaks=17(dist5)
STATS n=32 trees=1676672052 failures=20 alarms=0
