FAIL n=32 alpha=17 par=0,1,2,3,4,5,6,5,8,3,10,11,12,3,14,2,16,17,16,19,16,21,16,23,1,25,26,27,28,29,1,31 poly=1,32,465,4072,24040,101380,315555,738293,1309154,1759299,1776929,1324614,705662,253997,55568,5761,75,1 breaks=16(dist5)
FAIL n=32 alpha=17 par=0,1,2,3,4,5,6,5,8,3,10,11,12,3,14,2,16,17,16,19,16,21,1,23,24,25,26,27,1,29,1,31 poly=1,32,465,4071,24017,101146,314165,732936,1295086,1733600,1744246,1296212,689544,248568,54708,5741,75,1 breaks=16(dist5)
FAIL n=32 alpha=17 par=0,1,2,3,4,5,4,7,4,9,4,11,3,13,14,13,16,13,18,13,20,2,22,23,24,23,26,1,28,29,30,31 poly=1,32,465,4075,24111,102126,320154,756815,1360478,1859585,1916053,1460505,796812,293980,65984,7012,72,1 breaks=16(dist5)
FAIL n=32 alpha=17 par=0,1,2,3,4,5,4,7,4,9,4,11,3,13,14,13,16,13,18,13,20,2,22,23,24,23,26,1,28,29,30,29 poly=1,32,465,4076,24137,102426,322192,765922,1388757,1922286,2016205,1574937,887996,342055,81083,9223,123,2 breaks=16(dist5)
FAIL n=32 alpha=17 par=0,1,2,3,4,5,4,7,4,9,4,11,3,13,14,13,16,13,18,13,20,2,22,23,24,2,26,1,28,29,30,31 poly=1,32,465,4076,24134,102367,321676,763264,1379764,1901229,1981271,1533731,853984,323208,74656,8117,74,1 breaks=16(dist5)
FAIL n=32 alpha=17 par=0,1,2,3,4,5,4,7,4,9,4,11,3,13,14,13,16,13,18,13,20,2,22,23,24,2,26,1,28,29,30,29 poly=1,32,465,4077,24160,102667,323714,772370,1408034,1963910,2081483,1648585,946170,372523,90559,10544,124,2 breaks=16(dist5)
FAIL n=32 alpha=17 par=0,1,2,3,4,5,4,7,4,9,4,11,3,13,14,13,16,13,18,13,20,2,22,23,24,2,26,1,28,29,30,1 poly=1,32,465,4077,24158,102624,323303,770060,1399531,1942341,2042951,1600073,904010,348509,82578,9441,163,3 breaks=16(dist5)
FAIL n=32 alpha=17 par=0,1,2,3,4,5,4,7,4,9,4,11,3,13,14,13,16,13,18,13,20,2,22,23,24,1,26,27,28,29,28,31 poly=1,32,465,4075,24111,102125,320135,756653,1359662,1856897,1910005,1451097,786828,287068,63168,6500,72,1 breaks=16(dist5)
FAIL n=32 alpha=17 par=0,1,2,3,4,5,4,7,4,9,4,11,3,13,14,13,16,13,18,13,20,2,22,23,24,1,26,27,28,29,28,27 poly=1,32,465,4076,24137,102426,322194,765951,1388941,1922963,2017811,1577511,890826,344169,82115,9524,165,3 breaks=16(dist5)
FAIL n=32 alpha=17 par=0,1,2,3,4,5,4,7,4,9,4,11,3,13,14,13,16,13,18,13,20,2,22,23,24,1,26,27,28,29,27,31 poly=1,32,465,4075,24111,102126,320156,756845,1360671,1860282,1917599,1462657,798640,294854,66212,7097,115,2 breaks=16(dist5)
FAIL n=32 alpha=17 par=0,1,2,3,4,5,4,7,4,9,4,11,3,13,14,13,16,13,18,13,20,2,22,23,24,1,26,27,28,29,26,31 poly=1,32,465,4075,24111,102127,320175,757005,1361460,1862813,1923127,1470979,807136,300424,68256,7349,74,1 breaks=16(dist5)
FAIL n=32 alpha=17 par=0,1,2,3,4,5,4,7,4,9,4,11,3,13,14,13,16,13,18,13,20,2,22,23,24,1,26,27,28,27,26,31 poly=1,32,465,4076,24136,102404,321981,764750,1384547,1911984,1998657,1554139,871228,333339,78474,8884,121,2 breaks=16(dist5)
FAIL n=32 alpha=17 par=0,1,2,3,4,5,4,7,4,9,4,11,3,13,14,13,16,13,18,13,20,2,22,23,22,2,26,1,28,29,30,31 poly=1,32,465,4077,24158,102623,323283,769886,1398659,1939536,2036865,1591003,894780,342299,80010,8884,121,2 breaks=16(dist5)
FAIL n=32 alpha=17 par=0,1,2,3,4,5,4,7,4,9,4,11,3,13,14,13,16,13,18,13,20,2,22,23,22,2,26,1,28,29,30,29 poly=1,32,465,4078,24184,102923,325322,779011,1427084,2002934,2139165,1709855,992038,395772,97965,11827,212,4 breaks=16(dist5)
FAIL n=32 alpha=17 par=0,1,2,3,4,5,4,7,4,9,4,11,3,13,14,13,16,13,18,13,20,2,22,23,22,1,26,27,28,29,26,31 poly=1,32,465,4076,24136,102405,321994,764809,1384594,1911382,1995787,1547625,862458,326187,75199,8240,124,2 breaks=16(dist5)
FAIL n=32 alpha=17 par=0,1,2,3,4,5,4,7,4,9,4,11,3,13,14,13,16,13,18,13,20,2,22,2,24,2,26,1,28,29,30,31 poly=1,32,465,4079,24205,103118,326376,782675,1435575,2015895,2150959,1713183,986086,387318,93015,10462,81,1 breaks=16(dist5)
FAIL n=32 alpha=17 par=0,1,2,3,4,5,4,7,4,9,4,11,3,13,14,13,16,13,18,13,20,2,22,2,24,2,26,1,28,29,30,29 poly=1,32,465,4080,24231,103418,328416,791817,1464126,2079828,2254695,1834559,1086230,442817,111698,13441,132,2 breaks=16(dist5)
FAIL n=32 alpha=17 par=0,1,2,3,4,5,4,7,4,9,4,11,3,13,14,13,16,13,18,13,20,2,22,2,24,2,26,1,28,29,30,1 poly=1,32,465,4080,24228,103354,327810,788444,1451820,2048833,2199571,1765223,1025744,407999,99864,11703,168,3 breaks=16(dist5)
FAIL n=32 alpha=17 par=0,1,2,3,4,5,4,7,4,9,4,11,3,13,14,13,16,13,18,13,20,2,22,2,24,1,26,27,28,29,28,31 poly=1,32,465,4077,24159,102641,323423,770499,1400293,1942127,2038713,1589731,890330,337581,77474,8246,77,1 breaks=16(dist5)
FAIL n=32 alpha=17 par=0,1,2,3,4,5,4,7,4,9,4,11,3,13,14,13,16,13,18,13,20,2,22,2,24,1,26,27,28,29,28,27 poly=1,32,465,4078,24185,102942,325483,779815,1429716,2008865,2148535,1720177,999704,399290,98725,11782,170,3 breaks=16(dist5)
FAIL n=32 alpha=17 par=0,1,2,3,4,5,4,7,4,9,4,11,3,13,14,13,16,13,18,13,20,2,22,2,24,1,26,27,28,29,27,31 poly=1,32,465,4077,24159,102642,323443,770673,1401165,1944932,2044799,1598801,899560,343791,80042,8803,119,2 breaks=16(dist5)
FAIL n=32 alpha=18 par=0,1,2,3,4,5,4,7,4,9,4,11,3,13,14,13,16,13,18,13,20,2,22,2,24,1,26,27,28,29,27,27 poly=1,32,465,4079,24212,103269,327843,791171,1468281,2104154,2322290,1954359,1230454,561143,175475,34001,3242,56,1 breaks=17(dist5)
FAIL n=32 alpha=17 par=0,1,2,3,4,5,4,7,4,9,4,11,3,13,14,13,16,13,18,13,20,2,22,2,24,1,26,27,28,29,26,31 poly=1,32,465,4077,24159,102644,323482,771007,1402824,1950243,2056281,1615805,916588,354781,84102,9392,80,1 breaks=16(dist5)
FAIL n=32 alpha=17 par=0,1,2,3,4,5,4,7,4,9,4,11,3,13,14,13,16,13,18,13,20,2,22,2,24,1,26,27,28,29,26,1 poly=1,32,465,4078,24183,102901,325110,777822,1422746,1992072,2120049,1686145,971686,384240,94076,11232,210,4 breaks=16(dist5)
FAIL n=32 alpha=17 par=0,1,2,3,4,5,4,7,4,9,4,11,3,13,14,13,16,13,18,13,20,2,22,2,24,1,26,27,28,29,1,31 poly=1,32,465,4077,24157,102600,323050,768506,1393323,1925334,2010227,1555699,862312,322531,72825,7696,117,2 breaks=16(dist5)
FAIL n=32 alpha=17 par=0,1,2,3,4,5,4,7,4,9,4,11,3,13,14,13,16,13,18,13,20,2,22,2,24,1,26,27,28,27,30,27 poly=1,32,465,4079,24210,103219,327290,787577,1452931,2058596,2225633,1806249,1067380,435021,110223,13573,217,4 breaks=16(dist5)
FAIL n=32 alpha=18 par=0,1,2,3,4,5,4,7,4,9,4,11,3,13,14,13,16,13,18,13,20,2,22,2,24,1,26,27,28,27,27,27 poly=1,32,465,4082,24289,104148,333777,817703,1551532,2293295,2638069,2342545,1578096,782038,270085,58688,6324,109,2 breaks=17(dist5)
FAIL n=32 alpha=17 par=0,1,2,3,4,5,4,7,4,9,4,11,3,13,14,13,16,13,18,13,20,2,22,2,24,1,26,27,28,27,26,31 poly=1,32,465,4078,24184,102921,325289,778769,1426039,1999974,2133379,1701877,984264,390512,95600,11183,127,2 breaks=16(dist5)
FAIL n=32 alpha=17 par=0,1,2,3,4,5,4,7,4,9,4,11,3,13,14,13,16,13,18,13,20,2,22,2,24,1,26,27,28,27,1,31 poly=1,32,465,4078,24183,102901,325110,777822,1422746,1992072,2120049,1686145,971686,384240,94076,11232,210,4 breaks=16(dist5)
FAIL n=32 alpha=18 par=0,1,2,3,4,5,4,7,4,9,4,11,3,13,14,13,16,13,18,13,20,2,22,2,24,1,26,27,28,26,26,1 poly=1,32,465,4080,24234,103483,329063,795720,1479977,2125396,2349660,1979029,1245442,566836,176631,34086,3244,56,1 breaks=17(dist5)
FAIL n=32 alpha=17 par=0,1,2,3,4,5,4,7,4,9,4,11,3,13,14,13,16,13,18,13,20,2,22,1,24,25,26,27,26,29,26,31 poly=1,32,465,4077,24160,102655,323496,770615,1399767,1938615,2028847,1573023,872166,325110,72535,7390,81,1 breaks=16(dist5)
FAIL n=32 alpha=17 par=0,1,2,3,4,5,4,7,4,9,4,11,3,13,14,13,16,13,18,13,20,2,22,1,24,25,26,27,26,29,24,31 poly=1,32,465,4076,24136,102403,321961,764569,1383576,1908579,1990521,1540733,856172,322269,73606,7856,80,1 breaks=16(dist5)
FAIL n=32 alpha=17 par=0,1,2,3,4,5,4,7,4,9,4,11,3,13,14,13,16,13,18,13,20,2,22,1,24,25,26,27,26,25,24,31 poly=1,32,465,4077,24161,102681,323788,772505,1407663,1961115,2073705,1635875,933078,364210,87672,10204,169,3 breaks=16(dist5)
FAIL n=32 alpha=17 par=0,1,2,3,4,5,4,7,4,9,4,11,3,13,14,13,16,13,18,13,20,2,22,1,24,25,26,27,25,29,24,31 poly=1,32,465,4076,24135,102381,321750,763399,1379393,1898434,1973493,1521021,840892,314895,71769,7777,119,2 breaks=16(dist5)
FAIL n=32 alpha=17 par=0,1,2,3,4,5,4,7,4,9,4,11,3,13,14,13,16,13,18,13,20,2,22,1,24,25,26,27,24,29,30,31 poly=1,32,465,4075,24111,102127,320176,757017,1361514,1862905,1923033,1470253,805684,298932,67456,7174,76,1 breaks=16(dist5)
FAIL n=32 alpha=17 par=0,1,2,3,4,5,4,7,4,9,4,11,3,13,14,13,16,13,18,13,20,2,22,1,24,25,26,27,24,29,30,29 poly=1,32,465,4076,24136,102404,321981,764743,1384448,1911384,1996607,1549803,865402,328479,76174,8413,122,2 breaks=16(dist5)
FAIL n=32 alpha=17 par=0,1,2,3,4,5,4,7,4,9,4,11,3,13,14,13,16,13,18,13,20,2,22,1,24,25,26,27,24,29,24,31 poly=1,32,465,4077,24160,102659,323574,771285,1403114,1949419,2052463,1608505,908408,349222,81979,9048,84,1 breaks=16(dist5)
FAIL n=32 alpha=17 par=0,1,2,3,4,5,4,7,4,9,4,11,3,13,14,13,16,13,18,13,20,2,22,1,24,25,26,25,24,29,24,31 poly=1,32,465,4078,24184,102914,325169,777858,1421991,1988288,2110445,1670867,955732,373421,89588,10244,129,2 breaks=16(dist5)
FAIL n=32 alpha=17 par=0,1,2,3,4,5,4,7,4,9,4,11,3,13,14,13,16,13,18,13,20,1,22,23,24,25,24,27,22,29,22,31 poly=1,32,465,4077,24161,102674,323658,771440,1402577,1945385,2040691,1588131,885958,333687,75805,7978,89,1 breaks=16(dist5)
FAIL n=32 alpha=17 par=0,1,2,3,4,5,4,7,4,9,4,11,3,13,14,13,16,13,18,13,20,1,22,23,24,25,22,27,28,29,22,31 poly=1,32,465,4076,24136,102398,321873,763886,1380490,1899579,1972815,1516953,834680,309798,69435,7256,84,1 breaks=16(dist5)
FAIL n=32 alpha=17 par=0,1,2,3,4,5,4,7,4,9,4,11,3,13,14,13,16,13,18,13,20,1,22,23,24,25,22,27,22,29,22,31 poly=1,32,465,4079,24208,103163,326653,783521,1436499,2013515,2139411,1690557,960094,369149,85846,9255,95,1 breaks=16(dist5)
FAIL n=32 alpha=17 par=0,1,2,3,4,5,4,7,4,9,4,11,3,13,14,13,16,13,18,13,20,1,22,23,24,23,22,27,22,29,22,31 poly=1,32,465,4080,24231,103397,328056,789077,1451883,2044170,2183843,1737193,994808,386684,91362,10153,139,2 breaks=16(dist5)
FAIL n=32 alpha=17 par=0,1,2,3,4,5,4,7,4,9,4,11,3,13,14,13,16,13,18,2,20,21,22,21,24,2,26,1,28,29,30,31 poly=1,32,465,4074,24088,101894,318801,751757,1347808,1838095,1891917,1443942,791671,294992,67246,7294,84,1 breaks=16(dist5)
FAIL n=32 alpha=17 par=0,1,2,3,4,5,4,7,4,9,4,11,3,13,14,13,16,13,18,2,20,21,22,21,24,2,26,1,28,29,30,29 poly=1,32,465,4075,24114,102194,320837,760829,1375827,1899718,1989317,1553900,878265,340262,81464,9410,132,2 breaks=16(dist5)
FAIL n=32 alpha=17 par=0,1,2,3,4,5,4,7,4,9,4,11,3,13,14,13,16,13,18,2,20,21,22,21,24,1,26,27,28,27,26,31 poly=1,32,465,4074,24090,101931,319103,753199,1352311,1847830,1906950,1460774,805322,302808,70183,7900,125,2 breaks=16(dist5)
FAIL n=32 alpha=17 par=0,1,2,3,4,5,4,7,4,9,4,11,3,13,14,13,16,13,18,2,20,21,22,2,24,25,26,1,28,29,30,31 poly=1,32,465,4073,24063,101618,317019,744254,1326088,1793758,1827644,1378348,745777,274100,61656,6607,79,1 breaks=16(dist5)
FAIL n=32 alpha=17 par=0,1,2,3,4,5,4,7,4,9,4,11,3,13,14,13,16,13,18,2,20,21,22,2,24,25,26,1,28,29,30,29 poly=1,32,465,4074,24089,101918,319054,753307,1353954,1854691,1923114,1484826,828330,316471,74721,8532,125,2 breaks=16(dist5)
FAIL n=32 alpha=17 par=0,1,2,3,4,5,4,7,4,9,4,11,3,13,14,13,16,13,18,2,20,21,22,2,24,25,24,1,28,29,30,31 poly=1,32,465,4074,24087,101874,318623,750825,1344613,1830557,1879427,1429435,780162,289147,65632,7183,119,2 breaks=16(dist5)
FAIL n=32 alpha=17 par=0,1,2,3,4,5,4,7,4,9,4,11,3,13,14,13,16,13,18,2,20,21,22,2,24,2,26,1,28,29,30,31 poly=1,32,465,4076,24134,102369,321714,763579,1381268,1905818,1990631,1546661,865931,330285,77108,8521,90,1 breaks=16(dist5)
FAIL n=32 alpha=17 par=0,1,2,3,4,5,4,7,4,9,4,11,3,13,14,13,16,13,18,2,20,21,22,2,24,2,26,1,28,29,30,29 poly=1,32,465,4077,24160,102669,323751,772668,1409415,1968001,2089599,1659531,956109,378371,92606,10893,138,2 breaks=16(dist5)
FAIL n=32 alpha=17 par=0,1,2,3,4,5,4,7,4,9,4,11,3,13,14,13,16,13,18,2,20,21,22,2,24,2,26,1,28,29,30,1 poly=1,32,465,4077,24157,102605,323145,769300,1397182,1937453,2035997,1593371,899796,346922,82286,9429,163,3 breaks=16(dist5)
FAIL n=32 alpha=17 par=0,1,2,3,4,5,4,7,4,9,4,11,3,13,14,13,16,13,18,2,20,21,22,2,24,1,26,27,28,29,28,27 poly=1,32,465,4075,24114,102193,320820,760702,1375278,1898198,1986509,1550424,875480,338973,81258,9490,165,3 breaks=16(dist5)
FAIL n=32 alpha=17 par=0,1,2,3,4,5,4,7,4,9,4,11,3,13,14,13,16,13,18,2,20,21,22,2,24,1,26,27,28,29,27,31 poly=1,32,465,4074,24088,101893,318783,751613,1347131,1836015,1887541,1437554,785302,290887,65760,7118,117,2 breaks=16(dist5)
FAIL n=32 alpha=17 par=0,1,2,3,4,5,4,7,4,9,4,11,3,13,14,13,16,13,18,2,20,21,22,2,24,1,26,27,28,29,26,31 poly=1,32,465,4074,24088,101895,318822,751947,1348788,1841299,1898877,1454137,801624,301190,69470,7647,87,1 breaks=16(dist5)
FAIL n=32 alpha=17 par=0,1,2,3,4,5,4,7,4,9,4,11,3,13,14,13,16,13,18,2,20,21,22,2,24,1,26,27,28,27,30,27 poly=1,32,465,4076,24139,102470,322624,768414,1398133,1946453,2059794,1630039,935970,369623,90675,10897,207,4 breaks=16(dist5)
FAIL n=32 alpha=17 par=0,1,2,3,4,5,4,7,4,9,4,11,3,13,14,13,16,13,18,2,20,21,22,2,24,1,26,27,28,27,26,31 poly=1,32,465,4075,24113,102172,320626,759659,1371643,1889554,1972162,1533752,862114,331840,78887,9054,129,2 breaks=16(dist5)
FAIL n=32 alpha=17 par=0,1,2,3,4,5,4,7,4,9,4,11,3,13,14,13,16,13,18,2,20,21,20,2,24,2,26,1,28,29,30,31 poly=1,32,465,4077,24157,102604,323126,769143,1396435,1935173,2031305,1586736,893374,342785,80620,9060,129,2 breaks=16(dist5)
FAIL n=32 alpha=17 par=0,1,2,3,4,5,4,7,4,9,4,11,3,13,14,13,16,13,18,2,20,21,20,2,24,2,26,1,28,29,30,29 poly=1,32,465,4078,24183,102904,325164,778250,1424721,1997964,2131945,1702626,987167,393678,97448,11768,210,4 breaks=16(dist5)
FAIL n=32 alpha=17 par=0,1,2,3,4,5,4,7,4,9,4,11,3,13,14,13,16,13,18,2,20,2,22,2,24,2,26,1,28,29,30,31 poly=1,32,465,4080,24227,103335,327648,787620,1449030,2042211,2188299,1751411,1013719,400799,97077,11082,105,1 breaks=16(dist5)
FAIL n=32 alpha=17 par=0,1,2,3,4,5,4,7,4,9,4,11,3,13,14,13,16,13,18,2,20,2,22,2,24,2,26,1,28,29,30,29 poly=1,32,465,4081,24253,103635,329688,796762,1477581,2106144,2292035,1872787,1113863,456298,115760,14061,156,2 breaks=16(dist5)
FAIL n=32 alpha=17 par=0,1,2,3,4,5,4,7,4,9,4,11,3,13,14,13,16,13,18,2,20,2,22,2,24,2,26,1,28,29,30,1 poly=1,32,465,4081,24249,103551,328904,792455,1462056,2067482,2224010,1788084,1040640,414440,101550,11923,176,3 breaks=16(dist5)
FAIL n=32 alpha=17 par=0,1,2,3,4,5,4,7,4,9,4,11,3,13,14,13,16,13,18,2,20,2,22,2,24,1,26,27,28,29,28,27 poly=1,32,465,4078,24185,102943,325501,779957,1430366,2010784,2152364,1725420,1004585,402265,99815,11978,178,3 breaks=16(dist5)
FAIL n=32 alpha=17 par=0,1,2,3,4,5,4,7,4,9,4,11,3,13,14,13,16,13,18,2,20,2,22,2,24,1,26,27,28,29,27,31 poly=1,32,465,4077,24159,102643,323461,770815,1401815,1946851,2048628,1604044,904441,346766,81132,8999,127,2 breaks=16(dist5)
FAIL n=32 alpha=18 par=0,1,2,3,4,5,4,7,4,9,4,11,3,13,14,13,16,13,18,2,20,2,22,2,24,1,26,27,28,29,27,27 poly=1,32,465,4079,24212,103270,327860,791296,1468806,2105548,2324725,1957167,1232527,562045,175663,34009,3242,56,1 breaks=17(dist5)
FAIL n=32 alpha=17 par=0,1,2,3,4,5,4,7,4,9,4,11,3,13,14,13,16,13,18,2,20,2,22,2,24,1,26,27,28,29,26,1 poly=1,32,465,4078,24182,102882,324951,777046,1420287,1986754,2112036,1677732,965651,381414,93287,11124,206,4 breaks=16(dist5)
FAIL n=32 alpha=17 par=0,1,2,3,4,5,4,7,4,9,4,11,3,13,14,13,16,13,18,2,20,2,22,2,24,1,26,27,28,29,1,31 poly=1,32,465,4077,24156,102581,322892,767747,1390989,1920541,2003608,1549721,859085,321778,72938,7776,121,2 breaks=16(dist5)
FAIL n=32 alpha=17 par=0,1,2,3,4,5,4,7,4,9,4,11,3,13,14,13,16,13,18,2,20,2,22,2,24,1,26,27,28,27,30,27 poly=1,32,465,4079,24210,103220,327307,787703,1453471,2060085,2228403,1809781,1070440,436757,110816,13673,221,4 breaks=16(dist5)
FAIL n=32 alpha=18 par=0,1,2,3,4,5,4,7,4,9,4,11,3,13,14,13,16,13,18,2,20,2,22,2,24,1,26,27,28,27,27,27 poly=1,32,465,4082,24289,104149,333793,817813,1551962,2294354,2639780,2344366,1579335,782535,270181,58692,6324,109,2 breaks=17(dist5)
FAIL n=32 alpha=17 par=0,1,2,3,4,5,4,7,4,9,4,11,3,13,14,13,16,13,18,2,20,2,22,2,24,1,26,27,28,27,26,31 poly=1,32,465,4078,24184,102923,325325,779053,1427339,2003812,2141037,1712363,994026,396462,97780,11575,143,2 breaks=16(dist5)
FAIL n=32 alpha=17 par=0,1,2,3,4,5,4,7,4,9,4,11,3,13,14,13,16,13,18,2,20,2,22,2,24,1,26,27,28,27,26,1 poly=1,32,465,4079,24207,103159,326757,784792,1443392,2036055,2188075,1762093,1031506,415906,104288,12819,249,5 breaks=16(dist5)
FAIL n=32 alpha=17 par=0,1,2,3,4,5,4,7,4,9,4,11,3,13,14,13,16,13,18,2,20,2,22,2,24,1,26,27,28,27,1,31 poly=1,32,465,4078,24182,102882,324951,777046,1420287,1986754,2112036,1677732,965651,381414,93287,11124,206,4 breaks=16(dist5)
FAIL n=32 alpha=17 par=0,1,2,3,4,5,4,7,4,9,4,11,3,13,14,13,16,13,18,2,20,2,22,2,24,1,26,27,28,26,30,1 poly=1,32,465,4078,24181,102859,324717,775650,1414841,1972122,2084339,1640717,931362,360407,85605,9840,198,4 breaks=16(dist5)
FAIL n=32 alpha=18 par=0,1,2,3,4,5,4,7,4,9,4,11,3,13,14,13,16,13,18,2,20,2,22,2,24,1,26,27,28,26,26,1 poly=1,32,465,4080,24233,103465,328921,795070,1478058,2121567,2344417,1974148,1242467,565746,176435,34078,3244,56,1 breaks=17(dist5)
FAIL n=32 alpha=17 par=0,1,2,3,4,5,4,7,4,9,4,11,3,13,14,13,16,13,18,2,20,2,22,2,24,1,26,27,28,1,30,31 poly=1,32,465,4077,24156,102582,322911,767904,1391736,1922821,2008300,1556356,865507,325915,74604,8145,155,3 breaks=16(dist5)
FAIL n=32 alpha=17 par=0,1,2,3,4,5,4,7,4,9,4,11,3,13,14,13,16,13,18,2,20,2,22,1,24,25,26,27,26,25,24,31 poly=1,32,465,4076,24138,102448,322412,767226,1393810,1935681,2040967,1606871,916204,358394,86768,10205,171,3 breaks=16(dist5)
FAIL n=32 alpha=17 par=0,1,2,3,4,5,4,7,4,9,4,11,3,13,14,13,16,13,18,2,20,2,22,1,24,25,26,27,25,29,24,31 poly=1,32,465,4075,24112,102148,320375,758137,1365663,1873498,1941999,1494001,826026,310308,71270,7833,123,2 breaks=16(dist5)
FAIL n=32 alpha=17 par=0,1,2,3,4,5,4,7,4,9,4,11,3,13,14,13,16,13,18,2,20,2,22,1,24,25,26,27,24,29,30,29 poly=1,32,465,4075,24113,102171,320606,759480,1370705,1886380,1964928,1522510,850349,323902,75767,8510,128,2 breaks=16(dist5)
FAIL n=32 alpha=17 par=0,1,2,3,4,5,4,7,4,9,4,11,3,13,14,13,16,13,18,2,20,2,22,1,24,25,26,25,28,25,24,31 poly=1,32,465,4077,24162,102703,324005,773768,1412481,1973772,2097097,1666338,960543,380622,93608,11256,210,4 breaks=16(dist5)
FAIL n=32 alpha=17 par=0,1,2,3,4,5,4,7,4,9,4,11,3,13,14,13,16,13,18,2,20,2,22,1,24,25,26,25,24,29,30,29 poly=1,32,465,4076,24138,102449,322431,767383,1394557,1937961,2045659,1613506,922626,362531,88434,10574,205,4 breaks=16(dist5)
FAIL n=32 alpha=17 par=0,1,2,3,4,5,4,7,4,9,4,11,3,13,14,13,16,13,18,2,20,2,22,1,24,25,26,25,24,29,24,31 poly=1,32,465,4077,24161,102682,323810,772707,1408707,1964520,2081078,1646646,943562,370682,89907,10484,141,2 breaks=16(dist5)
FAIL n=32 alpha=17 par=0,1,2,3,4,5,4,7,4,9,1,11,12,13,14,13,16,11,18,19,20,11,22,1,24,25,24,27,24,29,24,31 poly=1,32,465,4074,24090,101927,319029,752593,1349408,1838798,1887838,1432859,777460,284541,62998,6544,80,1 breaks=16(dist5)
FAIL n=32 alpha=17 par=0,1,2,3,4,5,4,7,4,9,1,11,12,13,14,13,16,11,18,19,20,1,22,23,22,25,22,27,22,29,22,31 poly=1,32,465,4076,24135,102375,321638,762485,1375085,1885411,1947060,1484504,806981,294632,64699,6630,81,1 breaks=16(dist5)
FAIL n=32 alpha=17 par=0,1,2,3,4,5,4,7,4,9,1,11,12,13,14,13,16,11,18,11,20,11,22,1,24,25,24,27,24,29,24,31 poly=1,32,465,4077,24161,102676,323693,771714,1403840,1949179,2048447,1599051,896406,340183,78173,8362,89,1 breaks=16(dist5)
FAIL n=32 alpha=17 par=0,1,2,3,4,5,4,7,4,9,1,11,12,13,14,13,16,11,18,11,20,1,22,23,24,25,22,27,22,29,22,31 poly=1,32,465,4074,24090,101928,319048,752748,1350123,1840861,1891709,1437584,781061,286063,63233,6517,78,1 breaks=16(dist5)
FAIL n=32 alpha=17 par=0,1,2,3,4,5,4,7,4,9,1,11,12,13,14,13,16,11,18,11,20,1,22,23,22,25,22,27,22,29,22,31 poly=1,32,465,4078,24183,102890,324911,776232,1415330,1969643,2073965,1620826,908409,343905,78560,8302,85,1 breaks=16(dist5)
FAIL n=32 alpha=17 par=0,1,2,3,4,5,4,7,2,9,10,9,2,13,1,15,16,17,18,17,20,15,22,1,24,25,24,27,24,29,24,31 poly=1,32,465,4074,24089,101913,318962,752562,1350449,1844059,1901352,1454356,799500,298828,68413,7526,121,2 breaks=16(dist5)
FAIL n=32 alpha=17 par=0,1,2,3,4,5,4,7,2,9,10,9,2,13,1,15,16,17,18,15,20,21,22,1,24,25,24,27,24,29,24,31 poly=1,32,465,4073,24064,101637,317179,745042,1328608,1799245,1835930,1387024,752002,277137,62696,6870,117,2 breaks=16(dist5)
FAIL n=32 alpha=17 par=0,1,2,3,4,5,4,7,2,9,10,9,2,13,1,15,16,17,18,15,20,15,22,15,24,1,26,27,26,29,26,31 poly=1,32,465,4075,24112,102153,320465,758852,1368967,1883344,1961795,1521229,851355,325583,76679,8698,129,2 breaks=16(dist5)
FAIL n=32 alpha=17 par=0,1,2,3,4,5,4,7,2,9,10,9,2,13,1,15,16,17,18,15,20,15,22,1,24,25,26,27,24,29,24,31 poly=1,32,465,4072,24041,101404,315808,739840,1315251,1775563,1806906,1362837,738796,272715,61881,6799,115,2 breaks=16(dist5)
FAIL n=32 alpha=17 par=0,1,2,3,4,5,4,7,2,9,10,9,2,13,1,15,16,17,18,15,20,15,22,1,24,25,24,27,24,29,24,31 poly=1,32,465,4075,24112,102152,320446,758695,1368222,1881090,1957240,1514984,845596,322140,75453,8486,121,2 breaks=16(dist5)
STATS n=32 trees=1751628562 failures=90 alarms=0
