FAIL n=32 alpha=17 par=0,1,2,3,4,5,6,7,4,9,4,11,3,13,14,13,16,13,18,13,20,13,22,2,24,1,26,27,28,29,30,31 poly=1,32,465,4075,24108,102066,319621,754030,1350935,1836989,1878175,1415319,758951,272559,58539,5799,75,1 breaks=16(dist5)
FAIL n=32 alpha=17 par=0,1,2,3,4,5,6,7,4,9,4,11,3,13,14,13,16,13,18,13,20,2,22,23,24,1,26,27,28,29,30,31 poly=1,32,465,4071,24015,101101,313715,730299,1285035,1707463,1696980,1236844,638858,220593,45726,4456,65,1 breaks=16(dist5)
FAIL n=32 alpha=17 par=0,1,2,3,4,5,6,7,4,9,4,11,3,13,14,13,16,13,18,13,20,2,22,2,24,1,26,27,28,29,30,31 poly=1,32,465,4073,24063,101616,316979,743900,1324260,1787652,1813852,1357018,723495,259076,55758,5574,69,1 breaks=16(dist5)
FAIL n=32 alpha=17 par=0,1,2,3,4,5,6,7,4,9,4,11,3,13,14,13,16,13,18,13,20,2,22,2,24,1,26,27,28,29,30,27 poly=1,32,465,4074,24089,101917,319036,753163,1353277,1852615,1918779,1478611,822346,312842,73543,8435,156,3 breaks=16(dist5)
FAIL n=32 alpha=17 par=0,1,2,3,4,5,6,7,4,9,4,11,3,13,14,13,16,13,18,13,20,2,22,1,24,25,26,27,28,29,24,31 poly=1,32,465,4072,24040,101378,315517,737975,1307609,1754469,1766773,1310070,691665,245342,52463,5265,71,1 breaks=16(dist5)
FAIL n=32 alpha=17 par=0,1,2,3,4,5,6,5,8,3,10,3,12,2,14,15,14,17,14,19,14,21,14,23,1,25,26,27,28,29,26,31 poly=1,32,465,4076,24134,102360,321550,762262,1375119,1887306,1953036,1494449,816921,300495,66498,6825,82,1 breaks=16(dist5)
FAIL n=32 alpha=17 par=0,1,2,3,4,5,6,5,8,3,10,3,12,2,14,15,14,17,14,19,14,21,14,23,1,25,26,27,28,29,1,31 poly=1,32,465,4076,24133,102344,321445,761916,1374659,1888009,1957323,1503319,827395,307935,69465,7334,80,1 breaks=16(dist5)
FAIL n=32 alpha=17 par=0,1,2,3,4,5,6,5,8,3,10,3,12,2,14,15,14,17,14,19,14,21,1,23,24,25,26,27,26,29,1,31 poly=1,32,465,4073,24065,101654,317298,745462,1329217,1798355,1829886,1373664,735211,264391,57159,5742,72,1 breaks=16(dist5)
FAIL n=32 alpha=17 par=0,1,2,3,4,5,6,5,8,3,10,3,12,2,14,15,14,17,14,19,14,21,1,23,24,25,26,27,24,29,24,31 poly=1,32,465,4074,24090,101927,319030,752605,1349462,1838891,1887752,1432158,776045,283071,62193,6357,78,1 breaks=16(dist5)
FAIL n=32 alpha=17 par=0,1,2,3,4,5,6,5,8,3,10,3,12,2,14,15,14,17,14,19,14,21,1,23,24,25,26,27,24,29,1,31 poly=1,32,465,4073,24065,101656,317338,745812,1330983,1804055,1842207,1391760,753069,275737,61355,6430,73,1 breaks=16(dist5)
FAIL n=32 alpha=17 par=0,1,2,3,4,5,6,5,8,3,10,3,12,2,14,15,14,17,14,19,14,21,1,23,24,25,26,27,1,29,30,31 poly=1,32,465,4072,24040,101379,315535,738119,1308287,1756561,1771213,1316654,698409,249905,54298,5594,69,1 breaks=16(dist5)
FAIL n=32 alpha=17 par=0,1,2,3,4,5,6,5,8,3,10,3,12,2,14,15,14,17,14,19,14,21,1,23,24,25,26,27,1,29,1,31 poly=1,32,465,4074,24088,101894,318801,751755,1347777,1837891,1891166,1442240,789227,292807,66119,7022,72,1 breaks=16(dist5)
FAIL n=32 alpha=17 par=0,1,2,3,4,5,6,5,8,3,10,3,12,2,14,15,14,17,14,19,14,21,1,23,24,25,26,25,24,29,1,31 poly=1,32,465,4074,24090,101933,319142,753525,1353851,1852386,1915751,1471935,814345,307091,71150,7942,125,2 breaks=16(dist5)
FAIL n=32 alpha=17 par=0,1,2,3,4,5,6,5,8,3,10,3,12,2,14,15,14,17,14,19,14,21,1,23,24,25,26,25,1,29,1,31 poly=1,32,465,4075,24114,102194,320837,760827,1375798,1899541,1988716,1552649,876621,338921,80834,9271,126,2 breaks=16(dist5)
FAIL n=32 alpha=17 par=0,1,2,3,4,5,6,5,8,3,10,3,12,2,14,15,14,17,14,19,1,21,22,23,24,25,24,27,1,29,1,31 poly=1,32,465,4072,24042,101420,315907,740090,1315057,1772360,1796685,1344855,719207,259464,56684,5830,76,1 breaks=16(dist5)
FAIL n=32 alpha=17 par=0,1,2,3,4,5,6,5,8,3,10,3,12,2,14,15,14,17,14,19,1,21,22,23,24,25,22,27,1,29,1,31 poly=1,32,465,4072,24042,101423,315966,740596,1317551,1780195,1813108,1368161,741359,272987,61485,6589,79,1 breaks=16(dist5)
FAIL n=32 alpha=17 par=0,1,2,3,4,5,6,5,8,3,10,3,12,2,14,15,14,17,14,19,1,21,22,23,24,25,1,27,28,29,1,31 poly=1,32,465,4071,24017,101146,314165,732935,1295071,1733506,1743925,1295560,688741,247987,54484,5704,73,1 breaks=16(dist5)
FAIL n=32 alpha=17 par=0,1,2,3,4,5,6,5,8,3,10,3,12,2,14,15,14,17,14,19,1,21,22,23,24,25,1,27,1,29,1,31 poly=1,32,465,4074,24088,101895,318820,751913,1348536,1840228,1895994,1449031,795667,296768,67565,7274,80,1 breaks=16(dist5)
FAIL n=32 alpha=17 par=0,1,2,3,4,5,6,5,8,3,10,3,12,2,14,15,14,17,14,19,1,21,22,23,24,23,22,27,1,29,1,31 poly=1,32,465,4073,24067,101700,317768,748276,1340186,1827598,1884345,1444609,798705,301716,70258,7914,125,2 breaks=16(dist5)
FAIL n=32 alpha=17 par=0,1,2,3,4,5,6,5,8,3,10,3,12,2,14,15,14,17,14,19,1,21,22,23,24,23,1,27,28,29,1,31 poly=1,32,465,4072,24043,101446,316198,741954,1322689,1793423,1836823,1397869,766966,287576,66537,7470,122,2 breaks=16(dist5)
FAIL n=32 alpha=17 par=0,1,2,3,4,5,6,5,8,3,10,3,12,2,14,15,14,17,14,19,1,21,22,23,24,23,1,27,1,29,1,31 poly=1,32,465,4075,24114,102195,320855,760968,1376433,1901367,1992229,1557242,880666,341232,81619,9399,130,2 breaks=16(dist5)
FAIL n=32 alpha=18 par=0,1,2,3,4,5,5,5,2,9,10,11,2,13,1,15,16,17,18,15,20,15,22,1,24,25,24,27,24,29,24,31 poly=1,32,465,4076,24143,102569,323702,775268,1426564,2027753,2224586,1869229,1183346,547929,176056,35499,3548,57,1 breaks=17(dist5)
FAIL n=32 alpha=17 par=0,1,2,3,4,5,4,7,2,9,2,11,2,13,1,15,16,17,18,17,20,15,22,15,24,1,26,27,26,29,26,31 poly=1,32,465,4075,24113,102174,320661,759925,1372796,1892698,1977753,1540210,866708,333519,78927,8878,88,1 breaks=16(dist5)
FAIL n=32 alpha=17 par=0,1,2,3,4,5,4,7,2,9,2,11,2,13,1,15,16,17,18,17,20,15,22,1,24,25,26,27,24,29,24,31 poly=1,32,465,4073,24065,101659,317394,746270,1333146,1810593,1855437,1409936,769843,285723,64846,6993,83,1 breaks=16(dist5)
FAIL n=32 alpha=17 par=0,1,2,3,4,5,4,7,2,9,2,11,2,13,1,15,16,17,18,17,20,15,22,1,24,25,24,27,24,29,24,31 poly=1,32,465,4076,24136,102407,322035,765173,1386445,1917377,2008749,1566605,881038,337774,79283,8793,86,1 breaks=16(dist5)
FAIL n=32 alpha=17 par=0,1,2,3,4,5,4,7,2,9,2,11,2,13,1,15,16,17,18,17,20,1,22,23,22,25,22,27,22,29,22,31 poly=1,32,465,4079,24205,103111,326253,781717,1431213,2003024,2125228,1677885,953294,367608,86131,9430,97,1 breaks=16(dist5)
FAIL n=32 alpha=17 par=0,1,2,3,4,5,4,7,2,9,2,11,2,13,1,15,16,17,18,15,20,21,22,15,24,1,26,27,26,29,26,31 poly=1,32,465,4074,24088,101898,318878,752404,1350935,1847731,1911718,1471436,817142,310048,72366,8054,85,1 breaks=16(dist5)
FAIL n=32 alpha=17 par=0,1,2,3,4,5,4,7,2,9,2,11,2,13,1,15,16,17,18,15,20,21,22,1,24,25,24,27,24,29,24,31 poly=1,32,465,4075,24111,102131,320250,757620,1364370,1871625,1940983,1495491,829615,313576,72686,8014,84,1 breaks=16(dist5)
FAIL n=32 alpha=17 par=0,1,2,3,4,5,4,7,2,9,2,11,2,13,1,15,16,17,18,15,20,15,22,15,24,1,26,27,28,29,26,31 poly=1,32,465,4075,24111,102133,320289,757949,1365953,1876440,1950659,1508488,841106,319944,74671,8282,89,1 breaks=16(dist5)
FAIL n=32 alpha=17 par=0,1,2,3,4,5,4,7,2,9,2,11,2,13,1,15,16,17,18,15,20,15,22,15,24,1,26,27,26,29,26,31 poly=1,32,465,4077,24159,102648,323557,771623,1405751,1959178,2074634,1641547,940979,369757,89508,10281,90,1 breaks=16(dist5)
FAIL n=32 alpha=17 par=0,1,2,3,4,5,4,7,2,9,2,11,2,13,1,15,16,17,18,15,20,15,22,1,24,25,26,27,24,29,24,31 poly=1,32,465,4074,24088,101898,318878,752403,1350919,1847624,1911325,1470564,815939,309035,71886,7953,83,1 breaks=16(dist5)
FAIL n=32 alpha=17 par=0,1,2,3,4,5,4,7,2,9,2,11,2,13,1,15,16,17,18,15,20,15,22,1,24,25,24,27,24,29,24,31 poly=1,32,465,4077,24159,102647,323538,771466,1405005,1956913,2070029,1635181,935054,366190,88243,10073,86,1 breaks=16(dist5)
FAIL n=32 alpha=17 par=0,1,2,3,4,5,4,7,2,9,2,11,2,13,1,15,16,17,18,15,20,1,22,23,22,25,22,27,22,29,22,31 poly=1,32,465,4079,24204,103097,326186,781688,1432292,2008568,2139863,1702016,979125,385149,93022,10624,96,1 breaks=16(dist5)
FAIL n=32 alpha=18 par=0,1,2,3,4,4,4,3,8,1,10,11,12,11,14,11,16,11,18,11,20,10,22,23,22,25,22,27,1,29,1,31 poly=1,32,465,4081,24259,103765,330968,804336,1507582,2189965,2461445,2122384,1379977,656637,217008,45072,4634,68,1 breaks=17(dist5)
FAIL n=32 alpha=18 par=0,1,2,3,4,4,4,3,8,1,10,11,12,11,14,11,16,11,18,10,20,21,20,23,20,25,20,27,1,29,30,31 poly=1,32,465,4078,24189,103032,326401,785424,1452563,2074184,2282866,1920301,1213960,560035,179039,35923,3583,58,1 breaks=17(dist5)
FAIL n=32 alpha=18 par=0,1,2,3,4,4,4,3,8,1,10,11,12,11,14,11,16,11,18,10,20,21,20,23,20,25,20,27,1,29,1,31 poly=1,32,465,4080,24237,103549,329712,799500,1494535,2164532,2425072,2084073,1350462,640332,210801,43566,4438,60,1 breaks=17(dist5)
FAIL n=32 alpha=18 par=0,1,2,3,4,4,4,3,8,1,10,11,12,11,14,11,16,11,18,10,20,21,20,23,20,25,1,27,28,29,1,31 poly=1,32,465,4077,24166,102800,325043,780281,1439272,2050125,2252087,1892612,1196798,553041,177375,35778,3597,59,1 breaks=17(dist5)
FAIL n=32 alpha=18 par=0,1,2,3,4,4,4,3,8,1,10,11,12,11,14,11,16,11,18,10,20,21,20,23,20,25,1,27,1,29,1,31 poly=1,32,465,4080,24237,103551,329747,799768,1495726,2167955,2431766,2093183,1359127,646030,213318,44267,4542,64,1 breaks=17(dist5)
STATS n=32 trees=1694573675 failures=38 alarms=0
