0	H	(3, 1)
1	H	(4, 1)
2	H	(5, 1)
3	H	(6, 1)
4	H	(7, 1)
5	H	(8, 1)
6	H	(9, 1)
7	H	(10, 1)
8	H	(11, 1)
9	H	(12, 1)
10	H	(13, 1)
11	H	(14, 1)
12	H	(15, 1)
13	H	(16, 1)
14	H	(17, 1)
15	H	(18, 1)
16	H	(19, 1)
17	H	(20, 1)
18	H	(21, 1)
19	H	(22, 1)
20	H	(23, 1)
21	H	(24, 1)
22	H	(25, 1)
23	H	(26, 1)
24	H	(27, 1)
25	H	(28, 1)
26	H	(29, 1)
27	H	(30, 1)
28	H	(31, 1)
29	H	(32, 1)
30	H	(33, 1)
31	H	(34, 1)
32	H	(35, 1)
33	H	(36, 1)
34	H	(37, 1)
35	H	(38, 1)
36	H	(39, 1)
37	H	(40, 1)
38	H	(45, 1)
39	H	(50, 1)
40	H	(55, 1)
41	H	(60, 1)
42	H	(65, 1)
43	H	(70, 1)
44	H	(75, 1)
45	H	(80, 1)
46	H	(85, 1)
47	H	(90, 1)
48	H	(95, 1)
49	H	(100, 1)
50	H	(105, 1)
51	H	(110, 1)
52	H	(115, 1)
53	H	(120, 1)
54	H	(125, 1)
55	H	(130, 1)
56	H	(135, 1)
57	H	(140, 1)
58	H	(145, 1)
59	H	(150, 1)
60	H	(175, 1)
61	H	(200, 1)
62	H	(3, 2)
63	H	(4, 2)
64	H	(5, 2)
65	H	(6, 2)
66	H	(7, 2)
67	H	(8, 2)
68	H	(9, 2)
69	H	(10, 2)
70	H	(11, 2)
71	H	(12, 2)
72	H	(13, 2)
73	H	(14, 2)
74	H	(15, 2)
75	H	(16, 2)
76	H	(17, 2)
77	H	(18, 2)
78	H	(19, 2)
79	H	(20, 2)
80	H	(21, 2)
81	H	(22, 2)
82	H	(23, 2)
83	H	(24, 2)
84	H	(25, 2)
85	H	(26, 2)
86	H	(27, 2)
87	H	(28, 2)
88	H	(29, 2)
89	H	(30, 2)
90	H	(31, 2)
91	H	(32, 2)
92	H	(33, 2)
93	H	(34, 2)
94	H	(35, 2)
95	H	(36, 2)
96	H	(37, 2)
97	H	(38, 2)
98	H	(39, 2)
99	H	(40, 2)
100	H	(45, 2)
101	H	(50, 2)
102	H	(55, 2)
103	H	(60, 2)
104	H	(65, 2)
105	H	(70, 2)
106	H	(75, 2)
107	H	(80, 2)
108	H	(85, 2)
109	H	(90, 2)
110	H	(95, 2)
111	H	(100, 2)
112	H	(105, 2)
113	H	(110, 2)
114	H	(115, 2)
115	H	(120, 2)
116	H	(125, 2)
117	H	(130, 2)
118	H	(135, 2)
119	H	(140, 2)
120	H	(145, 2)
121	H	(150, 2)
122	H	(175, 2)
123	H	(200, 2)
124	H	(3, 3)
125	H	(4, 3)
126	H	(5, 3)
127	H	(6, 3)
128	H	(7, 3)
129	H	(8, 3)
130	H	(9, 3)
131	H	(10, 3)
132	H	(11, 3)
133	H	(12, 3)
134	H	(13, 3)
135	H	(14, 3)
136	H	(15, 3)
137	H	(16, 3)
138	H	(17, 3)
139	H	(18, 3)
140	H	(19, 3)
141	H	(20, 3)
142	H	(21, 3)
143	H	(22, 3)
144	H	(23, 3)
145	H	(24, 3)
146	H	(25, 3)
147	H	(26, 3)
148	H	(27, 3)
149	H	(28, 3)
150	H	(29, 3)
151	H	(30, 3)
152	H	(31, 3)
153	H	(32, 3)
154	H	(33, 3)
155	H	(34, 3)
156	H	(35, 3)
157	H	(36, 3)
158	H	(37, 3)
159	H	(38, 3)
160	H	(39, 3)
161	H	(40, 3)
162	H	(45, 3)
163	H	(50, 3)
164	H	(55, 3)
165	H	(60, 3)
166	H	(65, 3)
167	H	(70, 3)
168	H	(75, 3)
169	H	(80, 3)
170	H	(85, 3)
171	H	(90, 3)
172	H	(95, 3)
173	H	(100, 3)
174	H	(105, 3)
175	H	(110, 3)
176	H	(115, 3)
177	H	(120, 3)
178	H	(125, 3)
179	H	(130, 3)
180	H	(135, 3)
181	H	(140, 3)
182	H	(145, 3)
183	H	(150, 3)
184	H	(175, 3)
185	H	(200, 3)
186	H	(3, 4)
187	H	(4, 4)
188	H	(5, 4)
189	H	(6, 4)
190	H	(7, 4)
191	H	(8, 4)
192	H	(9, 4)
193	H	(10, 4)
194	H	(11, 4)
195	H	(12, 4)
196	H	(13, 4)
197	H	(14, 4)
198	H	(15, 4)
199	H	(16, 4)
200	H	(17, 4)
201	H	(18, 4)
202	H	(19, 4)
203	H	(20, 4)
204	H	(21, 4)
205	H	(22, 4)
206	H	(23, 4)
207	H	(24, 4)
208	H	(25, 4)
209	H	(26, 4)
210	H	(27, 4)
211	H	(28, 4)
212	H	(29, 4)
213	H	(30, 4)
214	H	(31, 4)
215	H	(32, 4)
216	H	(33, 4)
217	H	(34, 4)
218	H	(35, 4)
219	H	(36, 4)
220	H	(37, 4)
221	H	(38, 4)
222	H	(39, 4)
223	H	(40, 4)
224	H	(45, 4)
225	H	(50, 4)
226	H	(55, 4)
227	H	(60, 4)
228	H	(65, 4)
229	H	(70, 4)
230	H	(75, 4)
231	H	(80, 4)
232	H	(85, 4)
233	H	(90, 4)
234	H	(95, 4)
235	H	(100, 4)
236	H	(105, 4)
237	H	(110, 4)
238	H	(115, 4)
239	H	(120, 4)
240	H	(125, 4)
241	H	(130, 4)
242	H	(135, 4)
243	H	(140, 4)
244	H	(145, 4)
245	H	(150, 4)
246	H	(175, 4)
247	H	(200, 4)
248	H	(3, 5)
249	H	(4, 5)
250	H	(5, 5)
251	H	(6, 5)
252	H	(7, 5)
253	H	(8, 5)
254	H	(9, 5)
255	H	(10, 5)
256	H	(11, 5)
257	H	(12, 5)
258	H	(13, 5)
259	H	(14, 5)
260	H	(15, 5)
261	H	(16, 5)
262	H	(17, 5)
263	H	(18, 5)
264	H	(19, 5)
265	H	(20, 5)
266	H	(21, 5)
267	H	(22, 5)
268	H	(23, 5)
269	H	(24, 5)
270	H	(25, 5)
271	H	(26, 5)
272	H	(27, 5)
273	H	(28, 5)
274	H	(29, 5)
275	H	(30, 5)
276	H	(31, 5)
277	H	(32, 5)
278	H	(33, 5)
279	H	(34, 5)
280	H	(35, 5)
281	H	(36, 5)
282	H	(37, 5)
283	H	(38, 5)
284	H	(39, 5)
285	H	(40, 5)
286	H	(45, 5)
287	H	(50, 5)
288	H	(55, 5)
289	H	(60, 5)
290	H	(65, 5)
291	H	(70, 5)
292	H	(75, 5)
293	H	(80, 5)
294	H	(85, 5)
295	H	(90, 5)
296	H	(95, 5)
297	H	(100, 5)
298	H	(105, 5)
299	H	(110, 5)
300	H	(115, 5)
301	H	(120, 5)
302	H	(125, 5)
303	H	(130, 5)
304	H	(135, 5)
305	H	(140, 5)
306	H	(145, 5)
307	H	(150, 5)
308	H	(175, 5)
309	H	(200, 5)
310	H	(3, 6)
311	H	(4, 6)
312	H	(5, 6)
313	H	(6, 6)
314	H	(7, 6)
315	H	(8, 6)
316	H	(9, 6)
317	H	(10, 6)
318	H	(11, 6)
319	H	(12, 6)
320	H	(13, 6)
321	H	(14, 6)
322	H	(15, 6)
323	H	(16, 6)
324	H	(17, 6)
325	H	(18, 6)
326	H	(19, 6)
327	H	(20, 6)
328	H	(21, 6)
329	H	(22, 6)
330	H	(23, 6)
331	H	(24, 6)
332	H	(25, 6)
333	H	(26, 6)
334	H	(27, 6)
335	H	(28, 6)
336	H	(29, 6)
337	H	(30, 6)
338	H	(31, 6)
339	H	(32, 6)
340	H	(33, 6)
341	H	(34, 6)
342	H	(35, 6)
343	H	(36, 6)
344	H	(37, 6)
345	H	(38, 6)
346	H	(39, 6)
347	H	(40, 6)
348	H	(45, 6)
349	H	(50, 6)
350	H	(55, 6)
351	H	(60, 6)
352	H	(65, 6)
353	H	(70, 6)
354	H	(75, 6)
355	H	(80, 6)
356	H	(85, 6)
357	H	(90, 6)
358	H	(95, 6)
359	H	(100, 6)
360	H	(105, 6)
361	H	(110, 6)
362	H	(115, 6)
363	H	(120, 6)
364	H	(125, 6)
365	H	(130, 6)
366	H	(135, 6)
367	H	(140, 6)
368	H	(145, 6)
369	H	(150, 6)
370	H	(175, 6)
371	H	(200, 6)
372	H	(3, 7)
373	H	(4, 7)
374	H	(5, 7)
375	H	(6, 7)
376	H	(7, 7)
377	H	(8, 7)
378	H	(9, 7)
379	H	(10, 7)
380	H	(11, 7)
381	H	(12, 7)
382	H	(13, 7)
383	H	(14, 7)
384	H	(15, 7)
385	H	(16, 7)
386	H	(17, 7)
387	H	(18, 7)
388	H	(19, 7)
389	H	(20, 7)
390	H	(21, 7)
391	H	(22, 7)
392	H	(23, 7)
393	H	(24, 7)
394	H	(25, 7)
395	H	(26, 7)
396	H	(27, 7)
397	H	(28, 7)
398	H	(29, 7)
399	H	(30, 7)
400	H	(31, 7)
401	H	(32, 7)
402	H	(33, 7)
403	H	(34, 7)
404	H	(35, 7)
405	H	(36, 7)
406	H	(37, 7)
407	H	(38, 7)
408	H	(39, 7)
409	H	(40, 7)
410	H	(45, 7)
411	H	(50, 7)
412	H	(55, 7)
413	H	(60, 7)
414	H	(65, 7)
415	H	(70, 7)
416	H	(75, 7)
417	H	(80, 7)
418	H	(85, 7)
419	H	(90, 7)
420	H	(95, 7)
421	H	(100, 7)
422	H	(105, 7)
423	H	(110, 7)
424	H	(115, 7)
425	H	(120, 7)
426	H	(125, 7)
427	H	(130, 7)
428	H	(135, 7)
429	H	(140, 7)
430	H	(145, 7)
431	H	(150, 7)
432	H	(175, 7)
433	H	(200, 7)
434	H	(3, 8)
435	H	(4, 8)
436	H	(5, 8)
437	H	(6, 8)
438	H	(7, 8)
439	H	(8, 8)
440	H	(9, 8)
441	H	(10, 8)
442	H	(11, 8)
443	H	(12, 8)
444	H	(13, 8)
445	H	(14, 8)
446	H	(15, 8)
447	H	(16, 8)
448	H	(17, 8)
449	H	(18, 8)
450	H	(19, 8)
451	H	(20, 8)
452	H	(21, 8)
453	H	(22, 8)
454	H	(23, 8)
455	H	(24, 8)
456	H	(25, 8)
457	H	(26, 8)
458	H	(27, 8)
459	H	(28, 8)
460	H	(29, 8)
461	H	(30, 8)
462	H	(31, 8)
463	H	(32, 8)
464	H	(33, 8)
465	H	(34, 8)
466	H	(35, 8)
467	H	(36, 8)
468	H	(37, 8)
469	H	(38, 8)
470	H	(39, 8)
471	H	(40, 8)
472	H	(45, 8)
473	H	(50, 8)
474	H	(55, 8)
475	H	(60, 8)
476	H	(65, 8)
477	H	(70, 8)
478	H	(75, 8)
479	H	(80, 8)
480	H	(85, 8)
481	H	(90, 8)
482	H	(95, 8)
483	H	(100, 8)
484	H	(105, 8)
485	H	(110, 8)
486	H	(115, 8)
487	H	(120, 8)
488	H	(125, 8)
489	H	(130, 8)
490	H	(135, 8)
491	H	(140, 8)
492	H	(145, 8)
493	H	(150, 8)
494	H	(175, 8)
495	H	(200, 8)
496	MSH	(2, 3, 1)
497	MSH	(3, 3, 1)
498	MSH	(4, 3, 1)
499	MSH	(6, 3, 1)
500	MSH	(8, 3, 1)
501	MSH	(10, 3, 1)
502	MSH	(12, 3, 1)
503	MSH	(14, 3, 1)
504	MSH	(16, 3, 1)
505	MSH	(20, 3, 1)
506	MSH	(24, 3, 1)
507	MSH	(28, 3, 1)
508	MSH	(32, 3, 1)
509	MSH	(38, 3, 1)
510	MSH	(44, 3, 1)
511	MSH	(50, 3, 1)
512	MSH	(2, 4, 1)
513	MSH	(3, 4, 1)
514	MSH	(4, 4, 1)
515	MSH	(6, 4, 1)
516	MSH	(8, 4, 1)
517	MSH	(10, 4, 1)
518	MSH	(12, 4, 1)
519	MSH	(14, 4, 1)
520	MSH	(16, 4, 1)
521	MSH	(20, 4, 1)
522	MSH	(24, 4, 1)
523	MSH	(28, 4, 1)
524	MSH	(32, 4, 1)
525	MSH	(38, 4, 1)
526	MSH	(44, 4, 1)
527	MSH	(50, 4, 1)
528	MSH	(2, 5, 1)
529	MSH	(3, 5, 1)
530	MSH	(4, 5, 1)
531	MSH	(6, 5, 1)
532	MSH	(8, 5, 1)
533	MSH	(10, 5, 1)
534	MSH	(12, 5, 1)
535	MSH	(14, 5, 1)
536	MSH	(16, 5, 1)
537	MSH	(20, 5, 1)
538	MSH	(24, 5, 1)
539	MSH	(28, 5, 1)
540	MSH	(32, 5, 1)
541	MSH	(38, 5, 1)
542	MSH	(44, 5, 1)
543	MSH	(50, 5, 1)
544	MSH	(2, 6, 1)
545	MSH	(3, 6, 1)
546	MSH	(4, 6, 1)
547	MSH	(6, 6, 1)
548	MSH	(8, 6, 1)
549	MSH	(10, 6, 1)
550	MSH	(12, 6, 1)
551	MSH	(14, 6, 1)
552	MSH	(16, 6, 1)
553	MSH	(20, 6, 1)
554	MSH	(24, 6, 1)
555	MSH	(28, 6, 1)
556	MSH	(32, 6, 1)
557	MSH	(38, 6, 1)
558	MSH	(44, 6, 1)
559	MSH	(50, 6, 1)
560	MSH	(2, 7, 1)
561	MSH	(3, 7, 1)
562	MSH	(4, 7, 1)
563	MSH	(6, 7, 1)
564	MSH	(8, 7, 1)
565	MSH	(10, 7, 1)
566	MSH	(12, 7, 1)
567	MSH	(14, 7, 1)
568	MSH	(16, 7, 1)
569	MSH	(20, 7, 1)
570	MSH	(24, 7, 1)
571	MSH	(28, 7, 1)
572	MSH	(32, 7, 1)
573	MSH	(38, 7, 1)
574	MSH	(44, 7, 1)
575	MSH	(50, 7, 1)
576	MSH	(2, 8, 1)
577	MSH	(3, 8, 1)
578	MSH	(4, 8, 1)
579	MSH	(6, 8, 1)
580	MSH	(8, 8, 1)
581	MSH	(10, 8, 1)
582	MSH	(12, 8, 1)
583	MSH	(14, 8, 1)
584	MSH	(16, 8, 1)
585	MSH	(20, 8, 1)
586	MSH	(24, 8, 1)
587	MSH	(28, 8, 1)
588	MSH	(32, 8, 1)
589	MSH	(38, 8, 1)
590	MSH	(44, 8, 1)
591	MSH	(50, 8, 1)
592	MSH	(2, 9, 1)
593	MSH	(3, 9, 1)
594	MSH	(4, 9, 1)
595	MSH	(6, 9, 1)
596	MSH	(8, 9, 1)
597	MSH	(10, 9, 1)
598	MSH	(12, 9, 1)
599	MSH	(14, 9, 1)
600	MSH	(16, 9, 1)
601	MSH	(20, 9, 1)
602	MSH	(24, 9, 1)
603	MSH	(28, 9, 1)
604	MSH	(32, 9, 1)
605	MSH	(38, 9, 1)
606	MSH	(44, 9, 1)
607	MSH	(50, 9, 1)
608	MSH	(2, 10, 1)
609	MSH	(3, 10, 1)
610	MSH	(4, 10, 1)
611	MSH	(6, 10, 1)
612	MSH	(8, 10, 1)
613	MSH	(10, 10, 1)
614	MSH	(12, 10, 1)
615	MSH	(14, 10, 1)
616	MSH	(16, 10, 1)
617	MSH	(20, 10, 1)
618	MSH	(24, 10, 1)
619	MSH	(28, 10, 1)
620	MSH	(32, 10, 1)
621	MSH	(38, 10, 1)
622	MSH	(44, 10, 1)
623	MSH	(50, 10, 1)
624	MSH	(2, 11, 1)
625	MSH	(3, 11, 1)
626	MSH	(4, 11, 1)
627	MSH	(6, 11, 1)
628	MSH	(8, 11, 1)
629	MSH	(10, 11, 1)
630	MSH	(12, 11, 1)
631	MSH	(14, 11, 1)
632	MSH	(16, 11, 1)
633	MSH	(20, 11, 1)
634	MSH	(24, 11, 1)
635	MSH	(28, 11, 1)
636	MSH	(32, 11, 1)
637	MSH	(38, 11, 1)
638	MSH	(44, 11, 1)
639	MSH	(50, 11, 1)
640	MSH	(2, 12, 1)
641	MSH	(3, 12, 1)
642	MSH	(4, 12, 1)
643	MSH	(6, 12, 1)
644	MSH	(8, 12, 1)
645	MSH	(10, 12, 1)
646	MSH	(12, 12, 1)
647	MSH	(14, 12, 1)
648	MSH	(16, 12, 1)
649	MSH	(20, 12, 1)
650	MSH	(24, 12, 1)
651	MSH	(28, 12, 1)
652	MSH	(32, 12, 1)
653	MSH	(38, 12, 1)
654	MSH	(44, 12, 1)
655	MSH	(50, 12, 1)
656	MSH	(2, 13, 1)
657	MSH	(3, 13, 1)
658	MSH	(4, 13, 1)
659	MSH	(6, 13, 1)
660	MSH	(8, 13, 1)
661	MSH	(10, 13, 1)
662	MSH	(12, 13, 1)
663	MSH	(14, 13, 1)
664	MSH	(16, 13, 1)
665	MSH	(20, 13, 1)
666	MSH	(24, 13, 1)
667	MSH	(28, 13, 1)
668	MSH	(32, 13, 1)
669	MSH	(38, 13, 1)
670	MSH	(44, 13, 1)
671	MSH	(50, 13, 1)
672	MSH	(2, 14, 1)
673	MSH	(3, 14, 1)
674	MSH	(4, 14, 1)
675	MSH	(6, 14, 1)
676	MSH	(8, 14, 1)
677	MSH	(10, 14, 1)
678	MSH	(12, 14, 1)
679	MSH	(14, 14, 1)
680	MSH	(16, 14, 1)
681	MSH	(20, 14, 1)
682	MSH	(24, 14, 1)
683	MSH	(28, 14, 1)
684	MSH	(32, 14, 1)
685	MSH	(38, 14, 1)
686	MSH	(44, 14, 1)
687	MSH	(50, 14, 1)
688	MSH	(2, 3, 2)
689	MSH	(3, 3, 2)
690	MSH	(4, 3, 2)
691	MSH	(6, 3, 2)
692	MSH	(8, 3, 2)
693	MSH	(10, 3, 2)
694	MSH	(12, 3, 2)
695	MSH	(14, 3, 2)
696	MSH	(16, 3, 2)
697	MSH	(20, 3, 2)
698	MSH	(24, 3, 2)
699	MSH	(28, 3, 2)
700	MSH	(32, 3, 2)
701	MSH	(38, 3, 2)
702	MSH	(44, 3, 2)
703	MSH	(50, 3, 2)
704	MSH	(2, 4, 2)
705	MSH	(3, 4, 2)
706	MSH	(4, 4, 2)
707	MSH	(6, 4, 2)
708	MSH	(8, 4, 2)
709	MSH	(10, 4, 2)
710	MSH	(12, 4, 2)
711	MSH	(14, 4, 2)
712	MSH	(16, 4, 2)
713	MSH	(20, 4, 2)
714	MSH	(24, 4, 2)
715	MSH	(28, 4, 2)
716	MSH	(32, 4, 2)
717	MSH	(38, 4, 2)
718	MSH	(44, 4, 2)
719	MSH	(50, 4, 2)
720	MSH	(2, 5, 2)
721	MSH	(3, 5, 2)
722	MSH	(4, 5, 2)
723	MSH	(6, 5, 2)
724	MSH	(8, 5, 2)
725	MSH	(10, 5, 2)
726	MSH	(12, 5, 2)
727	MSH	(14, 5, 2)
728	MSH	(16, 5, 2)
729	MSH	(20, 5, 2)
730	MSH	(24, 5, 2)
731	MSH	(28, 5, 2)
732	MSH	(32, 5, 2)
733	MSH	(38, 5, 2)
734	MSH	(44, 5, 2)
735	MSH	(50, 5, 2)
736	MSH	(2, 6, 2)
737	MSH	(3, 6, 2)
738	MSH	(4, 6, 2)
739	MSH	(6, 6, 2)
740	MSH	(8, 6, 2)
741	MSH	(10, 6, 2)
742	MSH	(12, 6, 2)
743	MSH	(14, 6, 2)
744	MSH	(16, 6, 2)
745	MSH	(20, 6, 2)
746	MSH	(24, 6, 2)
747	MSH	(28, 6, 2)
748	MSH	(32, 6, 2)
749	MSH	(38, 6, 2)
750	MSH	(44, 6, 2)
751	MSH	(50, 6, 2)
752	MSH	(2, 7, 2)
753	MSH	(3, 7, 2)
754	MSH	(4, 7, 2)
755	MSH	(6, 7, 2)
756	MSH	(8, 7, 2)
757	MSH	(10, 7, 2)
758	MSH	(12, 7, 2)
759	MSH	(14, 7, 2)
760	MSH	(16, 7, 2)
761	MSH	(20, 7, 2)
762	MSH	(24, 7, 2)
763	MSH	(28, 7, 2)
764	MSH	(32, 7, 2)
765	MSH	(38, 7, 2)
766	MSH	(44, 7, 2)
767	MSH	(50, 7, 2)
768	MSH	(2, 8, 2)
769	MSH	(3, 8, 2)
770	MSH	(4, 8, 2)
771	MSH	(6, 8, 2)
772	MSH	(8, 8, 2)
773	MSH	(10, 8, 2)
774	MSH	(12, 8, 2)
775	MSH	(14, 8, 2)
776	MSH	(16, 8, 2)
777	MSH	(20, 8, 2)
778	MSH	(24, 8, 2)
779	MSH	(28, 8, 2)
780	MSH	(32, 8, 2)
781	MSH	(38, 8, 2)
782	MSH	(44, 8, 2)
783	MSH	(50, 8, 2)
784	MSH	(2, 9, 2)
785	MSH	(3, 9, 2)
786	MSH	(4, 9, 2)
787	MSH	(6, 9, 2)
788	MSH	(8, 9, 2)
789	MSH	(10, 9, 2)
790	MSH	(12, 9, 2)
791	MSH	(14, 9, 2)
792	MSH	(16, 9, 2)
793	MSH	(20, 9, 2)
794	MSH	(24, 9, 2)
795	MSH	(28, 9, 2)
796	MSH	(32, 9, 2)
797	MSH	(38, 9, 2)
798	MSH	(44, 9, 2)
799	MSH	(50, 9, 2)
800	MSH	(2, 10, 2)
801	MSH	(3, 10, 2)
802	MSH	(4, 10, 2)
803	MSH	(6, 10, 2)
804	MSH	(8, 10, 2)
805	MSH	(10, 10, 2)
806	MSH	(12, 10, 2)
807	MSH	(14, 10, 2)
808	MSH	(16, 10, 2)
809	MSH	(20, 10, 2)
810	MSH	(24, 10, 2)
811	MSH	(28, 10, 2)
812	MSH	(32, 10, 2)
813	MSH	(38, 10, 2)
814	MSH	(44, 10, 2)
815	MSH	(50, 10, 2)
816	MSH	(2, 11, 2)
817	MSH	(3, 11, 2)
818	MSH	(4, 11, 2)
819	MSH	(6, 11, 2)
820	MSH	(8, 11, 2)
821	MSH	(10, 11, 2)
822	MSH	(12, 11, 2)
823	MSH	(14, 11, 2)
824	MSH	(16, 11, 2)
825	MSH	(20, 11, 2)
826	MSH	(24, 11, 2)
827	MSH	(28, 11, 2)
828	MSH	(32, 11, 2)
829	MSH	(38, 11, 2)
830	MSH	(44, 11, 2)
831	MSH	(50, 11, 2)
832	MSH	(2, 12, 2)
833	MSH	(3, 12, 2)
834	MSH	(4, 12, 2)
835	MSH	(6, 12, 2)
836	MSH	(8, 12, 2)
837	MSH	(10, 12, 2)
838	MSH	(12, 12, 2)
839	MSH	(14, 12, 2)
840	MSH	(16, 12, 2)
841	MSH	(20, 12, 2)
842	MSH	(24, 12, 2)
843	MSH	(28, 12, 2)
844	MSH	(32, 12, 2)
845	MSH	(38, 12, 2)
846	MSH	(44, 12, 2)
847	MSH	(50, 12, 2)
848	MSH	(2, 13, 2)
849	MSH	(3, 13, 2)
850	MSH	(4, 13, 2)
851	MSH	(6, 13, 2)
852	MSH	(8, 13, 2)
853	MSH	(10, 13, 2)
854	MSH	(12, 13, 2)
855	MSH	(14, 13, 2)
856	MSH	(16, 13, 2)
857	MSH	(20, 13, 2)
858	MSH	(24, 13, 2)
859	MSH	(28, 13, 2)
860	MSH	(32, 13, 2)
861	MSH	(38, 13, 2)
862	MSH	(44, 13, 2)
863	MSH	(50, 13, 2)
864	MSH	(2, 14, 2)
865	MSH	(3, 14, 2)
866	MSH	(4, 14, 2)
867	MSH	(6, 14, 2)
868	MSH	(8, 14, 2)
869	MSH	(10, 14, 2)
870	MSH	(12, 14, 2)
871	MSH	(14, 14, 2)
872	MSH	(16, 14, 2)
873	MSH	(20, 14, 2)
874	MSH	(24, 14, 2)
875	MSH	(28, 14, 2)
876	MSH	(32, 14, 2)
877	MSH	(38, 14, 2)
878	MSH	(44, 14, 2)
879	MSH	(50, 14, 2)
880	MSH	(2, 3, 3)
881	MSH	(3, 3, 3)
882	MSH	(4, 3, 3)
883	MSH	(6, 3, 3)
884	MSH	(8, 3, 3)
885	MSH	(10, 3, 3)
886	MSH	(12, 3, 3)
887	MSH	(14, 3, 3)
888	MSH	(16, 3, 3)
889	MSH	(20, 3, 3)
890	MSH	(24, 3, 3)
891	MSH	(28, 3, 3)
892	MSH	(32, 3, 3)
893	MSH	(38, 3, 3)
894	MSH	(44, 3, 3)
895	MSH	(50, 3, 3)
896	MSH	(2, 4, 3)
897	MSH	(3, 4, 3)
898	MSH	(4, 4, 3)
899	MSH	(6, 4, 3)
900	MSH	(8, 4, 3)
901	MSH	(10, 4, 3)
902	MSH	(12, 4, 3)
903	MSH	(14, 4, 3)
904	MSH	(16, 4, 3)
905	MSH	(20, 4, 3)
906	MSH	(24, 4, 3)
907	MSH	(28, 4, 3)
908	MSH	(32, 4, 3)
909	MSH	(38, 4, 3)
910	MSH	(44, 4, 3)
911	MSH	(50, 4, 3)
912	MSH	(2, 5, 3)
913	MSH	(3, 5, 3)
914	MSH	(4, 5, 3)
915	MSH	(6, 5, 3)
916	MSH	(8, 5, 3)
917	MSH	(10, 5, 3)
918	MSH	(12, 5, 3)
919	MSH	(14, 5, 3)
920	MSH	(16, 5, 3)
921	MSH	(20, 5, 3)
922	MSH	(24, 5, 3)
923	MSH	(28, 5, 3)
924	MSH	(32, 5, 3)
925	MSH	(38, 5, 3)
926	MSH	(44, 5, 3)
927	MSH	(50, 5, 3)
928	MSH	(2, 6, 3)
929	MSH	(3, 6, 3)
930	MSH	(4, 6, 3)
931	MSH	(6, 6, 3)
932	MSH	(8, 6, 3)
933	MSH	(10, 6, 3)
934	MSH	(12, 6, 3)
935	MSH	(14, 6, 3)
936	MSH	(16, 6, 3)
937	MSH	(20, 6, 3)
938	MSH	(24, 6, 3)
939	MSH	(28, 6, 3)
940	MSH	(32, 6, 3)
941	MSH	(38, 6, 3)
942	MSH	(44, 6, 3)
943	MSH	(50, 6, 3)
944	MSH	(2, 7, 3)
945	MSH	(3, 7, 3)
946	MSH	(4, 7, 3)
947	MSH	(6, 7, 3)
948	MSH	(8, 7, 3)
949	MSH	(10, 7, 3)
950	MSH	(12, 7, 3)
951	MSH	(14, 7, 3)
952	MSH	(16, 7, 3)
953	MSH	(20, 7, 3)
954	MSH	(24, 7, 3)
955	MSH	(28, 7, 3)
956	MSH	(32, 7, 3)
957	MSH	(38, 7, 3)
958	MSH	(44, 7, 3)
959	MSH	(50, 7, 3)
960	MSH	(2, 8, 3)
961	MSH	(3, 8, 3)
962	MSH	(4, 8, 3)
963	MSH	(6, 8, 3)
964	MSH	(8, 8, 3)
965	MSH	(10, 8, 3)
966	MSH	(12, 8, 3)
967	MSH	(14, 8, 3)
968	MSH	(16, 8, 3)
969	MSH	(20, 8, 3)
970	MSH	(24, 8, 3)
971	MSH	(28, 8, 3)
972	MSH	(32, 8, 3)
973	MSH	(38, 8, 3)
974	MSH	(44, 8, 3)
975	MSH	(50, 8, 3)
976	MSH	(2, 9, 3)
977	MSH	(3, 9, 3)
978	MSH	(4, 9, 3)
979	MSH	(6, 9, 3)
980	MSH	(8, 9, 3)
981	MSH	(10, 9, 3)
982	MSH	(12, 9, 3)
983	MSH	(14, 9, 3)
984	MSH	(16, 9, 3)
985	MSH	(20, 9, 3)
986	MSH	(24, 9, 3)
987	MSH	(28, 9, 3)
988	MSH	(32, 9, 3)
989	MSH	(38, 9, 3)
990	MSH	(44, 9, 3)
991	MSH	(50, 9, 3)
992	MSH	(2, 10, 3)
993	MSH	(3, 10, 3)
994	MSH	(4, 10, 3)
995	MSH	(6, 10, 3)
996	MSH	(8, 10, 3)
997	MSH	(10, 10, 3)
998	MSH	(12, 10, 3)
999	MSH	(14, 10, 3)
1000	MSH	(16, 10, 3)
1001	MSH	(20, 10, 3)
1002	MSH	(24, 10, 3)
1003	MSH	(28, 10, 3)
1004	MSH	(32, 10, 3)
1005	MSH	(38, 10, 3)
1006	MSH	(44, 10, 3)
1007	MSH	(50, 10, 3)
1008	MSH	(2, 11, 3)
1009	MSH	(3, 11, 3)
1010	MSH	(4, 11, 3)
1011	MSH	(6, 11, 3)
1012	MSH	(8, 11, 3)
1013	MSH	(10, 11, 3)
1014	MSH	(12, 11, 3)
1015	MSH	(14, 11, 3)
1016	MSH	(16, 11, 3)
1017	MSH	(20, 11, 3)
1018	MSH	(24, 11, 3)
1019	MSH	(28, 11, 3)
1020	MSH	(32, 11, 3)
1021	MSH	(38, 11, 3)
1022	MSH	(44, 11, 3)
1023	MSH	(50, 11, 3)
1024	MSH	(2, 12, 3)
1025	MSH	(3, 12, 3)
1026	MSH	(4, 12, 3)
1027	MSH	(6, 12, 3)
1028	MSH	(8, 12, 3)
1029	MSH	(10, 12, 3)
1030	MSH	(12, 12, 3)
1031	MSH	(14, 12, 3)
1032	MSH	(16, 12, 3)
1033	MSH	(20, 12, 3)
1034	MSH	(24, 12, 3)
1035	MSH	(28, 12, 3)
1036	MSH	(32, 12, 3)
1037	MSH	(38, 12, 3)
1038	MSH	(44, 12, 3)
1039	MSH	(50, 12, 3)
1040	MSH	(2, 13, 3)
1041	MSH	(3, 13, 3)
1042	MSH	(4, 13, 3)
1043	MSH	(6, 13, 3)
1044	MSH	(8, 13, 3)
1045	MSH	(10, 13, 3)
1046	MSH	(12, 13, 3)
1047	MSH	(14, 13, 3)
1048	MSH	(16, 13, 3)
1049	MSH	(20, 13, 3)
1050	MSH	(24, 13, 3)
1051	MSH	(28, 13, 3)
1052	MSH	(32, 13, 3)
1053	MSH	(38, 13, 3)
1054	MSH	(44, 13, 3)
1055	MSH	(50, 13, 3)
1056	MSH	(2, 14, 3)
1057	MSH	(3, 14, 3)
1058	MSH	(4, 14, 3)
1059	MSH	(6, 14, 3)
1060	MSH	(8, 14, 3)
1061	MSH	(10, 14, 3)
1062	MSH	(12, 14, 3)
1063	MSH	(14, 14, 3)
1064	MSH	(16, 14, 3)
1065	MSH	(20, 14, 3)
1066	MSH	(24, 14, 3)
1067	MSH	(28, 14, 3)
1068	MSH	(32, 14, 3)
1069	MSH	(38, 14, 3)
1070	MSH	(44, 14, 3)
1071	MSH	(50, 14, 3)