0	MSH	(56, 9, 1)
1	MSH	(64, 9, 1)
2	MSH	(72, 9, 1)
3	MSH	(80, 9, 1)
4	MSH	(96, 9, 1)
5	MSH	(120, 9, 1)
6	MSH	(56, 10, 1)
7	MSH	(64, 10, 1)
8	MSH	(72, 10, 1)
9	MSH	(80, 10, 1)
10	MSH	(96, 10, 1)
11	MSH	(120, 10, 1)
12	MSH	(56, 11, 1)
13	MSH	(64, 11, 1)
14	MSH	(72, 11, 1)
15	MSH	(80, 11, 1)
16	MSH	(96, 11, 1)
17	MSH	(120, 11, 1)
18	MSH	(56, 12, 1)
19	MSH	(64, 12, 1)
20	MSH	(72, 12, 1)
21	MSH	(80, 12, 1)
22	MSH	(96, 12, 1)
23	MSH	(120, 12, 1)
24	MSH	(56, 13, 1)
25	MSH	(64, 13, 1)
26	MSH	(72, 13, 1)
27	MSH	(80, 13, 1)
28	MSH	(96, 13, 1)
29	MSH	(120, 13, 1)
30	MSH	(56, 14, 1)
31	MSH	(64, 14, 1)
32	MSH	(72, 14, 1)
33	MSH	(80, 14, 1)
34	MSH	(96, 14, 1)
35	MSH	(120, 14, 1)
36	MSH	(56, 9, 2)
37	MSH	(64, 9, 2)
38	MSH	(72, 9, 2)
39	MSH	(80, 9, 2)
40	MSH	(96, 9, 2)
41	MSH	(120, 9, 2)
42	MSH	(56, 10, 2)
43	MSH	(64, 10, 2)
44	MSH	(72, 10, 2)
45	MSH	(80, 10, 2)
46	MSH	(96, 10, 2)
47	MSH	(120, 10, 2)
48	MSH	(56, 11, 2)
49	MSH	(64, 11, 2)
50	MSH	(72, 11, 2)
51	MSH	(80, 11, 2)
52	MSH	(96, 11, 2)
53	MSH	(120, 11, 2)
54	MSH	(56, 12, 2)
55	MSH	(64, 12, 2)
56	MSH	(72, 12, 2)
57	MSH	(80, 12, 2)
58	MSH	(96, 12, 2)
59	MSH	(120, 12, 2)
60	MSH	(56, 13, 2)
61	MSH	(64, 13, 2)
62	MSH	(72, 13, 2)
63	MSH	(80, 13, 2)
64	MSH	(96, 13, 2)
65	MSH	(120, 13, 2)
66	MSH	(56, 14, 2)
67	MSH	(64, 14, 2)
68	MSH	(72, 14, 2)
69	MSH	(80, 14, 2)
70	MSH	(96, 14, 2)
71	MSH	(120, 14, 2)
72	MSH	(56, 9, 3)
73	MSH	(64, 9, 3)
74	MSH	(72, 9, 3)
75	MSH	(80, 9, 3)
76	MSH	(96, 9, 3)
77	MSH	(120, 9, 3)
78	MSH	(56, 10, 3)
79	MSH	(64, 10, 3)
80	MSH	(72, 10, 3)
81	MSH	(80, 10, 3)
82	MSH	(96, 10, 3)
83	MSH	(120, 10, 3)
84	MSH	(56, 11, 3)
85	MSH	(64, 11, 3)
86	MSH	(72, 11, 3)
87	MSH	(80, 11, 3)
88	MSH	(96, 11, 3)
89	MSH	(120, 11, 3)
90	MSH	(56, 12, 3)
91	MSH	(64, 12, 3)
92	MSH	(72, 12, 3)
93	MSH	(80, 12, 3)
94	MSH	(96, 12, 3)
95	MSH	(120, 12, 3)
96	MSH	(56, 13, 3)
97	MSH	(64, 13, 3)
98	MSH	(72, 13, 3)
99	MSH	(80, 13, 3)
100	MSH	(96, 13, 3)
101	MSH	(120, 13, 3)
102	MSH	(56, 14, 3)
103	MSH	(64, 14, 3)
104	MSH	(72, 14, 3)
105	MSH	(80, 14, 3)
106	MSH	(96, 14, 3)
107	MSH	(120, 14, 3)