n  trees  (tree,k)pairs  delta<=0  minGamma  maxGamma  max|1-Gamma|  minRho  maxLam(window top)
 4       2         3   0  0.3290  0.5759  0.6710  0.6210  3.000
 5       3         4   0  0.3290  0.6214  0.6710  0.7705  6.000
 6       6        10   0  0.3602  0.6391  0.6398  0.4497  6.000
 7      11        23   0  0.3267  0.7211  0.6733  0.6348  11.000
 8      23        53   0  0.3753  0.7860  0.6247  0.4596  4.000
 9      47        81   0  0.4544  0.7529  0.5456  0.5422  3.286
10     106       237   0  0.5248  0.7848  0.4752  0.4706  4.222
11     235       639   0  0.4552  0.8197  0.5448  0.5354  4.300
12     551      1682   0  0.5123  0.8433  0.4877  0.4789  5.692
13    1301      3088   0  0.4542  0.8259  0.5458  0.4867  4.500
14    3159      8718   0  0.5463  0.8421  0.4537  0.4448  3.169
15    7741     25078   0  0.5870  0.8580  0.4130  0.4909  3.537
16   19320     71254   0  0.6009  0.8743  0.3991  0.4594  3.811
17   48629    148825   0  0.5943  0.8649  0.4057  0.4730  4.342
18  123867    421804   0  0.5922  0.8739  0.4078  0.4647  4.124
19  317955   1208024   0  0.5987  0.8838  0.4013  0.4805  3.467
20  823065   3493075   0  0.6312  0.8957  0.3688  0.4534  3.356
