TOP5 rank=0 n=18 alpha=17 k=8 q=11 num=118195220 den=590976100 par=0,1,1,1,1,1,1,1,1,1,1,1,1,1,1,1,1,1 poly=1,18,136,680,2380,6188,12376,19448,24310,24310,19448,12376,6188,2380,680,136,17,1
TOP5 rank=1 n=18 alpha=16 k=8 q=11 num=34928365 den=168740100 par=0,1,2,2,2,2,2,2,2,2,2,2,1,1,1,1,1,1 poly=1,18,136,620,1960,4593,8266,11651,12990,11485,8018,4369,1820,560,120,16,1
TOP5 rank=2 n=18 alpha=16 k=8 q=11 num=34939850 den=168740100 par=0,1,2,2,2,2,2,2,2,2,2,2,1,13,13,13,13,13 poly=1,18,136,615,1950,4583,8261,11650,12990,11485,8018,4369,1820,560,120,16,1
TOP5 rank=3 n=18 alpha=16 k=8 q=11 num=36117290 den=174240000 par=0,1,2,2,2,2,2,2,2,2,2,2,2,1,14,14,14,14 poly=1,18,136,621,1989,4699,8470,11902,13200,11605,8063,4379,1821,560,120,16,1
TOP5 rank=4 n=18 alpha=16 k=8 q=11 num=36117290 den=174240000 par=0,1,2,2,2,2,2,2,2,2,2,2,2,1,1,1,1,1 poly=1,18,136,625,1995,4703,8471,11902,13200,11605,8063,4379,1821,560,120,16,1
TOP5 rank=5 n=18 alpha=16 k=8 q=11 num=34572230 den=166590649 par=0,1,2,2,2,2,2,2,2,2,2,1,1,1,1,1,1,1 poly=1,18,136,617,1939,4529,8155,11531,12907,11449,8009,4368,1820,560,120,16,1
TOP5 rank=6 n=18 alpha=16 k=8 q=11 num=34615111 den=166564836 par=0,1,2,2,2,2,2,2,2,2,2,1,12,12,12,12,12,12 poly=1,18,136,611,1924,4509,8140,11525,12906,11449,8009,4368,1820,560,120,16,1
TOP5 rank=7 n=18 alpha=16 k=8 q=11 num=34511764 den=166048996 par=0,1,2,2,2,2,2,2,2,2,1,1,1,1,1,1,1,1 poly=1,18,136,616,1932,4508,8120,11496,12886,11442,8008,4368,1820,560,120,16,1
TOP5 rank=8 n=18 alpha=16 k=8 q=11 num=34583166 den=165868641 par=0,1,2,2,2,2,2,2,2,2,1,11,11,11,11,11,11,11 poly=1,18,136,609,1911,4473,8085,11475,12879,11441,8008,4368,1820,560,120,16,1
TOP5 rank=9 n=18 alpha=16 k=8 q=11 num=39085904 den=186650244 par=0,1,2,2,2,2,2,2,2,2,2,2,2,2,1,15,15,15 poly=1,18,136,629,2041,4863,8800,12364,13662,11935,8228,4434,1832,561,120,16,1
TOP5 rank=10 n=18 alpha=16 k=8 q=11 num=39085904 den=186650244 par=0,1,2,2,2,2,2,2,2,2,2,2,2,2,1,1,1,1 poly=1,18,136,632,2044,4864,8800,12364,13662,11935,8228,4434,1832,561,120,16,1
TOP5 rank=11 n=18 alpha=16 k=8 q=11 num=78728650 den=372683025 par=0,1,2,2,2,2,2,2,2,2,2,2,2,2,2,2,2,1 poly=1,18,136,665,2275,5733,11011,16445,19305,17875,13013,7371,3185,1015,225,31,2
TOP4 rank=0 n=18 alpha=17 k=8 q=11 num=118195220 den=590976100 par=0,1,1,1,1,1,1,1,1,1,1,1,1,1,1,1,1,1 poly=1,18,136,680,2380,6188,12376,19448,24310,24310,19448,12376,6188,2380,680,136,17,1
TOP4 rank=1 n=18 alpha=16 k=8 q=11 num=34928365 den=168740100 par=0,1,2,2,2,2,2,2,2,2,2,2,1,1,1,1,1,1 poly=1,18,136,620,1960,4593,8266,11651,12990,11485,8018,4369,1820,560,120,16,1
TOP4 rank=2 n=18 alpha=16 k=8 q=11 num=34939850 den=168740100 par=0,1,2,2,2,2,2,2,2,2,2,2,1,13,13,13,13,13 poly=1,18,136,615,1950,4583,8261,11650,12990,11485,8018,4369,1820,560,120,16,1
TOP4 rank=3 n=18 alpha=16 k=8 q=11 num=36117290 den=174240000 par=0,1,2,2,2,2,2,2,2,2,2,2,2,1,14,14,14,14 poly=1,18,136,621,1989,4699,8470,11902,13200,11605,8063,4379,1821,560,120,16,1
TOP4 rank=4 n=18 alpha=16 k=8 q=11 num=36117290 den=174240000 par=0,1,2,2,2,2,2,2,2,2,2,2,2,1,1,1,1,1 poly=1,18,136,625,1995,4703,8471,11902,13200,11605,8063,4379,1821,560,120,16,1
TOP4 rank=5 n=18 alpha=16 k=8 q=11 num=34572230 den=166590649 par=0,1,2,2,2,2,2,2,2,2,2,1,1,1,1,1,1,1 poly=1,18,136,617,1939,4529,8155,11531,12907,11449,8009,4368,1820,560,120,16,1
TOP4 rank=6 n=18 alpha=16 k=8 q=11 num=34615111 den=166564836 par=0,1,2,2,2,2,2,2,2,2,2,1,12,12,12,12,12,12 poly=1,18,136,611,1924,4509,8140,11525,12906,11449,8009,4368,1820,560,120,16,1
TOP4 rank=7 n=18 alpha=16 k=8 q=11 num=34511764 den=166048996 par=0,1,2,2,2,2,2,2,2,2,1,1,1,1,1,1,1,1 poly=1,18,136,616,1932,4508,8120,11496,12886,11442,8008,4368,1820,560,120,16,1
TOP4 rank=8 n=18 alpha=16 k=8 q=11 num=34583166 den=165868641 par=0,1,2,2,2,2,2,2,2,2,1,11,11,11,11,11,11,11 poly=1,18,136,609,1911,4473,8085,11475,12879,11441,8008,4368,1820,560,120,16,1
TOP4 rank=9 n=18 alpha=16 k=8 q=11 num=39085904 den=186650244 par=0,1,2,2,2,2,2,2,2,2,2,2,2,2,1,15,15,15 poly=1,18,136,629,2041,4863,8800,12364,13662,11935,8228,4434,1832,561,120,16,1
TOP4 rank=10 n=18 alpha=16 k=8 q=11 num=39085904 den=186650244 par=0,1,2,2,2,2,2,2,2,2,2,2,2,2,1,1,1,1 poly=1,18,136,632,2044,4864,8800,12364,13662,11935,8228,4434,1832,561,120,16,1
TOP4 rank=11 n=18 alpha=16 k=8 q=11 num=78728650 den=372683025 par=0,1,2,2,2,2,2,2,2,2,2,2,2,2,2,2,2,1 poly=1,18,136,665,2275,5733,11011,16445,19305,17875,13013,7371,3185,1015,225,31,2
VDMIN_FLOAT n=18 value=0.643983261088 k=7 alpha=10 q=7 lambda=2.77427571359 V=1.25713577582 delta=0.512262297738 par=0,1,2,3,2,5,2,7,2,9,1,11,12,11,14,11,16,1 poly=1,18,136,570,1466,2394,2453,1474,432,32,1
PERK n=18 alpha=16 k=4 q=11 num=927864 den=3651921 par=0,1,2,2,2,2,2,2,2,2,1,11,11,11,11,11,11,11
PERK n=18 alpha=16 k=5 q=11 num=4557294 den=20007729 par=0,1,2,2,2,2,2,2,2,2,1,11,11,11,11,11,11,11
PERK n=18 alpha=16 k=6 q=11 num=14110432 den=65934400 par=0,1,2,2,2,2,2,2,2,2,1,1,1,1,1,1,1,1
PERK n=18 alpha=17 k=7 q=11 num=77364144 den=378224704 par=0,1,1,1,1,1,1,1,1,1,1,1,1,1,1,1,1,1
PERK n=18 alpha=17 k=8 q=11 num=118195220 den=590976100 par=0,1,1,1,1,1,1,1,1,1,1,1,1,1,1,1,1,1
PERK n=18 alpha=17 k=9 q=11 num=118195220 den=590976100 par=0,1,1,1,1,1,1,1,1,1,1,1,1,1,1,1,1,1
PERK n=18 alpha=17 k=10 q=11 num=77364144 den=378224704 par=0,1,1,1,1,1,1,1,1,1,1,1,1,1,1,1,1,1
PERK n=18 alpha=17 k=11 q=11 num=32821152 den=153165376 par=0,1,1,1,1,1,1,1,1,1,1,1,1,1,1,1,1,1
PERALPHA n=18 alpha=9 k=4 q=6 num=883960 den=2637376 par=0,1,2,1,4,1,6,1,8,1,10,1,12,1,14,1,16,1
PERALPHA n=18 alpha=10 k=5 q=7 num=3401776 den=10962721 par=0,1,2,1,4,1,6,1,8,1,10,1,12,1,14,1,1,1
PERALPHA n=18 alpha=11 k=6 q=7 num=4436076 den=15539364 par=0,1,2,3,3,3,3,3,1,9,1,11,1,13,1,15,1,17
PERALPHA n=18 alpha=12 k=6 q=8 num=3695097 den=13995081 par=0,1,2,3,4,4,4,4,2,2,2,1,12,13,12,15,12,17
PERALPHA n=18 alpha=13 k=7 q=9 num=4707311 den=19368801 par=0,1,2,3,2,2,2,1,8,9,8,8,8,1,14,14,14,14
PERALPHA n=18 alpha=14 k=8 q=9 num=2630957 den=11716929 par=0,1,2,2,2,2,1,7,7,7,1,11,11,11,1,15,15,15
PERALPHA n=18 alpha=15 k=7 q=10 num=9863185 den=46444225 par=0,1,2,2,2,2,2,1,8,8,8,8,8,1,14,14,14,14
PERALPHA n=18 alpha=16 k=8 q=11 num=34928365 den=168740100 par=0,1,2,2,2,2,2,2,2,2,2,2,1,1,1,1,1,1
PERALPHA n=18 alpha=17 k=8 q=11 num=118195220 den=590976100 par=0,1,1,1,1,1,1,1,1,1,1,1,1,1,1,1,1,1
TOPQ n=18 alpha=17 k=11 q=11 num=32821152 den=153165376 par=0,1,1,1,1,1,1,1,1,1,1,1,1,1,1,1,1,1
NEWTON n=18 alpha=13 k=9 q=9 num=10589150 den=11314814 par=0,1,2,2,2,1,6,6,6,1,10,10,1,13,13,1,16,16
NEWTONFAIL_DIST n=18 q_minus_k=0 trees=2262
NEWTONFAIL_DIST n=18 q_minus_k=1 trees=1148
NEWTONFAIL_DIST n=18 q_minus_k=2 trees=579
NEWTONFAIL_DIST n=18 q_minus_k=3 trees=213
NEWTONFAIL_DIST n=18 q_minus_k=4 trees=73
NEWTONFAIL_DIST n=18 q_minus_k=5 trees=31
NEWTONFAIL_DIST n=18 q_minus_k=6 trees=15
NEWTONFAIL_DIST n=18 q_minus_k=7 trees=7
VDBIN_FLOAT n=18 bin_lo=0 value=0.643983261088 k=7 alpha=10 q=7 lambda=2.77427571359 V=1.25713577582 delta=0.512262297738 par=0,1,2,3,2,5,2,7,2,9,1,11,12,11,14,11,16,1
VDBIN_FLOAT n=18 bin_lo=2 value=0.70417323151 k=7 alpha=10 q=7 lambda=1.84889118548 V=2.02511260462 delta=0.347720531641 par=0,1,2,3,4,1,6,7,8,1,10,11,12,1,14,15,15,15
VDBIN_FLOAT n=18 bin_lo=4 value=0.834124352469 k=7 alpha=16 q=11 lambda=0.785735326722 V=4.00285028329 delta=0.208382600756 par=0,1,2,2,2,2,2,2,2,2,2,1,1,1,1,1,1,1
QBIN_FLOAT n=18 bin_lo=0 Q=0.28135015259 k=7 alpha=10 q=7 lambda=2.15981755333 V=1.50760205231 delta=0.43553428314 par=0,1,2,3,3,2,1,7,1,9,1,11,1,13,1,15,1,17
QBIN_FLOAT n=18 bin_lo=2 Q=0.297136674843 k=7 alpha=10 q=7 lambda=1.84889118548 V=2.02511260462 delta=0.347720531641 par=0,1,2,3,4,1,6,7,8,1,10,11,12,1,14,15,15,15
QBIN_FLOAT n=18 bin_lo=4 Q=0.345832752176 k=7 alpha=16 q=11 lambda=0.785735326722 V=4.00285028329 delta=0.208382600756 par=0,1,2,2,2,2,2,2,2,2,2,1,1,1,1,1,1,1
QNONPOS_TREES n=18 count=0
STATS n=18 trees=123867 viol5=0 viol4=0 zero5=0 zero4=0 nonunimodal=0 sampled=0 newton_fail_trees=4328
