TOP5 rank=0 n=19 alpha=18 k=9 q=12 num=449141836 den=2363904400 par=0,1,1,1,1,1,1,1,1,1,1,1,1,1,1,1,1,1,1 poly=1,19,153,816,3060,8568,18564,31824,43758,48620,43758,31824,18564,8568,3060,816,153,18,1
TOP5 rank=1 n=19 alpha=17 k=8 q=11 num=119807875 den=607129600 par=0,1,2,2,2,2,2,2,2,2,2,2,2,1,1,1,1,1,1 poly=1,19,153,750,2565,6533,12844,19911,24640,24475,19503,12387,6189,2380,680,136,17,1
TOP5 rank=2 n=19 alpha=17 k=8 q=11 num=119832350 den=607129600 par=0,1,2,2,2,2,2,2,2,2,2,2,2,1,14,14,14,14,14 poly=1,19,153,745,2555,6523,12839,19910,24640,24475,19503,12387,6189,2380,680,136,17,1
TOP5 rank=3 n=19 alpha=17 k=8 q=11 num=117932686 den=596873761 par=0,1,2,2,2,2,2,2,2,2,2,2,1,1,1,1,1,1,1 poly=1,19,153,746,2535,6433,12649,19665,24431,24355,19458,12377,6188,2380,680,136,17,1
TOP5 rank=4 n=19 alpha=17 k=9 q=11 num=121581889 den=615288025 par=0,1,2,2,2,2,2,2,2,2,2,2,2,2,1,15,15,15,15 poly=1,19,153,752,2604,6684,13168,20372,25102,24805,19668,12442,6200,2381,680,136,17,1
TOP5 rank=5 n=19 alpha=17 k=9 q=11 num=121581889 den=615288025 par=0,1,2,2,2,2,2,2,2,2,2,2,2,2,1,1,1,1,1 poly=1,19,153,756,2610,6688,13169,20372,25102,24805,19668,12442,6200,2381,680,136,17,1
TOP5 rank=6 n=19 alpha=17 k=8 q=11 num=118029955 den=596824900 par=0,1,2,2,2,2,2,2,2,2,2,2,1,13,13,13,13,13,13 poly=1,19,153,740,2520,6413,12634,19659,24430,24355,19458,12377,6188,2380,680,136,17,1
TOP5 rank=7 n=19 alpha=17 k=8 q=11 num=117418116 den=593117316 par=0,1,2,2,2,2,2,2,2,2,2,1,1,1,1,1,1,1,1 poly=1,19,153,744,2520,6384,12558,19560,24354,24320,19449,12376,6188,2380,680,136,17,1
TOP5 rank=8 n=19 alpha=17 k=8 q=11 num=117607468 den=592776409 par=0,1,2,2,2,2,2,2,2,2,2,1,12,12,12,12,12,12,12 poly=1,19,153,737,2499,6349,12523,19539,24347,24319,19449,12376,6188,2380,680,136,17,1
TOP5 rank=9 n=19 alpha=17 k=8 q=11 num=117573028 den=591754276 par=0,1,2,2,2,2,2,2,2,2,1,11,11,11,11,11,11,11,11 poly=1,19,153,736,2492,6328,12488,19504,24326,24312,19448,12376,6188,2380,680,136,17,1
TOP5 rank=10 n=19 alpha=17 k=9 q=11 num=130444171 den=655206409 par=0,1,2,2,2,2,2,2,2,2,2,2,2,2,2,1,16,16,16 poly=1,19,153,761,2667,6903,13663,21164,26026,25597,20163,12662,6266,2393,681,136,17,1
TOP5 rank=11 n=19 alpha=17 k=9 q=11 num=130444171 den=655206409 par=0,1,2,2,2,2,2,2,2,2,2,2,2,2,2,1,1,1,1 poly=1,19,153,764,2670,6904,13663,21164,26026,25597,20163,12662,6266,2393,681,136,17,1
TOP4 rank=0 n=19 alpha=18 k=9 q=12 num=449141836 den=2363904400 par=0,1,1,1,1,1,1,1,1,1,1,1,1,1,1,1,1,1,1 poly=1,19,153,816,3060,8568,18564,31824,43758,48620,43758,31824,18564,8568,3060,816,153,18,1
TOP4 rank=1 n=19 alpha=17 k=8 q=11 num=119807875 den=607129600 par=0,1,2,2,2,2,2,2,2,2,2,2,2,1,1,1,1,1,1 poly=1,19,153,750,2565,6533,12844,19911,24640,24475,19503,12387,6189,2380,680,136,17,1
TOP4 rank=2 n=19 alpha=17 k=8 q=11 num=119832350 den=607129600 par=0,1,2,2,2,2,2,2,2,2,2,2,2,1,14,14,14,14,14 poly=1,19,153,745,2555,6523,12839,19910,24640,24475,19503,12387,6189,2380,680,136,17,1
TOP4 rank=3 n=19 alpha=17 k=8 q=11 num=117932686 den=596873761 par=0,1,2,2,2,2,2,2,2,2,2,2,1,1,1,1,1,1,1 poly=1,19,153,746,2535,6433,12649,19665,24431,24355,19458,12377,6188,2380,680,136,17,1
TOP4 rank=4 n=19 alpha=17 k=9 q=11 num=121581889 den=615288025 par=0,1,2,2,2,2,2,2,2,2,2,2,2,2,1,15,15,15,15 poly=1,19,153,752,2604,6684,13168,20372,25102,24805,19668,12442,6200,2381,680,136,17,1
TOP4 rank=5 n=19 alpha=17 k=9 q=11 num=121581889 den=615288025 par=0,1,2,2,2,2,2,2,2,2,2,2,2,2,1,1,1,1,1 poly=1,19,153,756,2610,6688,13169,20372,25102,24805,19668,12442,6200,2381,680,136,17,1
TOP4 rank=6 n=19 alpha=17 k=8 q=11 num=118029955 den=596824900 par=0,1,2,2,2,2,2,2,2,2,2,2,1,13,13,13,13,13,13 poly=1,19,153,740,2520,6413,12634,19659,24430,24355,19458,12377,6188,2380,680,136,17,1
TOP4 rank=7 n=19 alpha=17 k=8 q=11 num=117418116 den=593117316 par=0,1,2,2,2,2,2,2,2,2,2,1,1,1,1,1,1,1,1 poly=1,19,153,744,2520,6384,12558,19560,24354,24320,19449,12376,6188,2380,680,136,17,1
TOP4 rank=8 n=19 alpha=17 k=8 q=11 num=117607468 den=592776409 par=0,1,2,2,2,2,2,2,2,2,2,1,12,12,12,12,12,12,12 poly=1,19,153,737,2499,6349,12523,19539,24347,24319,19449,12376,6188,2380,680,136,17,1
TOP4 rank=9 n=19 alpha=17 k=8 q=11 num=117573028 den=591754276 par=0,1,2,2,2,2,2,2,2,2,1,11,11,11,11,11,11,11,11 poly=1,19,153,736,2492,6328,12488,19504,24326,24312,19448,12376,6188,2380,680,136,17,1
TOP4 rank=10 n=19 alpha=17 k=9 q=11 num=130444171 den=655206409 par=0,1,2,2,2,2,2,2,2,2,2,2,2,2,2,1,16,16,16 poly=1,19,153,761,2667,6903,13663,21164,26026,25597,20163,12662,6266,2393,681,136,17,1
TOP4 rank=11 n=19 alpha=17 k=9 q=11 num=130444171 den=655206409 par=0,1,2,2,2,2,2,2,2,2,2,2,2,2,2,1,1,1,1 poly=1,19,153,764,2670,6904,13663,21164,26026,25597,20163,12662,6266,2393,681,136,17,1
VDMIN_FLOAT n=19 value=0.649458127243 k=7 alpha=10 q=7 lambda=1.94486308027 V=1.54044871545 delta=0.421603212575 par=0,1,2,3,2,5,2,7,2,9,1,11,12,11,14,11,16,11,18 poly=1,19,153,692,1956,3610,4374,3368,1500,296,1
PERK n=19 alpha=17 k=4 q=11 num=1552656 den=6210064 par=0,1,2,2,2,2,2,2,2,2,1,11,11,11,11,11,11,11,11
PERK n=19 alpha=17 k=5 q=11 num=8923488 den=40043584 par=0,1,2,2,2,2,2,2,2,2,1,11,11,11,11,11,11,11,11
PERK n=19 alpha=17 k=6 q=11 num=32832324 den=157703364 par=0,1,2,2,2,2,2,2,2,2,2,1,1,1,1,1,1,1,1
PERK n=19 alpha=18 k=7 q=12 num=200443464 den=1012766976 par=0,1,1,1,1,1,1,1,1,1,1,1,1,1,1,1,1,1,1
PERK n=19 alpha=18 k=8 q=12 num=367479684 den=1914762564 par=0,1,1,1,1,1,1,1,1,1,1,1,1,1,1,1,1,1,1
PERK n=19 alpha=18 k=9 q=12 num=449141836 den=2363904400 par=0,1,1,1,1,1,1,1,1,1,1,1,1,1,1,1,1,1,1
PERK n=19 alpha=18 k=10 q=12 num=367479684 den=1914762564 par=0,1,1,1,1,1,1,1,1,1,1,1,1,1,1,1,1,1,1
PERK n=19 alpha=18 k=11 q=12 num=200443464 den=1012766976 par=0,1,1,1,1,1,1,1,1,1,1,1,1,1,1,1,1,1,1
PERK n=19 alpha=18 k=12 q=12 num=71954064 den=344622096 par=0,1,1,1,1,1,1,1,1,1,1,1,1,1,1,1,1,1,1
PERALPHA n=19 alpha=10 k=5 q=7 num=6392932 den=20702500 par=0,1,2,1,4,1,6,1,8,1,10,1,12,1,14,1,16,1,1
PERALPHA n=19 alpha=11 k=6 q=7 num=9875283 den=34117281 par=0,1,2,3,2,5,2,7,2,9,2,11,1,13,14,13,13,13,13
PERALPHA n=19 alpha=12 k=6 q=8 num=11910902 den=44756100 par=0,1,2,3,3,3,3,3,1,9,1,11,1,13,1,15,1,17,1
PERALPHA n=19 alpha=13 k=7 q=9 num=11607770 den=47128225 par=0,1,2,3,4,4,4,4,2,2,2,1,12,13,12,15,12,17,12
PERALPHA n=19 alpha=14 k=8 q=9 num=6911509 den=30371121 par=0,1,2,3,3,3,2,7,7,7,2,11,11,11,1,15,1,1,1
PERALPHA n=19 alpha=15 k=8 q=10 num=11542565 den=54641664 par=0,1,2,2,2,2,1,7,7,7,7,1,12,12,12,1,16,16,16
PERALPHA n=19 alpha=16 k=8 q=11 num=35287925 den=175032900 par=0,1,2,2,2,2,2,1,8,8,8,8,8,1,14,14,14,14,14
PERALPHA n=19 alpha=17 k=8 q=11 num=119807875 den=607129600 par=0,1,2,2,2,2,2,2,2,2,2,2,2,1,1,1,1,1,1
PERALPHA n=19 alpha=18 k=9 q=12 num=449141836 den=2363904400 par=0,1,1,1,1,1,1,1,1,1,1,1,1,1,1,1,1,1,1
TOPQ n=19 alpha=18 k=12 q=12 num=71954064 den=344622096 par=0,1,1,1,1,1,1,1,1,1,1,1,1,1,1,1,1,1,1
NEWTON n=19 alpha=14 k=9 q=9 num=89361780 den=94727535 par=0,1,2,3,3,3,2,7,7,7,2,11,11,1,14,15,15,1,1
NEWTONFAIL_DIST n=19 q_minus_k=0 trees=5652
NEWTONFAIL_DIST n=19 q_minus_k=1 trees=2533
NEWTONFAIL_DIST n=19 q_minus_k=2 trees=822
NEWTONFAIL_DIST n=19 q_minus_k=3 trees=344
NEWTONFAIL_DIST n=19 q_minus_k=4 trees=153
NEWTONFAIL_DIST n=19 q_minus_k=5 trees=66
NEWTONFAIL_DIST n=19 q_minus_k=6 trees=47
NEWTONFAIL_DIST n=19 q_minus_k=7 trees=22
VDBIN_FLOAT n=19 bin_lo=0 value=0.649458127243 k=7 alpha=10 q=7 lambda=1.94486308027 V=1.54044871545 delta=0.421603212575 par=0,1,2,3,2,5,2,7,2,9,1,11,12,11,14,11,16,11,18
VDBIN_FLOAT n=19 bin_lo=2 value=0.71119115605 k=7 alpha=10 q=7 lambda=1.64148280551 V=2.01617890327 delta=0.352742087965 par=0,1,2,3,4,3,6,1,8,9,10,9,12,1,14,15,16,1,1
VDBIN_FLOAT n=19 bin_lo=4 value=0.820574001644 k=7 alpha=16 q=11 lambda=0.801314868849 V=4.03917572853 delta=0.20315382563 par=0,1,2,2,2,2,2,1,8,8,8,8,8,1,14,14,14,14,14
QBIN_FLOAT n=19 bin_lo=0 Q=0.272771436583 k=7 alpha=10 q=7 lambda=1.75622094074 V=1.56470437611 delta=0.415182396766 par=0,1,2,1,4,1,6,1,8,1,10,1,12,1,14,1,16,1,18
QBIN_FLOAT n=19 bin_lo=2 Q=0.301307703836 k=7 alpha=10 q=7 lambda=1.64148280551 V=2.01617890327 delta=0.352742087965 par=0,1,2,3,4,3,6,1,8,9,10,9,12,1,14,15,16,1,1
QBIN_FLOAT n=19 bin_lo=4 Q=0.338049718353 k=7 alpha=16 q=11 lambda=0.801314868849 V=4.03917572853 delta=0.20315382563 par=0,1,2,2,2,2,2,1,8,8,8,8,8,1,14,14,14,14,14
QNONPOS_TREES n=19 count=0
STATS n=19 trees=317955 viol5=0 viol4=0 zero5=0 zero4=0 nonunimodal=0 sampled=0 newton_fail_trees=9639
