TOP5 rank=0 n=20 alpha=19 k=9 q=13 num=1551580888 den=8533694884 par=0,1,1,1,1,1,1,1,1,1,1,1,1,1,1,1,1,1,1,1 poly=1,20,171,969,3876,11628,27132,50388,75582,92378,92378,75582,50388,27132,11628,3876,969,171,19,1
TOP5 rank=1 n=20 alpha=18 k=9 q=12 num=453063325 den=2412283225 par=0,1,2,2,2,2,2,2,2,2,2,2,2,2,1,15,15,15,15,15 poly=1,20,171,892,3290,9068,19357,32748,44550,49115,43978,31890,18576,8569,3060,816,153,18,1
TOP5 rank=2 n=20 alpha=18 k=9 q=12 num=453063325 den=2412283225 par=0,1,2,2,2,2,2,2,2,2,2,2,2,2,1,1,1,1,1,1 poly=1,20,171,897,3300,9078,19362,32749,44550,49115,43978,31890,18576,8569,3060,816,153,18,1
TOP5 rank=3 n=20 alpha=18 k=9 q=12 num=468343447 den=2490708649 par=0,1,2,2,2,2,2,2,2,2,2,2,2,2,2,1,16,16,16,16 poly=1,20,171,900,3350,9284,19851,33540,45474,49907,44473,32110,18642,8581,3061,816,153,18,1
TOP5 rank=4 n=20 alpha=18 k=9 q=12 num=468343447 den=2490708649 par=0,1,2,2,2,2,2,2,2,2,2,2,2,2,2,1,1,1,1,1 poly=1,20,171,904,3356,9288,19852,33540,45474,49907,44473,32110,18642,8581,3061,816,153,18,1
TOP5 rank=5 n=20 alpha=18 k=9 q=12 num=448304868 den=2379976225 par=0,1,2,2,2,2,2,2,2,2,2,2,2,1,1,1,1,1,1,1 poly=1,20,171,892,3260,8933,19047,32293,44089,48785,43813,31835,18565,8568,3060,816,153,18,1
TOP5 rank=6 n=20 alpha=18 k=9 q=12 num=448348681 den=2379976225 par=0,1,2,2,2,2,2,2,2,2,2,2,2,1,14,14,14,14,14,14 poly=1,20,171,886,3245,8913,19032,32287,44088,48785,43813,31835,18565,8568,3060,816,153,18,1
TOP5 rank=7 n=20 alpha=18 k=9 q=12 num=447577108 den=2368379556 par=0,1,2,2,2,2,2,2,2,2,2,2,1,1,1,1,1,1,1,1 poly=1,20,171,889,3236,8848,18872,32062,43886,48666,43768,31825,18564,8568,3060,816,153,18,1
TOP5 rank=8 n=20 alpha=18 k=9 q=12 num=447786153 den=2368282225 par=0,1,2,2,2,2,2,2,2,2,2,2,1,13,13,13,13,13,13,13 poly=1,20,171,882,3215,8813,18837,32041,43879,48665,43768,31825,18564,8568,3060,816,153,18,1
TOP5 rank=9 n=20 alpha=18 k=9 q=12 num=447654244 den=2365655044 par=0,1,2,2,2,2,2,2,2,2,2,1,1,1,1,1,1,1,1,1 poly=1,20,171,888,3228,8820,18816,31992,43830,48638,43760,31824,18564,8568,3060,816,153,18,1
TOP5 rank=10 n=20 alpha=18 k=9 q=12 num=448145182 den=2364876900 par=0,1,2,2,2,2,2,2,2,2,2,1,12,12,12,12,12,12,12,12 poly=1,20,171,880,3200,8764,18746,31936,43802,48630,43759,31824,18564,8568,3060,816,153,18,1
TOP5 rank=11 n=20 alpha=18 k=9 q=12 num=505519729 den=2664934129 par=0,1,2,2,2,2,2,2,2,2,2,2,2,2,2,2,1,17,17,17 poly=1,20,171,910,3425,9569,20566,34827,47190,51623,45760,32825,18928,8659,3074,817,153,18,1
TOP4 rank=0 n=20 alpha=19 k=9 q=13 num=1551580888 den=8533694884 par=0,1,1,1,1,1,1,1,1,1,1,1,1,1,1,1,1,1,1,1 poly=1,20,171,969,3876,11628,27132,50388,75582,92378,92378,75582,50388,27132,11628,3876,969,171,19,1
TOP4 rank=1 n=20 alpha=18 k=9 q=12 num=453063325 den=2412283225 par=0,1,2,2,2,2,2,2,2,2,2,2,2,2,1,15,15,15,15,15 poly=1,20,171,892,3290,9068,19357,32748,44550,49115,43978,31890,18576,8569,3060,816,153,18,1
TOP4 rank=2 n=20 alpha=18 k=9 q=12 num=453063325 den=2412283225 par=0,1,2,2,2,2,2,2,2,2,2,2,2,2,1,1,1,1,1,1 poly=1,20,171,897,3300,9078,19362,32749,44550,49115,43978,31890,18576,8569,3060,816,153,18,1
TOP4 rank=3 n=20 alpha=18 k=9 q=12 num=468343447 den=2490708649 par=0,1,2,2,2,2,2,2,2,2,2,2,2,2,2,1,16,16,16,16 poly=1,20,171,900,3350,9284,19851,33540,45474,49907,44473,32110,18642,8581,3061,816,153,18,1
TOP4 rank=4 n=20 alpha=18 k=9 q=12 num=468343447 den=2490708649 par=0,1,2,2,2,2,2,2,2,2,2,2,2,2,2,1,1,1,1,1 poly=1,20,171,904,3356,9288,19852,33540,45474,49907,44473,32110,18642,8581,3061,816,153,18,1
TOP4 rank=5 n=20 alpha=18 k=9 q=12 num=448304868 den=2379976225 par=0,1,2,2,2,2,2,2,2,2,2,2,2,1,1,1,1,1,1,1 poly=1,20,171,892,3260,8933,19047,32293,44089,48785,43813,31835,18565,8568,3060,816,153,18,1
TOP4 rank=6 n=20 alpha=18 k=9 q=12 num=448348681 den=2379976225 par=0,1,2,2,2,2,2,2,2,2,2,2,2,1,14,14,14,14,14,14 poly=1,20,171,886,3245,8913,19032,32287,44088,48785,43813,31835,18565,8568,3060,816,153,18,1
TOP4 rank=7 n=20 alpha=18 k=9 q=12 num=447577108 den=2368379556 par=0,1,2,2,2,2,2,2,2,2,2,2,1,1,1,1,1,1,1,1 poly=1,20,171,889,3236,8848,18872,32062,43886,48666,43768,31825,18564,8568,3060,816,153,18,1
TOP4 rank=8 n=20 alpha=18 k=9 q=12 num=447786153 den=2368282225 par=0,1,2,2,2,2,2,2,2,2,2,2,1,13,13,13,13,13,13,13 poly=1,20,171,882,3215,8813,18837,32041,43879,48665,43768,31825,18564,8568,3060,816,153,18,1
TOP4 rank=9 n=20 alpha=18 k=9 q=12 num=447654244 den=2365655044 par=0,1,2,2,2,2,2,2,2,2,2,1,1,1,1,1,1,1,1,1 poly=1,20,171,888,3228,8820,18816,31992,43830,48638,43760,31824,18564,8568,3060,816,153,18,1
TOP4 rank=10 n=20 alpha=18 k=9 q=12 num=448145182 den=2364876900 par=0,1,2,2,2,2,2,2,2,2,2,1,12,12,12,12,12,12,12,12 poly=1,20,171,880,3200,8764,18746,31936,43802,48630,43759,31824,18564,8568,3060,816,153,18,1
TOP4 rank=11 n=20 alpha=18 k=9 q=12 num=505519729 den=2664934129 par=0,1,2,2,2,2,2,2,2,2,2,2,2,2,2,2,1,17,17,17 poly=1,20,171,910,3425,9569,20566,34827,47190,51623,45760,32825,18928,8659,3074,817,153,18,1
VDMIN_FLOAT n=20 value=0.677619638083 k=7 alpha=10 q=7 lambda=1.68005696783 V=1.6717490506 delta=0.405335739738 par=0,1,2,3,4,3,6,3,8,3,10,1,12,13,12,15,12,17,12,19 poly=1,20,171,828,2528,5090,6808,5880,3020,744,33
PERK n=20 alpha=18 k=4 q=12 num=2527680 den=10240000 par=0,1,2,2,2,2,2,2,2,2,2,1,12,12,12,12,12,12,12,12
PERK n=20 alpha=18 k=5 q=12 num=16820496 den=76807696 par=0,1,2,2,2,2,2,2,2,2,2,1,12,12,12,12,12,12,12,12
PERK n=20 alpha=18 k=6 q=12 num=71872416 den=354041856 par=0,1,2,2,2,2,2,2,2,2,2,1,1,1,1,1,1,1,1,1
PERK n=20 alpha=19 k=7 q=13 num=488259720 den=2538950544 par=0,1,1,1,1,1,1,1,1,1,1,1,1,1,1,1,1,1,1,1
PERK n=20 alpha=19 k=8 q=13 num=1057896060 den=5712638724 par=0,1,1,1,1,1,1,1,1,1,1,1,1,1,1,1,1,1,1,1
PERK n=20 alpha=19 k=9 q=13 num=1551580888 den=8533694884 par=0,1,1,1,1,1,1,1,1,1,1,1,1,1,1,1,1,1,1,1
PERK n=20 alpha=19 k=10 q=13 num=1551580888 den=8533694884 par=0,1,1,1,1,1,1,1,1,1,1,1,1,1,1,1,1,1,1,1
PERK n=20 alpha=19 k=11 q=13 num=1057896060 den=5712638724 par=0,1,1,1,1,1,1,1,1,1,1,1,1,1,1,1,1,1,1,1
PERK n=20 alpha=19 k=12 q=13 num=488259720 den=2538950544 par=0,1,1,1,1,1,1,1,1,1,1,1,1,1,1,1,1,1,1,1
PERK n=20 alpha=19 k=13 q=13 num=150233760 den=736145424 par=0,1,1,1,1,1,1,1,1,1,1,1,1,1,1,1,1,1,1,1
PERALPHA n=20 alpha=10 k=5 q=7 num=11690028 den=38118276 par=0,1,2,1,4,1,6,1,8,1,10,1,12,1,14,1,16,1,18,1
PERALPHA n=20 alpha=11 k=5 q=7 num=12911780 den=44595684 par=0,1,2,1,4,1,6,1,8,1,10,1,12,1,14,1,16,1,1,1
PERALPHA n=20 alpha=12 k=6 q=8 num=24978020 den=93276964 par=0,1,2,3,3,3,3,3,1,9,1,11,1,13,1,15,1,17,1,19
PERALPHA n=20 alpha=13 k=7 q=9 num=27907776 den=112487236 par=0,1,2,3,4,4,4,4,2,2,2,1,12,13,12,15,12,17,12,19
PERALPHA n=20 alpha=14 k=7 q=9 num=36460329 den=157552704 par=0,1,2,3,3,3,3,2,8,8,8,8,1,13,1,15,1,17,1,1
PERALPHA n=20 alpha=15 k=8 q=10 num=28979060 den=135024400 par=0,1,2,3,3,3,3,2,8,8,8,2,12,12,12,1,16,1,1,1
PERALPHA n=20 alpha=16 k=8 q=11 num=43570361 den=217769049 par=0,1,2,2,2,2,1,7,7,7,7,1,12,12,12,12,1,17,17,17
PERALPHA n=20 alpha=17 k=8 q=11 num=123179596 den=640140601 par=0,1,2,3,3,3,3,3,3,2,2,2,2,2,1,15,15,15,15,15
PERALPHA n=20 alpha=18 k=9 q=12 num=453063325 den=2412283225 par=0,1,2,2,2,2,2,2,2,2,2,2,2,2,1,15,15,15,15,15
PERALPHA n=20 alpha=19 k=9 q=13 num=1551580888 den=8533694884 par=0,1,1,1,1,1,1,1,1,1,1,1,1,1,1,1,1,1,1,1
TOPQ n=20 alpha=19 k=13 q=13 num=150233760 den=736145424 par=0,1,1,1,1,1,1,1,1,1,1,1,1,1,1,1,1,1,1,1
NEWTON n=20 alpha=15 k=10 q=10 num=180955038 den=194323600 par=0,1,2,2,2,1,6,6,6,1,10,10,10,1,14,14,14,1,18,18
NEWTONFAIL_DIST n=20 q_minus_k=0 trees=11728
NEWTONFAIL_DIST n=20 q_minus_k=1 trees=3946
NEWTONFAIL_DIST n=20 q_minus_k=2 trees=1651
NEWTONFAIL_DIST n=20 q_minus_k=3 trees=766
NEWTONFAIL_DIST n=20 q_minus_k=4 trees=384
NEWTONFAIL_DIST n=20 q_minus_k=5 trees=216
NEWTONFAIL_DIST n=20 q_minus_k=6 trees=71
NEWTONFAIL_DIST n=20 q_minus_k=7 trees=28
NEWTONFAIL_DIST n=20 q_minus_k=8 trees=8
VDBIN_FLOAT n=20 bin_lo=0 value=0.677619638083 k=7 alpha=10 q=7 lambda=1.68005696783 V=1.6717490506 delta=0.405335739738 par=0,1,2,3,4,3,6,3,8,3,10,1,12,13,12,15,12,17,12,19
VDBIN_FLOAT n=20 bin_lo=2 value=0.71798024612 k=7 alpha=10 q=7 lambda=1.50612799718 V=2.00359681504 delta=0.35834567151 par=0,1,2,3,4,3,6,3,8,1,10,11,12,1,14,15,16,1,18,1
VDBIN_FLOAT n=20 bin_lo=4 value=0.819864745284 k=8 alpha=16 q=11 lambda=1.05207215679 V=4.09776650437 delta=0.200076003454 par=0,1,2,2,2,2,1,7,7,7,7,1,12,12,12,12,1,17,17,17
QBIN_FLOAT n=20 bin_lo=0 Q=0.288761448805 k=7 alpha=10 q=7 lambda=1.68005696783 V=1.6717490506 delta=0.405335739738 par=0,1,2,3,4,3,6,3,8,3,10,1,12,13,12,15,12,17,12,19
QBIN_FLOAT n=20 bin_lo=2 Q=0.30251654143 k=8 alpha=12 q=8 lambda=1.79305985059 V=2.17431052166 delta=0.331751754079 par=0,1,2,2,2,2,1,7,1,9,1,11,1,13,1,15,1,17,1,19
QBIN_FLOAT n=20 bin_lo=4 Q=0.337573396318 k=8 alpha=16 q=11 lambda=1.05207215679 V=4.09776650437 delta=0.200076003454 par=0,1,2,2,2,2,1,7,7,7,7,1,12,12,12,12,1,17,17,17
QNONPOS_TREES n=20 count=0
STATS n=20 trees=823065 viol5=0 viol4=0 zero5=0 zero4=0 nonunimodal=0 sampled=0 newton_fail_trees=18798
