TOP5 rank=0 n=21 alpha=20 k=10 q=13 num=5924217936 den=34134779536 par=0,1,1,1,1,1,1,1,1,1,1,1,1,1,1,1,1,1,1,1,1 poly=1,21,190,1140,4845,15504,38760,77520,125970,167960,184756,167960,125970,77520,38760,15504,4845,1140,190,20,1
TOP5 rank=1 n=21 alpha=19 k=9 q=13 num=1577229511 den=8773132225 par=0,1,2,2,2,2,2,2,2,2,2,2,2,2,2,1,16,16,16,16,16 poly=1,21,190,1057,4172,12348,28420,52104,77298,93665,93093,75868,50466,27145,11629,3876,969,171,19,1
TOP5 rank=2 n=21 alpha=19 k=9 q=13 num=1577229511 den=8773132225 par=0,1,2,2,2,2,2,2,2,2,2,2,2,2,2,1,1,1,1,1,1 poly=1,21,190,1062,4182,12358,28425,52105,77298,93665,93093,75868,50466,27145,11629,3876,969,171,19,1
TOP5 rank=3 n=21 alpha=19 k=10 q=13 num=1603021277 den=8907584400 par=0,1,2,2,2,2,2,2,2,2,2,2,2,2,2,2,1,17,17,17,17 poly=1,21,190,1066,4244,12630,29134,53391,79014,95381,94380,76583,50752,27223,11642,3877,969,171,19,1
TOP5 rank=4 n=21 alpha=19 k=10 q=13 num=1603021277 den=8907584400 par=0,1,2,2,2,2,2,2,2,2,2,2,2,2,2,2,1,1,1,1,1 poly=1,21,190,1070,4250,12634,29135,53391,79014,95381,94380,76583,50752,27223,11642,3877,969,171,19,1
TOP5 rank=5 n=21 alpha=19 k=9 q=13 num=1553221879 den=8625394129 par=0,1,2,2,2,2,2,2,2,2,2,2,2,2,1,1,1,1,1,1,1 poly=1,21,190,1056,4131,12158,27945,51319,76375,92873,92598,75648,50400,27133,11628,3876,969,171,19,1
TOP5 rank=6 n=21 alpha=19 k=9 q=13 num=1553314477 den=8625394129 par=0,1,2,2,2,2,2,2,2,2,2,2,2,2,1,15,15,15,15,15,15 poly=1,21,190,1050,4116,12138,27930,51313,76374,92873,92598,75648,50400,27133,11628,3876,969,171,19,1
TOP5 rank=7 n=21 alpha=19 k=9 q=13 num=1546878576 den=8564391936 par=0,1,2,2,2,2,2,2,2,2,2,2,2,1,1,1,1,1,1,1,1 poly=1,21,190,1052,4097,12028,27650,50878,75920,92544,92433,75593,50389,27132,11628,3876,969,171,19,1
TOP5 rank=8 n=21 alpha=19 k=9 q=13 num=1547340520 den=8564206849 par=0,1,2,2,2,2,2,2,2,2,2,2,2,1,14,14,14,14,14,14,14 poly=1,21,190,1045,4076,11993,27615,50857,75913,92543,92433,75593,50389,27132,11628,3876,969,171,19,1
TOP5 rank=9 n=21 alpha=19 k=9 q=13 num=1546316542 den=8543674624 par=0,1,2,2,2,2,2,2,2,2,2,2,1,1,1,1,1,1,1,1,1 poly=1,21,190,1050,4080,11964,27510,50682,75738,92432,92389,75583,50388,27132,11628,3876,969,171,19,1
TOP5 rank=10 n=21 alpha=19 k=9 q=13 num=1547500296 den=8542195776 par=0,1,2,2,2,2,2,2,2,2,2,2,1,13,13,13,13,13,13,13,13 poly=1,21,190,1042,4052,11908,27440,50626,75710,92424,92388,75583,50388,27132,11628,3876,969,171,19,1
TOP5 rank=11 n=21 alpha=19 k=10 q=13 num=1718229084 den=9483448689 par=0,1,2,2,2,2,2,2,2,2,2,2,2,2,2,2,2,1,18,18,18 poly=1,21,190,1077,4332,12993,30135,55393,82017,98813,97383,78585,51753,27587,11733,3891,970,171,19,1
TOP4 rank=0 n=21 alpha=20 k=10 q=13 num=5924217936 den=34134779536 par=0,1,1,1,1,1,1,1,1,1,1,1,1,1,1,1,1,1,1,1,1 poly=1,21,190,1140,4845,15504,38760,77520,125970,167960,184756,167960,125970,77520,38760,15504,4845,1140,190,20,1
TOP4 rank=1 n=21 alpha=19 k=9 q=13 num=1577229511 den=8773132225 par=0,1,2,2,2,2,2,2,2,2,2,2,2,2,2,1,16,16,16,16,16 poly=1,21,190,1057,4172,12348,28420,52104,77298,93665,93093,75868,50466,27145,11629,3876,969,171,19,1
TOP4 rank=2 n=21 alpha=19 k=9 q=13 num=1577229511 den=8773132225 par=0,1,2,2,2,2,2,2,2,2,2,2,2,2,2,1,1,1,1,1,1 poly=1,21,190,1062,4182,12358,28425,52105,77298,93665,93093,75868,50466,27145,11629,3876,969,171,19,1
TOP4 rank=3 n=21 alpha=19 k=10 q=13 num=1603021277 den=8907584400 par=0,1,2,2,2,2,2,2,2,2,2,2,2,2,2,2,1,17,17,17,17 poly=1,21,190,1066,4244,12630,29134,53391,79014,95381,94380,76583,50752,27223,11642,3877,969,171,19,1
TOP4 rank=4 n=21 alpha=19 k=10 q=13 num=1603021277 den=8907584400 par=0,1,2,2,2,2,2,2,2,2,2,2,2,2,2,2,1,1,1,1,1 poly=1,21,190,1070,4250,12634,29135,53391,79014,95381,94380,76583,50752,27223,11642,3877,969,171,19,1
TOP4 rank=5 n=21 alpha=19 k=9 q=13 num=1553221879 den=8625394129 par=0,1,2,2,2,2,2,2,2,2,2,2,2,2,1,1,1,1,1,1,1 poly=1,21,190,1056,4131,12158,27945,51319,76375,92873,92598,75648,50400,27133,11628,3876,969,171,19,1
TOP4 rank=6 n=21 alpha=19 k=9 q=13 num=1553314477 den=8625394129 par=0,1,2,2,2,2,2,2,2,2,2,2,2,2,1,15,15,15,15,15,15 poly=1,21,190,1050,4116,12138,27930,51313,76374,92873,92598,75648,50400,27133,11628,3876,969,171,19,1
TOP4 rank=7 n=21 alpha=19 k=9 q=13 num=1546878576 den=8564391936 par=0,1,2,2,2,2,2,2,2,2,2,2,2,1,1,1,1,1,1,1,1 poly=1,21,190,1052,4097,12028,27650,50878,75920,92544,92433,75593,50389,27132,11628,3876,969,171,19,1
TOP4 rank=8 n=21 alpha=19 k=9 q=13 num=1547340520 den=8564206849 par=0,1,2,2,2,2,2,2,2,2,2,2,2,1,14,14,14,14,14,14,14 poly=1,21,190,1045,4076,11993,27615,50857,75913,92543,92433,75593,50389,27132,11628,3876,969,171,19,1
TOP4 rank=9 n=21 alpha=19 k=9 q=13 num=1546316542 den=8543674624 par=0,1,2,2,2,2,2,2,2,2,2,2,1,1,1,1,1,1,1,1,1 poly=1,21,190,1050,4080,11964,27510,50682,75738,92432,92389,75583,50388,27132,11628,3876,969,171,19,1
TOP4 rank=10 n=21 alpha=19 k=9 q=13 num=1547500296 den=8542195776 par=0,1,2,2,2,2,2,2,2,2,2,2,1,13,13,13,13,13,13,13,13 poly=1,21,190,1042,4052,11908,27440,50626,75710,92424,92388,75583,50388,27132,11628,3876,969,171,19,1
TOP4 rank=11 n=21 alpha=19 k=10 q=13 num=1718229084 den=9483448689 par=0,1,2,2,2,2,2,2,2,2,2,2,2,2,2,2,2,1,18,18,18 poly=1,21,190,1077,4332,12993,30135,55393,82017,98813,97383,78585,51753,27587,11733,3891,970,171,19,1
VDMIN_FLOAT n=21 value=0.712352426713 k=7 alpha=11 q=7 lambda=1.54065412384 V=1.81847200751 delta=0.391731312756 par=0,1,2,3,4,5,6,5,8,5,10,1,12,13,14,15,16,15,18,15,20 poly=1,21,190,975,3142,6636,9267,8376,4605,1336,140,1
PERK n=21 alpha=19 k=5 q=13 num=30393504 den=141134400 par=0,1,2,2,2,2,2,2,2,2,2,1,12,12,12,12,12,12,12,12,12
PERK n=21 alpha=19 k=6 q=13 num=150440652 den=756800100 par=0,1,2,2,2,2,2,2,2,2,2,2,1,1,1,1,1,1,1,1,1
PERK n=21 alpha=20 k=7 q=13 num=1126753200 den=6009350400 par=0,1,1,1,1,1,1,1,1,1,1,1,1,1,1,1,1,1,1,1,1
PERK n=21 alpha=20 k=8 q=13 num=2848181700 den=15868440900 par=0,1,1,1,1,1,1,1,1,1,1,1,1,1,1,1,1,1,1,1,1
PERK n=21 alpha=20 k=9 q=13 num=4936848280 den=28210561600 par=0,1,1,1,1,1,1,1,1,1,1,1,1,1,1,1,1,1,1,1,1
PERK n=21 alpha=20 k=10 q=13 num=5924217936 den=34134779536 par=0,1,1,1,1,1,1,1,1,1,1,1,1,1,1,1,1,1,1,1,1
PERK n=21 alpha=20 k=11 q=13 num=4936848280 den=28210561600 par=0,1,1,1,1,1,1,1,1,1,1,1,1,1,1,1,1,1,1,1,1
PERK n=21 alpha=20 k=12 q=13 num=2848181700 den=15868440900 par=0,1,1,1,1,1,1,1,1,1,1,1,1,1,1,1,1,1,1,1,1
PERK n=21 alpha=20 k=13 q=13 num=1126753200 den=6009350400 par=0,1,1,1,1,1,1,1,1,1,1,1,1,1,1,1,1,1,1,1,1
PERALPHA n=21 alpha=11 k=5 q=7 num=22626828 den=78535044 par=0,1,2,1,4,1,6,1,8,1,10,1,12,1,14,1,16,1,18,1,1
PERALPHA n=21 alpha=12 k=6 q=8 num=52382609 den=193627225 par=0,1,2,3,2,5,2,7,2,9,2,11,1,13,14,13,16,13,13,13,13
PERALPHA n=21 alpha=13 k=7 q=9 num=105970685 den=422261401 par=0,1,2,3,3,3,3,3,1,9,1,11,1,13,1,15,1,17,1,19,1
PERALPHA n=21 alpha=14 k=7 q=9 num=85890095 den=367603929 par=0,1,2,3,4,4,4,4,2,2,2,2,1,13,14,13,16,13,18,13,20
PERALPHA n=21 alpha=15 k=8 q=10 num=85683490 den=395293924 par=0,1,2,3,4,4,4,4,3,9,9,9,9,2,2,2,1,17,18,17,20
PERALPHA n=21 alpha=16 k=9 q=11 num=40980685 den=204061225 par=0,1,2,2,2,1,6,6,6,1,10,10,10,1,14,14,14,1,18,18,18
PERALPHA n=21 alpha=17 k=9 q=11 num=131536480 den=693690244 par=0,1,2,2,2,2,1,7,7,7,7,1,12,12,12,12,1,17,17,17,17
PERALPHA n=21 alpha=18 k=9 q=12 num=461286595 den=2510511025 par=0,1,2,2,2,2,2,2,1,9,9,9,9,9,9,1,1,1,1,1,1
PERALPHA n=21 alpha=19 k=9 q=13 num=1577229511 den=8773132225 par=0,1,2,2,2,2,2,2,2,2,2,2,2,2,2,1,16,16,16,16,16
PERALPHA n=21 alpha=20 k=10 q=13 num=5924217936 den=34134779536 par=0,1,1,1,1,1,1,1,1,1,1,1,1,1,1,1,1,1,1,1,1
TOPQ n=21 alpha=20 k=13 q=13 num=1126753200 den=6009350400 par=0,1,1,1,1,1,1,1,1,1,1,1,1,1,1,1,1,1,1,1,1
NEWTON n=21 alpha=16 k=10 q=11 num=1335905648 den=1438254468 par=0,1,2,2,2,1,6,6,6,1,10,10,10,1,14,14,14,1,18,18,18
NEWTONFAIL_DIST n=21 q_minus_k=0 trees=19387
NEWTONFAIL_DIST n=21 q_minus_k=1 trees=8741
NEWTONFAIL_DIST n=21 q_minus_k=2 trees=4142
NEWTONFAIL_DIST n=21 q_minus_k=3 trees=2069
NEWTONFAIL_DIST n=21 q_minus_k=4 trees=955
NEWTONFAIL_DIST n=21 q_minus_k=5 trees=285
NEWTONFAIL_DIST n=21 q_minus_k=6 trees=117
NEWTONFAIL_DIST n=21 q_minus_k=7 trees=63
NEWTONFAIL_DIST n=21 q_minus_k=8 trees=8
VDBIN_FLOAT n=21 bin_lo=0 value=0.712352426713 k=7 alpha=11 q=7 lambda=1.54065412384 V=1.81847200751 delta=0.391731312756 par=0,1,2,3,4,5,6,5,8,5,10,1,12,13,14,15,16,15,18,15,20
VDBIN_FLOAT n=21 bin_lo=2 value=0.720356181957 k=7 alpha=11 q=7 lambda=1.28008372481 V=2.06713699848 delta=0.348480135805 par=0,1,2,3,2,5,2,7,2,9,2,11,1,13,14,13,16,13,18,13,20
VDBIN_FLOAT n=21 bin_lo=4 value=0.811869962144 k=9 alpha=16 q=11 lambda=1.3901222997 V=4.0426649534 delta=0.200825438542 par=0,1,2,2,2,1,6,6,6,1,10,10,10,1,14,14,14,1,18,18,18
QBIN_FLOAT n=21 bin_lo=0 Q=0.307037426345 k=7 alpha=11 q=7 lambda=1.50584138359 V=1.8417137278 delta=0.386965886923 par=0,1,2,3,4,5,4,7,4,9,1,11,12,13,14,13,16,13,18,1,20
QBIN_FLOAT n=21 bin_lo=2 Q=0.302570073326 k=9 alpha=13 q=9 lambda=2.24809080474 V=2.28870217346 delta=0.317437549533 par=0,1,2,3,4,4,4,2,2,1,10,11,12,11,14,11,16,11,18,11,20
QBIN_FLOAT n=21 bin_lo=4 Q=0.333731880484 k=9 alpha=16 q=11 lambda=1.3901222997 V=4.0426649534 delta=0.200825438542 par=0,1,2,2,2,1,6,6,6,1,10,10,10,1,14,14,14,1,18,18,18
QNONPOS_TREES n=21 count=0
STATS n=21 trees=2144505 viol5=0 viol4=0 zero5=0 zero4=0 nonunimodal=0 sampled=0 newton_fail_trees=35767
