TOP5 rank=0 n=22 alpha=21 k=10 q=14 num=20734762776 den=124408576656 par=0,1,1,1,1,1,1,1,1,1,1,1,1,1,1,1,1,1,1,1,1,1 poly=1,22,210,1330,5985,20349,54264,116280,203490,293930,352716,352716,293930,203490,116280,54264,20349,5985,1330,210,21,1
TOP5 rank=1 n=22 alpha=20 k=10 q=13 num=5992471121 den=34878550564 par=0,1,2,2,2,2,2,2,2,2,2,2,2,2,2,2,1,17,17,17,17,17 poly=1,22,210,1241,5219,16510,40763,80523,129402,170963,186758,168961,126334,77611,38774,15505,4845,1140,190,20,1
TOP5 rank=2 n=22 alpha=20 k=10 q=13 num=5992471121 den=34878550564 par=0,1,2,2,2,2,2,2,2,2,2,2,2,2,2,2,1,1,1,1,1,1 poly=1,22,210,1246,5229,16520,40768,80524,129402,170963,186758,168961,126334,77611,38774,15505,4845,1140,190,20,1
TOP5 rank=3 n=22 alpha=20 k=10 q=13 num=6194144736 den=36009237121 par=0,1,2,2,2,2,2,2,2,2,2,2,2,2,2,2,2,1,18,18,18,18 poly=1,22,210,1251,5304,16870,41763,82525,132405,174395,189761,170963,127335,77975,38865,15519,4846,1140,190,20,1
TOP5 rank=4 n=22 alpha=20 k=10 q=13 num=6194144736 den=36009237121 par=0,1,2,2,2,2,2,2,2,2,2,2,2,2,2,2,2,1,1,1,1,1 poly=1,22,210,1255,5310,16874,41764,82525,132405,174395,189761,170963,127335,77975,38865,15519,4846,1140,190,20,1
TOP5 rank=5 n=22 alpha=20 k=10 q=13 num=5924361079 den=34399491841 par=0,1,2,2,2,2,2,2,2,2,2,2,2,2,2,1,16,16,16,16,16,16 poly=1,22,210,1233,5151,16234,40053,79237,127686,169247,185471,168246,126048,77533,38761,15504,4845,1140,190,20,1
TOP5 rank=6 n=22 alpha=20 k=10 q=13 num=5924361079 den=34399491841 par=0,1,2,2,2,2,2,2,2,2,2,2,2,2,2,1,1,1,1,1,1,1 poly=1,22,210,1239,5166,16254,40068,79243,127687,169247,185471,168246,126048,77533,38761,15504,4845,1140,190,20,1
TOP5 rank=7 n=22 alpha=20 k=10 q=13 num=5911132720 den=34216120576 par=0,1,2,2,2,2,2,2,2,2,2,2,2,2,1,1,1,1,1,1,1,1 poly=1,22,210,1234,5121,16069,39608,78472,126770,168456,184976,168026,125982,77521,38760,15504,4845,1140,190,20,1
TOP5 rank=8 n=22 alpha=20 k=10 q=13 num=5911300746 den=34216120576 par=0,1,2,2,2,2,2,2,2,2,2,2,2,2,1,15,15,15,15,15,15,15 poly=1,22,210,1227,5100,16034,39573,78451,126763,168455,184976,168026,125982,77521,38760,15504,4845,1140,190,20,1
TOP5 rank=9 n=22 alpha=20 k=10 q=13 num=5913839230 den=34155475344 par=0,1,2,2,2,2,2,2,2,2,2,2,2,1,1,1,1,1,1,1,1,1 poly=1,22,210,1231,5094,15960,39348,78066,126336,168134,184812,167971,125971,77520,38760,15504,4845,1140,190,20,1
TOP5 rank=10 n=22 alpha=20 k=10 q=13 num=5914813375 den=34155105721 par=0,1,2,2,2,2,2,2,2,2,2,2,2,1,14,14,14,14,14,14,14,14 poly=1,22,210,1223,5066,15904,39278,78010,126308,168126,184811,167971,125971,77520,38760,15504,4845,1140,190,20,1
TOP5 rank=11 n=22 alpha=20 k=10 q=13 num=5916156076 den=34142170176 par=0,1,2,2,2,2,2,2,2,2,2,2,1,1,1,1,1,1,1,1,1,1 poly=1,22,210,1230,5085,15924,39264,77940,126210,168050,184776,167962,125970,77520,38760,15504,4845,1140,190,20,1
TOP4 rank=0 n=22 alpha=21 k=10 q=14 num=20734762776 den=124408576656 par=0,1,1,1,1,1,1,1,1,1,1,1,1,1,1,1,1,1,1,1,1,1 poly=1,22,210,1330,5985,20349,54264,116280,203490,293930,352716,352716,293930,203490,116280,54264,20349,5985,1330,210,21,1
TOP4 rank=1 n=22 alpha=20 k=10 q=13 num=5992471121 den=34878550564 par=0,1,2,2,2,2,2,2,2,2,2,2,2,2,2,2,1,17,17,17,17,17 poly=1,22,210,1241,5219,16510,40763,80523,129402,170963,186758,168961,126334,77611,38774,15505,4845,1140,190,20,1
TOP4 rank=2 n=22 alpha=20 k=10 q=13 num=5992471121 den=34878550564 par=0,1,2,2,2,2,2,2,2,2,2,2,2,2,2,2,1,1,1,1,1,1 poly=1,22,210,1246,5229,16520,40768,80524,129402,170963,186758,168961,126334,77611,38774,15505,4845,1140,190,20,1
TOP4 rank=3 n=22 alpha=20 k=10 q=13 num=6194144736 den=36009237121 par=0,1,2,2,2,2,2,2,2,2,2,2,2,2,2,2,2,1,18,18,18,18 poly=1,22,210,1251,5304,16870,41763,82525,132405,174395,189761,170963,127335,77975,38865,15519,4846,1140,190,20,1
TOP4 rank=4 n=22 alpha=20 k=10 q=13 num=6194144736 den=36009237121 par=0,1,2,2,2,2,2,2,2,2,2,2,2,2,2,2,2,1,1,1,1,1 poly=1,22,210,1255,5310,16874,41764,82525,132405,174395,189761,170963,127335,77975,38865,15519,4846,1140,190,20,1
TOP4 rank=5 n=22 alpha=20 k=10 q=13 num=5924361079 den=34399491841 par=0,1,2,2,2,2,2,2,2,2,2,2,2,2,2,1,16,16,16,16,16,16 poly=1,22,210,1233,5151,16234,40053,79237,127686,169247,185471,168246,126048,77533,38761,15504,4845,1140,190,20,1
TOP4 rank=6 n=22 alpha=20 k=10 q=13 num=5924361079 den=34399491841 par=0,1,2,2,2,2,2,2,2,2,2,2,2,2,2,1,1,1,1,1,1,1 poly=1,22,210,1239,5166,16254,40068,79243,127687,169247,185471,168246,126048,77533,38761,15504,4845,1140,190,20,1
TOP4 rank=7 n=22 alpha=20 k=10 q=13 num=5911132720 den=34216120576 par=0,1,2,2,2,2,2,2,2,2,2,2,2,2,1,1,1,1,1,1,1,1 poly=1,22,210,1234,5121,16069,39608,78472,126770,168456,184976,168026,125982,77521,38760,15504,4845,1140,190,20,1
TOP4 rank=8 n=22 alpha=20 k=10 q=13 num=5911300746 den=34216120576 par=0,1,2,2,2,2,2,2,2,2,2,2,2,2,1,15,15,15,15,15,15,15 poly=1,22,210,1227,5100,16034,39573,78451,126763,168455,184976,168026,125982,77521,38760,15504,4845,1140,190,20,1
TOP4 rank=9 n=22 alpha=20 k=10 q=13 num=5913839230 den=34155475344 par=0,1,2,2,2,2,2,2,2,2,2,2,2,1,1,1,1,1,1,1,1,1 poly=1,22,210,1231,5094,15960,39348,78066,126336,168134,184812,167971,125971,77520,38760,15504,4845,1140,190,20,1
TOP4 rank=10 n=22 alpha=20 k=10 q=13 num=5914813375 den=34155105721 par=0,1,2,2,2,2,2,2,2,2,2,2,2,1,14,14,14,14,14,14,14,14 poly=1,22,210,1223,5066,15904,39278,78010,126308,168126,184811,167971,125971,77520,38760,15504,4845,1140,190,20,1
TOP4 rank=11 n=22 alpha=20 k=10 q=13 num=5916156076 den=34142170176 par=0,1,2,2,2,2,2,2,2,2,2,2,1,1,1,1,1,1,1,1,1,1 poly=1,22,210,1230,5085,15924,39264,77940,126210,168050,184776,167962,125970,77520,38760,15504,4845,1140,190,20,1
VDMIN_FLOAT n=22 value=0.685192860477 k=8 alpha=12 q=8 lambda=1.92218319307 V=1.73187924984 delta=0.395635469702 par=0,1,2,3,2,5,2,7,2,9,2,11,1,13,14,13,16,13,18,13,20,1 poly=1,22,210,1157,4111,9912,16515,18871,14242,6496,1437,58,1
PERK n=22 alpha=20 k=5 q=13 num=53297838 den=250905600 par=0,1,2,2,2,2,2,2,2,2,2,2,1,13,13,13,13,13,13,13,13,13
PERK n=22 alpha=20 k=6 q=13 num=300545136 den=1541661696 par=0,1,2,2,2,2,2,2,2,2,2,2,1,1,1,1,1,1,1,1,1,1
PERK n=22 alpha=21 k=7 q=14 num=2478857040 den=13521038400 par=0,1,1,1,1,1,1,1,1,1,1,1,1,1,1,1,1,1,1,1,1,1
PERK n=22 alpha=21 k=8 q=14 num=7229999700 den=41408180100 par=0,1,1,1,1,1,1,1,1,1,1,1,1,1,1,1,1,1,1,1,1,1
PERK n=22 alpha=21 k=9 q=14 num=14620666060 den=86394844900 par=0,1,1,1,1,1,1,1,1,1,1,1,1,1,1,1,1,1,1,1,1,1
PERK n=22 alpha=21 k=10 q=14 num=20734762776 den=124408576656 par=0,1,1,1,1,1,1,1,1,1,1,1,1,1,1,1,1,1,1,1,1,1
PERK n=22 alpha=21 k=11 q=14 num=20734762776 den=124408576656 par=0,1,1,1,1,1,1,1,1,1,1,1,1,1,1,1,1,1,1,1,1,1
PERK n=22 alpha=21 k=12 q=14 num=14620666060 den=86394844900 par=0,1,1,1,1,1,1,1,1,1,1,1,1,1,1,1,1,1,1,1,1,1
PERK n=22 alpha=21 k=13 q=14 num=7229999700 den=41408180100 par=0,1,1,1,1,1,1,1,1,1,1,1,1,1,1,1,1,1,1,1,1,1
PERK n=22 alpha=21 k=14 q=14 num=2478857040 den=13521038400 par=0,1,1,1,1,1,1,1,1,1,1,1,1,1,1,1,1,1,1,1,1,1
PERALPHA n=22 alpha=11 k=5 q=7 num=38753316 den=135349956 par=0,1,2,1,4,1,6,1,8,1,10,1,12,1,14,1,16,1,18,1,20,1
PERALPHA n=22 alpha=12 k=6 q=8 num=159396012 den=591365124 par=0,1,2,1,4,1,6,1,8,1,10,1,12,1,14,1,16,1,18,1,1,1
PERALPHA n=22 alpha=13 k=7 q=9 num=229689693 den=912462849 par=0,1,2,3,3,3,3,3,1,9,1,11,1,13,1,15,1,17,1,19,1,21
PERALPHA n=22 alpha=14 k=7 q=9 num=295707702 den=1254434724 par=0,1,2,3,3,3,3,3,3,1,10,1,12,1,14,1,16,1,18,1,20,1
PERALPHA n=22 alpha=15 k=8 q=10 num=296347883 den=1348725625 par=0,1,2,3,3,3,3,2,8,8,8,8,1,13,1,15,1,17,1,19,1,1
PERALPHA n=22 alpha=16 k=9 q=11 num=109659421 den=533887236 par=0,1,2,3,4,4,4,3,8,8,8,3,12,12,12,2,2,1,18,19,18,18
PERALPHA n=22 alpha=17 k=9 q=11 num=323709695 den=1688799025 par=0,1,2,3,3,3,3,2,8,8,8,8,2,13,13,13,13,1,18,1,1,1
PERALPHA n=22 alpha=18 k=9 q=12 num=511194309 den=2820459664 par=0,1,2,2,2,2,2,1,8,8,8,8,1,13,13,13,13,1,18,18,18,18
PERALPHA n=22 alpha=19 k=9 q=13 num=1605663940 den=9110320704 par=0,1,2,2,2,2,2,2,1,9,9,9,9,9,9,1,1,1,1,1,1,1
PERALPHA n=22 alpha=20 k=10 q=13 num=5992471121 den=34878550564 par=0,1,2,2,2,2,2,2,2,2,2,2,2,2,2,2,1,17,17,17,17,17
PERALPHA n=22 alpha=21 k=10 q=14 num=20734762776 den=124408576656 par=0,1,1,1,1,1,1,1,1,1,1,1,1,1,1,1,1,1,1,1,1,1
TOPQ n=22 alpha=21 k=14 q=14 num=2478857040 den=13521038400 par=0,1,1,1,1,1,1,1,1,1,1,1,1,1,1,1,1,1,1,1,1,1
NEWTON n=22 alpha=16 k=11 q=11 num=517868640 den=552330000 par=0,1,2,2,2,1,6,6,6,1,10,10,10,1,14,14,1,17,17,1,20,20
NEWTONFAIL_DIST n=22 q_minus_k=0 trees=46461
NEWTONFAIL_DIST n=22 q_minus_k=1 trees=22528
NEWTONFAIL_DIST n=22 q_minus_k=2 trees=10959
NEWTONFAIL_DIST n=22 q_minus_k=3 trees=4184
NEWTONFAIL_DIST n=22 q_minus_k=4 trees=1208
NEWTONFAIL_DIST n=22 q_minus_k=5 trees=531
NEWTONFAIL_DIST n=22 q_minus_k=6 trees=253
NEWTONFAIL_DIST n=22 q_minus_k=7 trees=107
NEWTONFAIL_DIST n=22 q_minus_k=8 trees=80
VDBIN_FLOAT n=22 bin_lo=0 value=0.685192860477 k=8 alpha=12 q=8 lambda=1.92218319307 V=1.73187924984 delta=0.395635469702 par=0,1,2,3,2,5,2,7,2,9,2,11,1,13,14,13,16,13,18,13,20,1
VDBIN_FLOAT n=22 bin_lo=2 value=0.724439882181 k=9 alpha=13 q=9 lambda=2.29006337285 V=2.24428985948 delta=0.322792476703 par=0,1,2,3,4,4,2,2,1,9,10,9,12,9,14,1,16,17,16,19,16,21
VDBIN_FLOAT n=22 bin_lo=4 value=0.816065523637 k=11 alpha=17 q=11 lambda=1.94184279227 V=4.04728087338 delta=0.201633034417 par=0,1,2,3,3,3,3,2,2,2,1,11,11,11,1,15,15,15,1,19,19,19
QBIN_FLOAT n=22 bin_lo=0 Q=0.290442094709 k=8 alpha=12 q=8 lambda=1.92218319307 V=1.73187924984 delta=0.395635469702 par=0,1,2,3,2,5,2,7,2,9,2,11,1,13,14,13,16,13,18,13,20,1
QBIN_FLOAT n=22 bin_lo=2 Q=0.302088780187 k=9 alpha=13 q=9 lambda=1.97714748916 V=2.23928349101 delta=0.323659113845 par=0,1,2,2,2,2,1,7,1,9,1,11,1,13,1,15,1,17,1,19,1,21
QBIN_FLOAT n=22 bin_lo=4 Q=0.334609829087 k=11 alpha=17 q=11 lambda=1.93518284331 V=4.06050108192 delta=0.201072956836 par=0,1,2,2,2,2,1,7,7,7,1,11,11,11,1,15,15,15,1,19,19,19
QNONPOS_TREES n=22 count=0
STATS n=22 trees=5623756 viol5=0 viol4=0 zero5=0 zero4=0 nonunimodal=0 sampled=0 newton_fail_trees=86311
