TOP5 rank=0 n=23 alpha=22 k=11 q=15 num=79483257308 den=497634306624 par=0,1,1,1,1,1,1,1,1,1,1,1,1,1,1,1,1,1,1,1,1,1,1 poly=1,23,231,1540,7315,26334,74613,170544,319770,497420,646646,705432,646646,497420,319770,170544,74613,26334,7315,1540,231,22,1
TOP5 rank=1 n=23 alpha=21 k=10 q=14 num=21118776406 den=127964313841 par=0,1,2,2,2,2,2,2,2,2,2,2,2,2,2,2,2,1,18,18,18,18,18 poly=1,23,231,1445,6450,21719,57268,121285,209925,300365,357721,355719,295295,203945,116385,54279,20350,5985,1330,210,21,1
TOP5 rank=2 n=23 alpha=21 k=10 q=14 num=21118776406 den=127964313841 par=0,1,2,2,2,2,2,2,2,2,2,2,2,2,2,2,2,1,1,1,1,1,1 poly=1,23,231,1450,6460,21729,57273,121286,209925,300365,357721,355719,295295,203945,116385,54279,20350,5985,1330,210,21,1
TOP5 rank=3 n=23 alpha=21 k=11 q=14 num=21494797688 den=130121804176 par=0,1,2,2,2,2,2,2,2,2,2,2,2,2,2,2,2,2,1,19,19,19,19 poly=1,23,231,1456,6549,22170,58632,124288,214930,306800,364156,360724,298298,205310,116840,54384,20365,5986,1330,210,21,1
TOP5 rank=4 n=23 alpha=21 k=11 q=14 num=21494797688 den=130121804176 par=0,1,2,2,2,2,2,2,2,2,2,2,2,2,2,2,2,2,1,1,1,1,1 poly=1,23,231,1460,6555,22174,58633,124288,214930,306800,364156,360724,298298,205310,116840,54384,20365,5986,1330,210,21,1
TOP5 rank=5 n=23 alpha=21 k=10 q=14 num=20794609563 den=125824859524 par=0,1,2,2,2,2,2,2,2,2,2,2,2,2,2,2,1,17,17,17,17,17,17 poly=1,23,231,1436,6369,21365,56272,119284,206922,296933,354718,353717,294294,203581,116294,54265,20349,5985,1330,210,21,1
TOP5 rank=6 n=23 alpha=21 k=10 q=14 num=20794609563 den=125824859524 par=0,1,2,2,2,2,2,2,2,2,2,2,2,2,2,2,1,1,1,1,1,1,1 poly=1,23,231,1442,6384,21385,56287,119290,206923,296933,354718,353717,294294,203581,116294,54265,20349,5985,1330,210,21,1
TOP5 rank=7 n=23 alpha=21 k=10 q=14 num=20700927325 den=124913471761 par=0,1,2,2,2,2,2,2,2,2,2,2,2,2,2,1,1,1,1,1,1,1,1 poly=1,23,231,1436,6327,21134,55607,118024,205214,295218,353431,353002,294008,203503,116281,54264,20349,5985,1330,210,21,1
TOP5 rank=8 n=23 alpha=21 k=10 q=14 num=20701280327 den=124913471761 par=0,1,2,2,2,2,2,2,2,2,2,2,2,2,2,1,16,16,16,16,16,16,16 poly=1,23,231,1429,6306,21099,55572,118003,205207,295217,353431,353002,294008,203503,116281,54264,20349,5985,1330,210,21,1
TOP5 rank=9 n=23 alpha=21 k=10 q=14 num=20693510581 den=124564525969 par=0,1,2,2,2,2,2,2,2,2,2,2,2,2,1,1,1,1,1,1,1,1,1 poly=1,23,231,1432,6289,20970,55182,117288,204318,294434,352937,352782,293942,203491,116280,54264,20349,5985,1330,210,21,1
TOP5 rank=10 n=23 alpha=21 k=10 q=14 num=20695626964 den=124563820096 par=0,1,2,2,2,2,2,2,2,2,2,2,2,2,1,15,15,15,15,15,15,15,15 poly=1,23,231,1424,6261,20914,55112,117232,204290,294426,352936,352782,293942,203491,116280,54264,20349,5985,1330,210,21,1
TOP5 rank=11 n=23 alpha=21 k=11 q=14 num=23020716940 den=138506042896 par=0,1,2,2,2,2,2,2,2,2,2,2,2,2,2,2,2,2,2,1,20,20,20 poly=1,23,231,1469,6666,22729,60452,128656,222938,318240,377026,372164,306306,209678,118660,54944,20485,6002,1331,210,21,1
TOP4 rank=0 n=23 alpha=22 k=11 q=15 num=79483257308 den=497634306624 par=0,1,1,1,1,1,1,1,1,1,1,1,1,1,1,1,1,1,1,1,1,1,1 poly=1,23,231,1540,7315,26334,74613,170544,319770,497420,646646,705432,646646,497420,319770,170544,74613,26334,7315,1540,231,22,1
TOP4 rank=1 n=23 alpha=21 k=10 q=14 num=21118776406 den=127964313841 par=0,1,2,2,2,2,2,2,2,2,2,2,2,2,2,2,2,1,18,18,18,18,18 poly=1,23,231,1445,6450,21719,57268,121285,209925,300365,357721,355719,295295,203945,116385,54279,20350,5985,1330,210,21,1
TOP4 rank=2 n=23 alpha=21 k=10 q=14 num=21118776406 den=127964313841 par=0,1,2,2,2,2,2,2,2,2,2,2,2,2,2,2,2,1,1,1,1,1,1 poly=1,23,231,1450,6460,21729,57273,121286,209925,300365,357721,355719,295295,203945,116385,54279,20350,5985,1330,210,21,1
TOP4 rank=3 n=23 alpha=21 k=11 q=14 num=21494797688 den=130121804176 par=0,1,2,2,2,2,2,2,2,2,2,2,2,2,2,2,2,2,1,19,19,19,19 poly=1,23,231,1456,6549,22170,58632,124288,214930,306800,364156,360724,298298,205310,116840,54384,20365,5986,1330,210,21,1
TOP4 rank=4 n=23 alpha=21 k=11 q=14 num=21494797688 den=130121804176 par=0,1,2,2,2,2,2,2,2,2,2,2,2,2,2,2,2,2,1,1,1,1,1 poly=1,23,231,1460,6555,22174,58633,124288,214930,306800,364156,360724,298298,205310,116840,54384,20365,5986,1330,210,21,1
TOP4 rank=5 n=23 alpha=21 k=10 q=14 num=20794609563 den=125824859524 par=0,1,2,2,2,2,2,2,2,2,2,2,2,2,2,2,1,17,17,17,17,17,17 poly=1,23,231,1436,6369,21365,56272,119284,206922,296933,354718,353717,294294,203581,116294,54265,20349,5985,1330,210,21,1
TOP4 rank=6 n=23 alpha=21 k=10 q=14 num=20794609563 den=125824859524 par=0,1,2,2,2,2,2,2,2,2,2,2,2,2,2,2,1,1,1,1,1,1,1 poly=1,23,231,1442,6384,21385,56287,119290,206923,296933,354718,353717,294294,203581,116294,54265,20349,5985,1330,210,21,1
TOP4 rank=7 n=23 alpha=21 k=10 q=14 num=20700927325 den=124913471761 par=0,1,2,2,2,2,2,2,2,2,2,2,2,2,2,1,1,1,1,1,1,1,1 poly=1,23,231,1436,6327,21134,55607,118024,205214,295218,353431,353002,294008,203503,116281,54264,20349,5985,1330,210,21,1
TOP4 rank=8 n=23 alpha=21 k=10 q=14 num=20701280327 den=124913471761 par=0,1,2,2,2,2,2,2,2,2,2,2,2,2,2,1,16,16,16,16,16,16,16 poly=1,23,231,1429,6306,21099,55572,118003,205207,295217,353431,353002,294008,203503,116281,54264,20349,5985,1330,210,21,1
TOP4 rank=9 n=23 alpha=21 k=10 q=14 num=20693510581 den=124564525969 par=0,1,2,2,2,2,2,2,2,2,2,2,2,2,1,1,1,1,1,1,1,1,1 poly=1,23,231,1432,6289,20970,55182,117288,204318,294434,352937,352782,293942,203491,116280,54264,20349,5985,1330,210,21,1
TOP4 rank=10 n=23 alpha=21 k=10 q=14 num=20695626964 den=124563820096 par=0,1,2,2,2,2,2,2,2,2,2,2,2,2,1,15,15,15,15,15,15,15,15 poly=1,23,231,1424,6261,20914,55112,117232,204290,294426,352936,352782,293942,203491,116280,54264,20349,5985,1330,210,21,1
TOP4 rank=11 n=23 alpha=21 k=11 q=14 num=23020716940 den=138506042896 par=0,1,2,2,2,2,2,2,2,2,2,2,2,2,2,2,2,2,2,1,20,20,20 poly=1,23,231,1469,6666,22729,60452,128656,222938,318240,377026,372164,306306,209678,118660,54944,20485,6002,1331,210,21,1
VDMIN_FLOAT n=23 value=0.712324600281 k=9 alpha=13 q=9 lambda=2.49381719126 V=1.79939543549 delta=0.395868849188 par=0,1,2,3,2,5,2,7,2,9,1,11,12,11,14,11,16,11,18,1,20,20,1 poly=1,23,231,1346,5082,13107,23634,29868,25998,14926,5177,896,44,1
PERK n=23 alpha=21 k=5 q=14 num=90420561 den=431351361 par=0,1,2,2,2,2,2,2,2,2,2,2,1,13,13,13,13,13,13,13,13,13,13
PERK n=23 alpha=21 k=6 q=14 num=579570156 den=3022580484 par=0,1,2,2,2,2,2,2,2,2,2,2,2,1,1,1,1,1,1,1,1,1,1
PERK n=23 alpha=22 k=7 q=15 num=5226256926 den=29085255936 par=0,1,1,1,1,1,1,1,1,1,1,1,1,1,1,1,1,1,1,1,1,1,1
PERK n=23 alpha=22 k=8 q=15 num=17420856420 den=102252852900 par=0,1,1,1,1,1,1,1,1,1,1,1,1,1,1,1,1,1,1,1,1,1,1
PERK n=23 alpha=22 k=9 q=15 num=40648664980 den=247426656400 par=0,1,1,1,1,1,1,1,1,1,1,1,1,1,1,1,1,1,1,1,1,1,1
PERK n=23 alpha=22 k=10 q=15 num=67255063876 den=418151049316 par=0,1,1,1,1,1,1,1,1,1,1,1,1,1,1,1,1,1,1,1,1,1,1
PERK n=23 alpha=22 k=11 q=15 num=79483257308 den=497634306624 par=0,1,1,1,1,1,1,1,1,1,1,1,1,1,1,1,1,1,1,1,1,1,1
PERK n=23 alpha=22 k=12 q=15 num=67255063876 den=418151049316 par=0,1,1,1,1,1,1,1,1,1,1,1,1,1,1,1,1,1,1,1,1,1,1
PERK n=23 alpha=22 k=13 q=15 num=40648664980 den=247426656400 par=0,1,1,1,1,1,1,1,1,1,1,1,1,1,1,1,1,1,1,1,1,1,1
PERK n=23 alpha=22 k=14 q=15 num=17420856420 den=102252852900 par=0,1,1,1,1,1,1,1,1,1,1,1,1,1,1,1,1,1,1,1,1,1,1
PERK n=23 alpha=22 k=15 q=15 num=5226256926 den=29085255936 par=0,1,1,1,1,1,1,1,1,1,1,1,1,1,1,1,1,1,1,1,1,1,1
PERALPHA n=23 alpha=12 k=6 q=8 num=295012044 den=1100912400 par=0,1,2,1,4,1,6,1,8,1,10,1,12,1,14,1,16,1,18,1,20,1,1
PERALPHA n=23 alpha=13 k=7 q=9 num=497053004 den=1958770564 par=0,1,2,3,2,5,2,7,2,9,2,11,2,13,1,15,16,15,18,15,15,15,15
PERALPHA n=23 alpha=14 k=7 q=9 num=610128097 den=2583078976 par=0,1,2,3,3,3,3,3,3,1,10,1,12,1,14,1,16,1,18,1,20,1,22
PERALPHA n=23 alpha=15 k=8 q=10 num=699538694 den=3158215204 par=0,1,2,3,4,4,4,4,2,2,2,2,1,13,14,13,16,13,18,13,20,13,22
PERALPHA n=23 alpha=16 k=8 q=11 num=609684364 den=2936772864 par=0,1,2,3,4,4,4,4,3,9,9,9,9,2,2,2,1,17,18,17,20,17,22
PERALPHA n=23 alpha=17 k=9 q=11 num=789236361 den=4067760841 par=0,1,2,3,2,2,2,1,8,9,8,8,8,1,14,14,14,14,1,19,19,19,19
PERALPHA n=23 alpha=18 k=10 q=12 num=492532552 den=2702128324 par=0,1,2,2,2,2,1,7,7,7,7,1,12,12,12,1,16,16,16,1,20,20,20
PERALPHA n=23 alpha=19 k=9 q=13 num=1784185024 den=10247512900 par=0,1,2,2,2,2,2,1,8,8,8,8,8,1,14,14,14,14,1,19,19,19,19
PERALPHA n=23 alpha=20 k=10 q=13 num=5994305590 den=35414723344 par=0,1,2,2,2,2,2,2,2,1,10,10,10,10,10,10,1,1,1,1,1,1,1
PERALPHA n=23 alpha=21 k=10 q=14 num=21118776406 den=127964313841 par=0,1,2,2,2,2,2,2,2,2,2,2,2,2,2,2,2,1,18,18,18,18,18
PERALPHA n=23 alpha=22 k=11 q=15 num=79483257308 den=497634306624 par=0,1,1,1,1,1,1,1,1,1,1,1,1,1,1,1,1,1,1,1,1,1,1
TOPQ n=23 alpha=22 k=15 q=15 num=5226256926 den=29085255936 par=0,1,1,1,1,1,1,1,1,1,1,1,1,1,1,1,1,1,1,1,1,1,1
NEWTON n=23 alpha=17 k=11 q=11 num=8844217704 den=9396559872 par=0,1,2,3,3,3,2,7,7,7,2,11,11,11,2,15,15,15,1,19,1,1,1
NEWTONFAIL_DIST n=23 q_minus_k=0 trees=119048
NEWTONFAIL_DIST n=23 q_minus_k=1 trees=55555
NEWTONFAIL_DIST n=23 q_minus_k=2 trees=19838
NEWTONFAIL_DIST n=23 q_minus_k=3 trees=6489
NEWTONFAIL_DIST n=23 q_minus_k=4 trees=2718
NEWTONFAIL_DIST n=23 q_minus_k=5 trees=1241
NEWTONFAIL_DIST n=23 q_minus_k=6 trees=640
NEWTONFAIL_DIST n=23 q_minus_k=7 trees=330
NEWTONFAIL_DIST n=23 q_minus_k=8 trees=134
NEWTONFAIL_DIST n=23 q_minus_k=9 trees=9
VDBIN_FLOAT n=23 bin_lo=0 value=0.712324600281 k=9 alpha=13 q=9 lambda=2.49381719126 V=1.79939543549 delta=0.395868849188 par=0,1,2,3,2,5,2,7,2,9,1,11,12,11,14,11,16,11,18,1,20,20,1
VDBIN_FLOAT n=23 bin_lo=2 value=0.723826972092 k=9 alpha=13 q=9 lambda=2.00293458652 V=2.22441693248 delta=0.325400765262 par=0,1,2,3,2,5,2,7,2,9,1,11,12,11,14,11,16,11,18,1,20,20,20
VDBIN_FLOAT n=23 bin_lo=4 value=0.809906218663 k=11 alpha=17 q=11 lambda=2.01490133904 V=4.00929253571 delta=0.202007264736 par=0,1,2,2,2,1,6,6,6,1,10,10,10,1,14,14,14,1,18,18,1,21,21
QBIN_FLOAT n=23 bin_lo=0 Q=0.306477513175 k=8 alpha=12 q=8 lambda=1.7392878457 V=1.90454939617 delta=0.376344489113 par=0,1,2,3,4,5,4,7,4,9,4,11,1,13,14,15,16,15,18,15,20,1,22
QBIN_FLOAT n=23 bin_lo=2 Q=0.302102613662 k=9 alpha=13 q=9 lambda=2.00293458652 V=2.22441693248 delta=0.325400765262 par=0,1,2,3,2,5,2,7,2,9,1,11,12,11,14,11,16,11,18,1,20,20,20
QBIN_FLOAT n=23 bin_lo=4 Q=0.332191133949 k=11 alpha=17 q=11 lambda=2.01490133904 V=4.00929253571 delta=0.202007264736 par=0,1,2,2,2,1,6,6,6,1,10,10,10,1,14,14,14,1,18,18,1,21,21
QNONPOS_TREES n=23 count=0
STATS n=23 trees=14828074 viol5=0 viol4=0 zero5=0 zero4=0 nonunimodal=0 sampled=0 newton_fail_trees=206002
