TOP5 rank=0 n=24 alpha=23 k=11 q=15 num=281248448936 den=1828114918084 par=0,1,1,1,1,1,1,1,1,1,1,1,1,1,1,1,1,1,1,1,1,1,1,1 poly=1,24,253,1771,8855,33649,100947,245157,490314,817190,1144066,1352078,1352078,1144066,817190,490314,245157,100947,33649,8855,1771,253,23,1
TOP5 rank=1 n=24 alpha=22 k=11 q=15 num=80573434396 den=508996633600 par=0,1,2,2,2,2,2,2,2,2,2,2,2,2,2,2,2,2,1,19,19,19,19,19 poly=1,24,253,1670,7885,28159,78982,178552,331210,510290,658086,713440,651014,499240,320330,170664,74629,26335,7315,1540,231,22,1
TOP5 rank=2 n=24 alpha=22 k=11 q=15 num=80573434396 den=508996633600 par=0,1,2,2,2,2,2,2,2,2,2,2,2,2,2,2,2,2,1,1,1,1,1,1 poly=1,24,253,1675,7895,28169,78987,178553,331210,510290,658086,713440,651014,499240,320330,170664,74629,26335,7315,1540,231,22,1
TOP5 rank=3 n=24 alpha=22 k=11 q=15 num=83276249368 den=525451014400 par=0,1,2,2,2,2,2,2,2,2,2,2,2,2,2,2,2,2,2,1,20,20,20,20 poly=1,24,253,1682,7999,28715,80801,182920,339218,521730,670956,724880,659022,503608,322150,171224,74749,26351,7316,1540,231,22,1
TOP5 rank=4 n=24 alpha=22 k=11 q=15 num=83276249368 den=525451014400 par=0,1,2,2,2,2,2,2,2,2,2,2,2,2,2,2,2,2,2,1,1,1,1,1 poly=1,24,253,1686,8005,28719,80802,182920,339218,521730,670956,724880,659022,503608,322150,171224,74749,26351,7316,1540,231,22,1
TOP5 rank=5 n=24 alpha=22 k=11 q=15 num=79603133064 den=501880149225 par=0,1,2,2,2,2,2,2,2,2,2,2,2,2,2,2,2,1,18,18,18,18,18,18 poly=1,24,253,1660,7790,27714,77622,175550,326205,503855,651651,708435,648011,497875,319875,170559,74614,26334,7315,1540,231,22,1
TOP5 rank=6 n=24 alpha=22 k=11 q=15 num=79603133064 den=501880149225 par=0,1,2,2,2,2,2,2,2,2,2,2,2,2,2,2,2,1,1,1,1,1,1,1 poly=1,24,253,1666,7805,27734,77637,175556,326206,503855,651651,708435,648011,497875,319875,170559,74614,26334,7315,1540,231,22,1
TOP5 rank=7 n=24 alpha=22 k=11 q=15 num=79365841009 den=499047583489 par=0,1,2,2,2,2,2,2,2,2,2,2,2,2,2,2,1,17,17,17,17,17,17,17 poly=1,24,253,1652,7714,27370,76636,173554,323203,500423,648648,706433,647010,497511,319784,170545,74613,26334,7315,1540,231,22,1
TOP5 rank=8 n=24 alpha=22 k=11 q=15 num=79365841009 den=499047583489 par=0,1,2,2,2,2,2,2,2,2,2,2,2,2,2,2,1,1,1,1,1,1,1,1 poly=1,24,253,1659,7735,27405,76671,173575,323210,500424,648648,706433,647010,497511,319784,170545,74613,26334,7315,1540,231,22,1
TOP5 rank=9 n=24 alpha=22 k=11 q=15 num=79373353436 den=498037895524 par=0,1,2,2,2,2,2,2,2,2,2,2,2,2,2,1,1,1,1,1,1,1,1,1 poly=1,24,253,1654,7685,27175,76026,172344,321522,498716,647362,705718,646724,497433,319771,170544,74613,26334,7315,1540,231,22,1
TOP5 rank=10 n=24 alpha=22 k=11 q=15 num=79374000160 den=498037895524 par=0,1,2,2,2,2,2,2,2,2,2,2,2,2,2,1,16,16,16,16,16,16,16,16 poly=1,24,253,1646,7657,27119,75956,172288,321494,498708,647361,705718,646724,497433,319771,170544,74613,26334,7315,1540,231,22,1
TOP5 rank=11 n=24 alpha=22 k=11 q=15 num=79421298593 den=497728839001 par=0,1,2,2,2,2,2,2,2,2,2,2,2,2,1,1,1,1,1,1,1,1,1,1 poly=1,24,253,1651,7655,27039,75657,171678,320682,497960,646876,705499,646658,497421,319770,170544,74613,26334,7315,1540,231,22,1
TOP4 rank=0 n=24 alpha=23 k=11 q=15 num=281248448936 den=1828114918084 par=0,1,1,1,1,1,1,1,1,1,1,1,1,1,1,1,1,1,1,1,1,1,1,1 poly=1,24,253,1771,8855,33649,100947,245157,490314,817190,1144066,1352078,1352078,1144066,817190,490314,245157,100947,33649,8855,1771,253,23,1
TOP4 rank=1 n=24 alpha=22 k=11 q=15 num=80573434396 den=508996633600 par=0,1,2,2,2,2,2,2,2,2,2,2,2,2,2,2,2,2,1,19,19,19,19,19 poly=1,24,253,1670,7885,28159,78982,178552,331210,510290,658086,713440,651014,499240,320330,170664,74629,26335,7315,1540,231,22,1
TOP4 rank=2 n=24 alpha=22 k=11 q=15 num=80573434396 den=508996633600 par=0,1,2,2,2,2,2,2,2,2,2,2,2,2,2,2,2,2,1,1,1,1,1,1 poly=1,24,253,1675,7895,28169,78987,178553,331210,510290,658086,713440,651014,499240,320330,170664,74629,26335,7315,1540,231,22,1
TOP4 rank=3 n=24 alpha=22 k=11 q=15 num=83276249368 den=525451014400 par=0,1,2,2,2,2,2,2,2,2,2,2,2,2,2,2,2,2,2,1,20,20,20,20 poly=1,24,253,1682,7999,28715,80801,182920,339218,521730,670956,724880,659022,503608,322150,171224,74749,26351,7316,1540,231,22,1
TOP4 rank=4 n=24 alpha=22 k=11 q=15 num=83276249368 den=525451014400 par=0,1,2,2,2,2,2,2,2,2,2,2,2,2,2,2,2,2,2,1,1,1,1,1 poly=1,24,253,1686,8005,28719,80802,182920,339218,521730,670956,724880,659022,503608,322150,171224,74749,26351,7316,1540,231,22,1
TOP4 rank=5 n=24 alpha=22 k=11 q=15 num=79603133064 den=501880149225 par=0,1,2,2,2,2,2,2,2,2,2,2,2,2,2,2,2,1,18,18,18,18,18,18 poly=1,24,253,1660,7790,27714,77622,175550,326205,503855,651651,708435,648011,497875,319875,170559,74614,26334,7315,1540,231,22,1
TOP4 rank=6 n=24 alpha=22 k=11 q=15 num=79603133064 den=501880149225 par=0,1,2,2,2,2,2,2,2,2,2,2,2,2,2,2,2,1,1,1,1,1,1,1 poly=1,24,253,1666,7805,27734,77637,175556,326206,503855,651651,708435,648011,497875,319875,170559,74614,26334,7315,1540,231,22,1
TOP4 rank=7 n=24 alpha=22 k=11 q=15 num=79365841009 den=499047583489 par=0,1,2,2,2,2,2,2,2,2,2,2,2,2,2,2,1,17,17,17,17,17,17,17 poly=1,24,253,1652,7714,27370,76636,173554,323203,500423,648648,706433,647010,497511,319784,170545,74613,26334,7315,1540,231,22,1
TOP4 rank=8 n=24 alpha=22 k=11 q=15 num=79365841009 den=499047583489 par=0,1,2,2,2,2,2,2,2,2,2,2,2,2,2,2,1,1,1,1,1,1,1,1 poly=1,24,253,1659,7735,27405,76671,173575,323210,500424,648648,706433,647010,497511,319784,170545,74613,26334,7315,1540,231,22,1
TOP4 rank=9 n=24 alpha=22 k=11 q=15 num=79373353436 den=498037895524 par=0,1,2,2,2,2,2,2,2,2,2,2,2,2,2,1,1,1,1,1,1,1,1,1 poly=1,24,253,1654,7685,27175,76026,172344,321522,498716,647362,705718,646724,497433,319771,170544,74613,26334,7315,1540,231,22,1
TOP4 rank=10 n=24 alpha=22 k=11 q=15 num=79374000160 den=498037895524 par=0,1,2,2,2,2,2,2,2,2,2,2,2,2,2,1,16,16,16,16,16,16,16,16 poly=1,24,253,1646,7657,27119,75956,172288,321494,498708,647361,705718,646724,497433,319771,170544,74613,26334,7315,1540,231,22,1
TOP4 rank=11 n=24 alpha=22 k=11 q=15 num=79421298593 den=497728839001 par=0,1,2,2,2,2,2,2,2,2,2,2,2,2,1,1,1,1,1,1,1,1,1,1 poly=1,24,253,1651,7655,27039,75657,171678,320682,497960,646876,705499,646658,497421,319770,170544,74613,26334,7315,1540,231,22,1
VDMIN_FLOAT n=24 value=0.681458528709 k=9 alpha=13 q=9 lambda=2.19006737458 V=1.74515226999 delta=0.390486572677 par=0,1,2,3,2,5,2,7,2,9,2,11,1,13,14,13,16,13,18,13,20,13,22,1 poly=1,24,253,1561,6315,17699,35234,50008,49762,33210,13509,2647,75,1
PERK n=24 alpha=22 k=5 q=15 num=149726676 den=722211876 par=0,1,2,2,2,2,2,2,2,2,2,2,2,1,14,14,14,14,14,14,14,14,14,14
PERK n=24 alpha=22 k=6 q=15 num=1077231177 den=5705838369 par=0,1,2,2,2,2,2,2,2,2,2,2,2,1,1,1,1,1,1,1,1,1,1,1
PERK n=24 alpha=23 k=7 q=15 num=10606227291 den=60101954649 par=0,1,1,1,1,1,1,1,1,1,1,1,1,1,1,1,1,1,1,1,1,1,1,1
PERK n=24 alpha=23 k=8 q=15 num=40067969766 den=240407818596 par=0,1,1,1,1,1,1,1,1,1,1,1,1,1,1,1,1,1,1,1,1,1,1,1
PERK n=24 alpha=23 k=9 q=15 num=106847919376 den=667799496100 par=0,1,1,1,1,1,1,1,1,1,1,1,1,1,1,1,1,1,1,1,1,1,1,1
PERK n=24 alpha=23 k=10 q=15 num=203982391536 den=1308887012356 par=0,1,1,1,1,1,1,1,1,1,1,1,1,1,1,1,1,1,1,1,1,1,1,1
PERK n=24 alpha=23 k=11 q=15 num=281248448936 den=1828114918084 par=0,1,1,1,1,1,1,1,1,1,1,1,1,1,1,1,1,1,1,1,1,1,1,1
PERK n=24 alpha=23 k=12 q=15 num=281248448936 den=1828114918084 par=0,1,1,1,1,1,1,1,1,1,1,1,1,1,1,1,1,1,1,1,1,1,1,1
PERK n=24 alpha=23 k=13 q=15 num=203982391536 den=1308887012356 par=0,1,1,1,1,1,1,1,1,1,1,1,1,1,1,1,1,1,1,1,1,1,1,1
PERK n=24 alpha=23 k=14 q=15 num=106847919376 den=667799496100 par=0,1,1,1,1,1,1,1,1,1,1,1,1,1,1,1,1,1,1,1,1,1,1,1
PERK n=24 alpha=23 k=15 q=15 num=40067969766 den=240407818596 par=0,1,1,1,1,1,1,1,1,1,1,1,1,1,1,1,1,1,1,1,1,1,1,1
PERALPHA n=24 alpha=12 k=6 q=8 num=534420216 den=2008294596 par=0,1,2,1,4,1,6,1,8,1,10,1,12,1,14,1,16,1,18,1,20,1,22,1
PERALPHA n=24 alpha=13 k=6 q=9 num=606730788 den=2393557776 par=0,1,2,1,4,1,6,1,8,1,10,1,12,1,14,1,16,1,18,1,20,1,1,1
PERALPHA n=24 alpha=14 k=7 q=9 num=1235707844 den=5205333904 par=0,1,2,3,2,5,2,7,2,9,2,11,2,13,2,15,1,17,18,17,17,17,17,17
PERALPHA n=24 alpha=15 k=8 q=10 num=1544553041 den=6916417225 par=0,1,2,3,4,4,4,4,2,2,2,1,12,13,12,15,12,17,12,19,12,21,12,23
PERALPHA n=24 alpha=16 k=8 q=11 num=2110428825 den=10087189225 par=0,1,2,3,4,4,4,4,4,2,2,2,2,1,14,15,14,17,14,19,14,21,14,23
PERALPHA n=24 alpha=17 k=9 q=11 num=1927787289 den=9826162129 par=0,1,2,3,4,4,4,4,3,9,9,9,9,2,2,2,1,17,18,17,20,17,22,17
PERALPHA n=24 alpha=18 k=10 q=12 num=1266008769 den=6861305889 par=0,1,2,3,3,3,3,2,8,8,8,2,12,12,12,2,16,16,16,1,20,1,1,1
PERALPHA n=24 alpha=19 k=10 q=13 num=2100374152 den=12109681936 par=0,1,2,2,2,2,1,7,7,7,7,1,12,12,12,12,1,17,17,17,1,21,21,21
PERALPHA n=24 alpha=20 k=10 q=13 num=6394628913 den=38388173041 par=0,1,2,2,2,2,2,1,8,8,8,8,8,1,14,14,14,14,14,1,20,20,20,20
PERALPHA n=24 alpha=21 k=10 q=14 num=20919959424 den=128681473284 par=0,1,2,2,2,2,2,2,2,1,10,10,10,10,10,10,10,1,1,1,1,1,1,1
PERALPHA n=24 alpha=22 k=11 q=15 num=80573434396 den=508996633600 par=0,1,2,2,2,2,2,2,2,2,2,2,2,2,2,2,2,2,1,19,19,19,19,19
PERALPHA n=24 alpha=23 k=11 q=15 num=281248448936 den=1828114918084 par=0,1,1,1,1,1,1,1,1,1,1,1,1,1,1,1,1,1,1,1,1,1,1,1
TOPQ n=24 alpha=23 k=15 q=15 num=40067969766 den=240407818596 par=0,1,1,1,1,1,1,1,1,1,1,1,1,1,1,1,1,1,1,1,1,1,1,1
NEWTON n=24 alpha=18 k=12 q=12 num=8715130515 den=9363116419 par=0,1,2,2,2,1,6,6,6,1,10,10,10,1,14,14,14,1,18,18,18,1,22,22
NEWTONFAIL_DIST n=24 q_minus_k=0 trees=276149
NEWTONFAIL_DIST n=24 q_minus_k=1 trees=98265
NEWTONFAIL_DIST n=24 q_minus_k=2 trees=35186
NEWTONFAIL_DIST n=24 q_minus_k=3 trees=15783
NEWTONFAIL_DIST n=24 q_minus_k=4 trees=7532
NEWTONFAIL_DIST n=24 q_minus_k=5 trees=3465
NEWTONFAIL_DIST n=24 q_minus_k=6 trees=1404
NEWTONFAIL_DIST n=24 q_minus_k=7 trees=434
NEWTONFAIL_DIST n=24 q_minus_k=8 trees=169
NEWTONFAIL_DIST n=24 q_minus_k=9 trees=81
NEWTONFAIL_DIST n=24 q_minus_k=10 trees=10
VDBIN_FLOAT n=24 bin_lo=0 value=0.681458528709 k=9 alpha=13 q=9 lambda=2.19006737458 V=1.74515226999 delta=0.390486572677 par=0,1,2,3,2,5,2,7,2,9,2,11,1,13,14,13,16,13,18,13,20,13,22,1
VDBIN_FLOAT n=24 bin_lo=2 value=0.724838831174 k=9 alpha=13 q=9 lambda=1.89719020997 V=2.00402873575 delta=0.361690837184 par=0,1,2,3,2,5,2,7,2,9,2,11,2,13,2,15,2,17,2,19,1,21,22,1
VDBIN_FLOAT n=24 bin_lo=4 value=0.814601821719 k=12 alpha=18 q=12 lambda=2.15785892766 V=4.19159869371 delta=0.194341558256 par=0,1,2,2,2,1,6,6,6,1,10,10,10,1,14,14,14,1,18,18,18,1,22,22
QBIN_FLOAT n=24 bin_lo=0 Q=0.28611753249 k=9 alpha=13 q=9 lambda=2.19006737458 V=1.74515226999 delta=0.390486572677 par=0,1,2,3,2,5,2,7,2,9,2,11,1,13,14,13,16,13,18,13,20,13,22,1
QBIN_FLOAT n=24 bin_lo=2 Q=0.306703259368 k=9 alpha=13 q=9 lambda=1.74152247645 V=2.22116485845 delta=0.329738305293 par=0,1,2,3,2,5,2,7,2,9,2,11,2,13,2,15,1,17,18,17,20,17,17,1
QBIN_FLOAT n=24 bin_lo=4 Q=0.332703045708 k=12 alpha=18 q=12 lambda=2.15785892766 V=4.19159869371 delta=0.194341558256 par=0,1,2,2,2,1,6,6,6,1,10,10,10,1,14,14,14,1,18,18,18,1,22,22
QNONPOS_TREES n=24 count=0
STATS n=24 trees=39299897 viol5=0 viol4=0 zero5=0 zero4=0 nonunimodal=0 sampled=0 newton_fail_trees=438478
