TOP5 rank=0 n=25 alpha=24 k=12 q=16 num=1081724803600 den=7312459672336 par=0,1,1,1,1,1,1,1,1,1,1,1,1,1,1,1,1,1,1,1,1,1,1,1,1 poly=1,25,276,2024,10626,42504,134596,346104,735471,1307504,1961256,2496144,2704156,2496144,1961256,1307504,735471,346104,134596,42504,10626,2024,276,24,1
TOP5 rank=1 n=25 alpha=22 k=11 q=15 num=80595588099 den=513700459441 par=0,1,2,2,2,2,2,2,2,2,2,1,12,12,12,12,12,12,12,1,1,1,1,1,1 poly=1,25,276,1849,8631,30254,83286,185279,339362,518012,663806,716729,652457,499708,320436,170679,74630,26335,7315,1540,231,22,1
TOP5 rank=2 n=25 alpha=22 k=11 q=15 num=80595588099 den=513700459441 par=0,1,2,2,2,2,2,2,2,2,2,1,12,12,12,12,12,12,1,1,1,1,1,1,1 poly=1,25,276,1850,8637,30269,83306,185294,339368,518013,663806,716729,652457,499708,320436,170679,74630,26335,7315,1540,231,22,1
TOP5 rank=3 n=25 alpha=22 k=11 q=15 num=80647020480 den=513385147081 par=0,1,2,3,3,3,3,3,3,3,3,3,1,13,13,13,13,13,13,13,1,1,1,1,1 poly=1,25,276,1843,8581,30059,82816,184503,338444,517221,663311,716509,652391,499696,320435,170679,74630,26335,7315,1540,231,22,1
TOP5 rank=4 n=25 alpha=22 k=11 q=15 num=80647020480 den=513385147081 par=0,1,2,3,3,3,3,3,3,3,3,3,1,13,13,13,13,13,13,1,1,1,1,1,1 poly=1,25,276,1843,8580,30054,82806,184493,338439,517220,663311,716509,652391,499696,320435,170679,74630,26335,7315,1540,231,22,1
TOP5 rank=5 n=25 alpha=22 k=11 q=15 num=87173260200 den=554351724304 par=0,1,2,3,3,3,3,1,8,9,9,9,9,1,1,1,1,1,1,1,1,1,1,1,1 poly=1,25,276,1861,8809,31392,87542,196116,359598,546833,695761,744548,671464,509808,324531,171904,74885,26368,7317,1540,231,22,1
TOP5 rank=6 n=25 alpha=22 k=11 q=15 num=79371113185 den=504720730969 par=0,1,2,3,3,3,3,3,3,3,3,2,2,2,2,2,2,2,1,19,19,19,19,19,19 poly=1,25,276,1842,8547,29792,81725,181632,333104,509870,655656,710437,648739,498057,319903,170561,74614,26334,7315,1540,231,22,1
TOP5 rank=7 n=25 alpha=22 k=11 q=15 num=79371113185 den=504720730969 par=0,1,2,3,3,3,3,3,3,3,3,2,2,2,2,2,2,1,18,18,18,18,18,18,18 poly=1,25,276,1841,8541,29777,81705,181617,333098,509869,655656,710437,648739,498057,319903,170561,74614,26334,7315,1540,231,22,1
TOP5 rank=8 n=25 alpha=22 k=11 q=15 num=80349302449 den=510834684529 par=0,1,2,3,3,3,3,3,3,3,3,2,2,2,2,2,2,2,2,1,20,20,20,20,20 poly=1,25,276,1845,8581,29982,82410,183383,336414,514596,660805,714727,651456,499344,320345,170665,74629,26335,7315,1540,231,22,1
TOP5 rank=9 n=25 alpha=22 k=11 q=15 num=80349953905 den=510834684529 par=0,1,2,3,3,3,3,3,3,3,3,2,2,2,2,2,1,17,17,17,17,17,17,17,17 poly=1,25,276,1842,8563,29936,82345,183328,336386,514588,660804,714727,651456,499344,320345,170665,74629,26335,7315,1540,231,22,1
TOP5 rank=10 n=25 alpha=22 k=11 q=15 num=80349953905 den=510834684529 par=0,1,2,3,3,3,3,3,3,3,1,11,11,11,11,11,11,1,1,1,1,1,1,1,1 poly=1,25,276,1843,8568,29946,82355,183333,336387,514588,660804,714727,651456,499344,320345,170665,74629,26335,7315,1540,231,22,1
TOP5 rank=11 n=25 alpha=22 k=11 q=15 num=79666128645 den=506239365025 par=0,1,2,2,2,2,2,2,2,2,2,1,12,12,12,12,12,12,1,19,19,19,19,19,19 poly=1,25,276,1838,8511,29683,81567,181616,333518,510821,656885,711505,649388,498331,319980,170574,74615,26334,7315,1540,231,22,1
TOP4 rank=0 n=25 alpha=24 k=12 q=16 num=1081724803600 den=7312459672336 par=0,1,1,1,1,1,1,1,1,1,1,1,1,1,1,1,1,1,1,1,1,1,1,1,1 poly=1,25,276,2024,10626,42504,134596,346104,735471,1307504,1961256,2496144,2704156,2496144,1961256,1307504,735471,346104,134596,42504,10626,2024,276,24,1
TOP4 rank=1 n=25 alpha=22 k=11 q=15 num=80595588099 den=513700459441 par=0,1,2,2,2,2,2,2,2,2,2,1,12,12,12,12,12,12,12,1,1,1,1,1,1 poly=1,25,276,1849,8631,30254,83286,185279,339362,518012,663806,716729,652457,499708,320436,170679,74630,26335,7315,1540,231,22,1
TOP4 rank=2 n=25 alpha=22 k=11 q=15 num=80595588099 den=513700459441 par=0,1,2,2,2,2,2,2,2,2,2,1,12,12,12,12,12,12,1,1,1,1,1,1,1 poly=1,25,276,1850,8637,30269,83306,185294,339368,518013,663806,716729,652457,499708,320436,170679,74630,26335,7315,1540,231,22,1
TOP4 rank=3 n=25 alpha=22 k=11 q=15 num=80647020480 den=513385147081 par=0,1,2,3,3,3,3,3,3,3,3,3,1,13,13,13,13,13,13,13,1,1,1,1,1 poly=1,25,276,1843,8581,30059,82816,184503,338444,517221,663311,716509,652391,499696,320435,170679,74630,26335,7315,1540,231,22,1
TOP4 rank=4 n=25 alpha=22 k=11 q=15 num=80647020480 den=513385147081 par=0,1,2,3,3,3,3,3,3,3,3,3,1,13,13,13,13,13,13,1,1,1,1,1,1 poly=1,25,276,1843,8580,30054,82806,184493,338439,517220,663311,716509,652391,499696,320435,170679,74630,26335,7315,1540,231,22,1
TOP4 rank=5 n=25 alpha=22 k=11 q=15 num=87173260200 den=554351724304 par=0,1,2,3,3,3,3,1,8,9,9,9,9,1,1,1,1,1,1,1,1,1,1,1,1 poly=1,25,276,1861,8809,31392,87542,196116,359598,546833,695761,744548,671464,509808,324531,171904,74885,26368,7317,1540,231,22,1
TOP4 rank=6 n=25 alpha=22 k=11 q=15 num=79371113185 den=504720730969 par=0,1,2,3,3,3,3,3,3,3,3,2,2,2,2,2,2,2,1,19,19,19,19,19,19 poly=1,25,276,1842,8547,29792,81725,181632,333104,509870,655656,710437,648739,498057,319903,170561,74614,26334,7315,1540,231,22,1
TOP4 rank=7 n=25 alpha=22 k=11 q=15 num=79371113185 den=504720730969 par=0,1,2,3,3,3,3,3,3,3,3,2,2,2,2,2,2,1,18,18,18,18,18,18,18 poly=1,25,276,1841,8541,29777,81705,181617,333098,509869,655656,710437,648739,498057,319903,170561,74614,26334,7315,1540,231,22,1
TOP4 rank=8 n=25 alpha=22 k=11 q=15 num=80349302449 den=510834684529 par=0,1,2,3,3,3,3,3,3,3,3,2,2,2,2,2,2,2,2,1,20,20,20,20,20 poly=1,25,276,1845,8581,29982,82410,183383,336414,514596,660805,714727,651456,499344,320345,170665,74629,26335,7315,1540,231,22,1
TOP4 rank=9 n=25 alpha=22 k=11 q=15 num=80349953905 den=510834684529 par=0,1,2,3,3,3,3,3,3,3,3,2,2,2,2,2,1,17,17,17,17,17,17,17,17 poly=1,25,276,1842,8563,29936,82345,183328,336386,514588,660804,714727,651456,499344,320345,170665,74629,26335,7315,1540,231,22,1
TOP4 rank=10 n=25 alpha=22 k=11 q=15 num=80349953905 den=510834684529 par=0,1,2,3,3,3,3,3,3,3,1,11,11,11,11,11,11,1,1,1,1,1,1,1,1 poly=1,25,276,1843,8568,29946,82355,183333,336387,514588,660804,714727,651456,499344,320345,170665,74629,26335,7315,1540,231,22,1
TOP4 rank=11 n=25 alpha=22 k=11 q=15 num=79666128645 den=506239365025 par=0,1,2,2,2,2,2,2,2,2,2,1,12,12,12,12,12,12,1,19,19,19,19,19,19 poly=1,25,276,1838,8511,29683,81567,181616,333518,510821,656885,711505,649388,498331,319980,170574,74615,26334,7315,1540,231,22,1
VDMIN_FLOAT n=25 value=0.717774903548 k=9 alpha=13 q=9 lambda=2.07394313629 V=1.90649363695 delta=0.376489535362 par=0,1,2,3,4,5,6,5,8,5,10,5,12,2,14,1,16,17,18,19,20,19,22,19,24 poly=1,25,276,1781,7490,21641,44024,63366,63667,43037,18139,4050,305,2
PERK n=25 alpha=24 k=5 q=16 num=376372920 den=1806590016 par=0,1,1,1,1,1,1,1,1,1,1,1,1,1,1,1,1,1,1,1,1,1,1,1,1
PERK n=25 alpha=24 k=6 q=16 num=3405278800 den=18116083216 par=0,1,1,1,1,1,1,1,1,1,1,1,1,1,1,1,1,1,1,1,1,1,1,1,1
PERK n=25 alpha=24 k=7 q=16 num=20796524100 den=119787978816 par=0,1,1,1,1,1,1,1,1,1,1,1,1,1,1,1,1,1,1,1,1,1,1,1,1
PERK n=25 alpha=24 k=8 q=16 num=88385227425 den=540917591841 par=0,1,1,1,1,1,1,1,1,1,1,1,1,1,1,1,1,1,1,1,1,1,1,1,1
PERK n=25 alpha=24 k=9 q=16 num=267119798440 den=1709566710016 par=0,1,1,1,1,1,1,1,1,1,1,1,1,1,1,1,1,1,1,1,1,1,1,1,1
PERK n=25 alpha=24 k=10 q=16 num=582806832960 den=3846525097536 par=0,1,1,1,1,1,1,1,1,1,1,1,1,1,1,1,1,1,1,1,1,1,1,1,1
PERK n=25 alpha=24 k=11 q=16 num=927192688800 den=6230734868736 par=0,1,1,1,1,1,1,1,1,1,1,1,1,1,1,1,1,1,1,1,1,1,1,1,1
PERK n=25 alpha=24 k=12 q=16 num=1081724803600 den=7312459672336 par=0,1,1,1,1,1,1,1,1,1,1,1,1,1,1,1,1,1,1,1,1,1,1,1,1
PERK n=25 alpha=24 k=13 q=16 num=927192688800 den=6230734868736 par=0,1,1,1,1,1,1,1,1,1,1,1,1,1,1,1,1,1,1,1,1,1,1,1,1
PERK n=25 alpha=24 k=14 q=16 num=582806832960 den=3846525097536 par=0,1,1,1,1,1,1,1,1,1,1,1,1,1,1,1,1,1,1,1,1,1,1,1,1
PERK n=25 alpha=24 k=15 q=16 num=267119798440 den=1709566710016 par=0,1,1,1,1,1,1,1,1,1,1,1,1,1,1,1,1,1,1,1,1,1,1,1,1
PERK n=25 alpha=24 k=16 q=16 num=88385227425 den=540917591841 par=0,1,1,1,1,1,1,1,1,1,1,1,1,1,1,1,1,1,1,1,1,1,1,1,1
PERALPHA n=25 alpha=13 k=6 q=9 num=1061060616 den=4209154884 par=0,1,2,1,4,1,6,1,8,1,10,1,12,1,14,1,16,1,18,1,20,1,22,1,1
PERALPHA n=25 alpha=14 k=7 q=9 num=2474843221 den=10347365284 par=0,1,2,3,2,5,2,7,2,9,2,11,2,2,1,15,16,15,18,15,20,15,22,15,15
PERALPHA n=25 alpha=15 k=8 q=10 num=5877745357 den=26161121536 par=0,1,2,3,3,3,3,3,1,9,1,11,1,13,1,15,1,17,1,19,1,21,1,23,1
PERALPHA n=25 alpha=16 k=8 q=11 num=4479742132 den=21222079684 par=0,1,2,3,4,4,4,4,2,2,2,2,1,13,14,13,16,13,18,13,20,13,22,13,24
PERALPHA n=25 alpha=17 k=9 q=11 num=4642703761 den=23506715761 par=0,1,2,3,4,4,4,4,3,9,9,9,9,2,2,2,1,17,18,17,20,17,22,17,24
PERALPHA n=25 alpha=18 k=9 q=12 num=6350307789 den=34000409664 par=0,1,2,3,4,4,4,4,3,9,9,9,9,2,2,2,1,17,18,17,20,17,22,17,17
PERALPHA n=25 alpha=19 k=11 q=13 num=1644240416 den=9424526400 par=0,1,2,2,2,1,6,6,6,1,10,10,10,1,14,14,14,1,18,18,18,1,22,22,22
PERALPHA n=25 alpha=20 k=10 q=13 num=7905098602 den=47511792784 par=0,1,2,3,4,4,4,4,3,9,9,9,9,2,2,2,1,17,18,19,19,19,17,17,17
PERALPHA n=25 alpha=21 k=10 q=14 num=23654641858 den=146778635689 par=0,1,2,3,3,3,3,1,8,9,9,9,9,1,14,14,14,14,14,14,14,1,1,1,1
PERALPHA n=25 alpha=22 k=11 q=15 num=80595588099 den=513700459441 par=0,1,2,2,2,2,2,2,2,2,2,1,12,12,12,12,12,12,12,1,1,1,1,1,1
PERALPHA n=25 alpha=24 k=12 q=16 num=1081724803600 den=7312459672336 par=0,1,1,1,1,1,1,1,1,1,1,1,1,1,1,1,1,1,1,1,1,1,1,1,1
TOPQ n=25 alpha=24 k=16 q=16 num=88385227425 den=540917591841 par=0,1,1,1,1,1,1,1,1,1,1,1,1,1,1,1,1,1,1,1,1,1,1,1,1
NEWTON n=25 alpha=19 k=12 q=13 num=65962247936 den=71014594880 par=0,1,2,2,2,1,6,6,6,1,10,10,10,1,14,14,14,1,18,18,18,1,22,22,22
NEWTONFAIL_DIST n=25 q_minus_k=0 trees=101751
NEWTONFAIL_DIST n=25 q_minus_k=1 trees=40604
NEWTONFAIL_DIST n=25 q_minus_k=2 trees=19212
NEWTONFAIL_DIST n=25 q_minus_k=3 trees=9135
NEWTONFAIL_DIST n=25 q_minus_k=4 trees=3830
NEWTONFAIL_DIST n=25 q_minus_k=5 trees=1145
NEWTONFAIL_DIST n=25 q_minus_k=6 trees=297
NEWTONFAIL_DIST n=25 q_minus_k=7 trees=97
NEWTONFAIL_DIST n=25 q_minus_k=8 trees=78
NEWTONFAIL_DIST n=25 q_minus_k=9 trees=34
NEWTONFAIL_DIST n=25 q_minus_k=10 trees=18
VDBIN_FLOAT n=25 bin_lo=0 value=0.717774903548 k=9 alpha=13 q=9 lambda=2.07394313629 V=1.90649363695 delta=0.376489535362 par=0,1,2,3,4,5,6,5,8,5,10,5,12,2,14,1,16,17,18,19,20,19,22,19,24
VDBIN_FLOAT n=25 bin_lo=2 value=0.727507302271 k=9 alpha=13 q=9 lambda=1.98737694834 V=2.0106290153 delta=0.361830699116 par=0,1,2,3,4,5,6,5,8,5,10,1,12,13,14,15,16,15,18,13,20,13,22,13,24
VDBIN_FLOAT n=25 bin_lo=4 value=0.815538393381 k=12 alpha=18 q=12 lambda=2.21061766308 V=4.07213066026 delta=0.200273139892 par=0,1,2,3,4,4,2,2,1,9,10,11,9,9,1,15,15,15,1,19,19,19,1,23,23
QBIN_FLOAT n=25 bin_lo=0 Q=0.30632386267 k=9 alpha=13 q=9 lambda=2.07394313629 V=1.90649363695 delta=0.376489535362 par=0,1,2,3,4,5,6,5,8,5,10,5,12,2,14,1,16,17,18,19,20,19,22,19,24
QBIN_FLOAT n=25 bin_lo=2 Q=0.304970970617 k=9 alpha=13 q=9 lambda=1.50282267732 V=2.25458401968 delta=0.324520131054 par=0,1,2,1,4,1,6,1,8,1,10,1,12,1,14,1,16,1,18,1,20,1,22,1,24
QBIN_FLOAT n=25 bin_lo=4 Q=0.334291702231 k=12 alpha=18 q=12 lambda=2.21061766308 V=4.07213066026 delta=0.200273139892 par=0,1,2,3,4,4,2,2,1,9,10,11,9,9,1,15,15,15,1,19,19,19,1,23,23
QNONPOS_TREES n=25 count=0
STATS n=25 trees=21259328 viol5=0 viol4=0 zero5=0 zero4=0 nonunimodal=0 sampled=0 newton_fail_trees=176201
