TOP5 rank=0 n=25 alpha=22 k=11 q=15 num=81634942272 den=520582452196 par=0,1,2,2,2,2,2,2,2,2,2,2,1,13,13,13,13,13,13,1,1,1,1,1,1 poly=1,25,276,1852,8670,30489,84156,187490,343443,523655,669746,721514,655394,501061,320890,170784,74645,26336,7315,1540,231,22,1
TOP5 rank=1 n=25 alpha=22 k=11 q=15 num=81671084158 den=520503088681 par=0,1,2,3,3,3,3,3,3,3,3,3,3,1,14,14,14,14,14,14,1,1,1,1,1 poly=1,25,276,1846,8625,30334,83831,187029,342981,523325,669581,721459,655383,501060,320890,170784,74645,26336,7315,1540,231,22,1
TOP5 rank=2 n=25 alpha=22 k=11 q=15 num=80667455525 den=513320663296 par=0,1,2,2,2,2,2,2,2,2,2,2,1,13,13,13,13,13,13,1,20,20,20,20,20 poly=1,25,276,1842,8565,29999,82676,184278,338186,517010,663191,716464,652381,499695,320435,170679,74630,26335,7315,1540,231,22,1
TOP5 rank=3 n=25 alpha=22 k=11 q=15 num=83360490382 den=529909746601 par=0,1,2,2,2,2,2,2,2,2,2,2,1,13,13,13,13,13,13,13,1,1,1,1,1 poly=1,25,276,1852,8680,30584,84601,188850,346445,528660,676181,727949,660399,504064,322255,171239,74750,26351,7316,1540,231,22,1
TOP5 rank=4 n=25 alpha=22 k=11 q=15 num=83360490382 den=529909746601 par=0,1,2,2,2,2,2,2,2,2,2,2,1,13,13,13,13,13,1,1,1,1,1,1,1 poly=1,25,276,1854,8691,30609,84631,188870,346452,528661,676181,727949,660399,504064,322255,171239,74750,26351,7316,1540,231,22,1
TOP5 rank=5 n=25 alpha=22 k=11 q=15 num=79666128645 den=506239365025 par=0,1,2,3,3,3,3,3,3,3,3,3,1,13,14,14,14,14,14,14,1,1,1,1,1 poly=1,25,276,1837,8506,29673,81557,181611,333517,510821,656885,711505,649388,498331,319980,170574,74615,26334,7315,1540,231,22,1
TOP5 rank=6 n=25 alpha=22 k=11 q=15 num=83396821028 den=529829675236 par=0,1,2,3,3,3,3,3,3,3,3,3,3,1,14,14,14,14,14,14,14,1,1,1,1 poly=1,25,276,1847,8642,30448,84302,188408,345990,528331,676016,727894,660388,504063,322255,171239,74750,26351,7316,1540,231,22,1
TOP5 rank=7 n=25 alpha=22 k=11 q=15 num=83396821028 den=529829675236 par=0,1,2,3,3,3,3,3,3,3,3,3,3,1,14,14,14,14,14,1,1,1,1,1,1 poly=1,25,276,1847,8640,30439,84286,188394,345984,528330,676016,727894,660388,504063,322255,171239,74750,26351,7316,1540,231,22,1
TOP5 rank=8 n=25 alpha=22 k=11 q=15 num=80397791434 den=510521682064 par=0,1,2,3,3,3,3,3,3,3,3,3,1,13,14,14,14,14,14,14,14,1,1,1,1 poly=1,25,276,1838,8522,29773,81937,182626,335525,513825,660317,714508,651390,499332,320344,170665,74629,26335,7315,1540,231,22,1
TOP5 rank=9 n=25 alpha=22 k=11 q=15 num=80397791434 den=510521682064 par=0,1,2,3,3,3,3,3,3,3,3,3,1,13,14,14,14,14,14,1,1,1,1,1,1 poly=1,25,276,1838,8520,29764,81921,182612,335519,513824,660317,714508,651390,499332,320344,170665,74629,26335,7315,1540,231,22,1
TOP5 rank=10 n=25 alpha=22 k=11 q=15 num=80401573539 den=510520253049 par=0,1,2,3,3,3,3,3,3,3,1,11,12,12,12,12,12,1,1,1,1,1,1,1,1 poly=1,25,276,1838,8518,29751,81885,182557,335469,513797,660309,714507,651390,499332,320344,170665,74629,26335,7315,1540,231,22,1
TOP5 rank=11 n=25 alpha=22 k=11 q=15 num=79378424580 den=503705317284 par=0,1,2,3,3,3,3,3,3,3,1,11,12,12,12,12,12,12,1,1,1,1,1,1,1 poly=1,25,276,1835,8477,29505,80990,180316,331368,508147,654368,709722,648453,497979,319890,170560,74614,26334,7315,1540,231,22,1
TOP4 rank=0 n=25 alpha=22 k=11 q=15 num=81634942272 den=520582452196 par=0,1,2,2,2,2,2,2,2,2,2,2,1,13,13,13,13,13,13,1,1,1,1,1,1 poly=1,25,276,1852,8670,30489,84156,187490,343443,523655,669746,721514,655394,501061,320890,170784,74645,26336,7315,1540,231,22,1
TOP4 rank=1 n=25 alpha=22 k=11 q=15 num=81671084158 den=520503088681 par=0,1,2,3,3,3,3,3,3,3,3,3,3,1,14,14,14,14,14,14,1,1,1,1,1 poly=1,25,276,1846,8625,30334,83831,187029,342981,523325,669581,721459,655383,501060,320890,170784,74645,26336,7315,1540,231,22,1
TOP4 rank=2 n=25 alpha=22 k=11 q=15 num=80667455525 den=513320663296 par=0,1,2,2,2,2,2,2,2,2,2,2,1,13,13,13,13,13,13,1,20,20,20,20,20 poly=1,25,276,1842,8565,29999,82676,184278,338186,517010,663191,716464,652381,499695,320435,170679,74630,26335,7315,1540,231,22,1
TOP4 rank=3 n=25 alpha=22 k=11 q=15 num=83360490382 den=529909746601 par=0,1,2,2,2,2,2,2,2,2,2,2,1,13,13,13,13,13,13,13,1,1,1,1,1 poly=1,25,276,1852,8680,30584,84601,188850,346445,528660,676181,727949,660399,504064,322255,171239,74750,26351,7316,1540,231,22,1
TOP4 rank=4 n=25 alpha=22 k=11 q=15 num=83360490382 den=529909746601 par=0,1,2,2,2,2,2,2,2,2,2,2,1,13,13,13,13,13,1,1,1,1,1,1,1 poly=1,25,276,1854,8691,30609,84631,188870,346452,528661,676181,727949,660399,504064,322255,171239,74750,26351,7316,1540,231,22,1
TOP4 rank=5 n=25 alpha=22 k=11 q=15 num=79666128645 den=506239365025 par=0,1,2,3,3,3,3,3,3,3,3,3,1,13,14,14,14,14,14,14,1,1,1,1,1 poly=1,25,276,1837,8506,29673,81557,181611,333517,510821,656885,711505,649388,498331,319980,170574,74615,26334,7315,1540,231,22,1
TOP4 rank=6 n=25 alpha=22 k=11 q=15 num=83396821028 den=529829675236 par=0,1,2,3,3,3,3,3,3,3,3,3,3,1,14,14,14,14,14,14,14,1,1,1,1 poly=1,25,276,1847,8642,30448,84302,188408,345990,528331,676016,727894,660388,504063,322255,171239,74750,26351,7316,1540,231,22,1
TOP4 rank=7 n=25 alpha=22 k=11 q=15 num=83396821028 den=529829675236 par=0,1,2,3,3,3,3,3,3,3,3,3,3,1,14,14,14,14,14,1,1,1,1,1,1 poly=1,25,276,1847,8640,30439,84286,188394,345984,528330,676016,727894,660388,504063,322255,171239,74750,26351,7316,1540,231,22,1
TOP4 rank=8 n=25 alpha=22 k=11 q=15 num=80397791434 den=510521682064 par=0,1,2,3,3,3,3,3,3,3,3,3,1,13,14,14,14,14,14,14,14,1,1,1,1 poly=1,25,276,1838,8522,29773,81937,182626,335525,513825,660317,714508,651390,499332,320344,170665,74629,26335,7315,1540,231,22,1
TOP4 rank=9 n=25 alpha=22 k=11 q=15 num=80397791434 den=510521682064 par=0,1,2,3,3,3,3,3,3,3,3,3,1,13,14,14,14,14,14,1,1,1,1,1,1 poly=1,25,276,1838,8520,29764,81921,182612,335519,513824,660317,714508,651390,499332,320344,170665,74629,26335,7315,1540,231,22,1
TOP4 rank=10 n=25 alpha=22 k=11 q=15 num=80401573539 den=510520253049 par=0,1,2,3,3,3,3,3,3,3,1,11,12,12,12,12,12,1,1,1,1,1,1,1,1 poly=1,25,276,1838,8518,29751,81885,182557,335469,513797,660309,714507,651390,499332,320344,170665,74629,26335,7315,1540,231,22,1
TOP4 rank=11 n=25 alpha=22 k=11 q=15 num=79378424580 den=503705317284 par=0,1,2,3,3,3,3,3,3,3,1,11,12,12,12,12,12,12,1,1,1,1,1,1,1 poly=1,25,276,1835,8477,29505,80990,180316,331368,508147,654368,709722,648453,497979,319890,170560,74614,26334,7315,1540,231,22,1
VDMIN_FLOAT n=25 value=0.718346987141 k=9 alpha=13 q=9 lambda=2.17182163757 V=1.87547528262 delta=0.383021303346 par=0,1,2,3,4,5,6,7,6,9,6,11,1,13,14,15,16,17,18,17,20,17,22,1,24 poly=1,25,276,1778,7439,21274,42555,59763,58074,37599,15019,3144,221,2
PERK n=25 alpha=22 k=5 q=15 num=228757881 den=1095543801 par=0,1,2,3,3,3,3,3,3,3,3,3,3,1,14,1,1,1,1,1,1,1,1,1,1
PERK n=25 alpha=22 k=6 q=15 num=1228016989 den=6513135616 par=0,1,2,3,3,3,3,3,3,3,1,11,12,12,12,12,12,12,12,1,1,1,1,1,1
PERK n=25 alpha=22 k=7 q=15 num=5617662177 den=32256519201 par=0,1,2,3,3,3,3,3,3,3,1,11,12,12,12,12,12,12,12,1,1,1,1,1,1
PERK n=25 alpha=22 k=8 q=15 num=17997952530 den=108953466561 par=0,1,2,3,3,3,3,3,3,3,1,11,12,12,12,12,12,12,12,1,1,1,1,1,1
PERK n=25 alpha=22 k=9 q=15 num=41044332949 den=256472357761 par=0,1,2,3,3,3,3,3,3,3,1,11,12,12,12,12,12,12,12,1,1,1,1,1,1
PERK n=25 alpha=22 k=10 q=15 num=70735290846 den=448559704516 par=0,1,2,2,2,2,2,2,2,2,2,2,1,13,13,13,13,13,13,1,1,1,1,1,1
PERK n=25 alpha=22 k=11 q=15 num=81634942272 den=520582452196 par=0,1,2,2,2,2,2,2,2,2,2,2,1,13,13,13,13,13,13,1,1,1,1,1,1
PERK n=25 alpha=22 k=12 q=15 num=68018768882 den=429541295236 par=0,1,2,2,2,2,2,2,2,2,2,2,1,13,13,13,13,13,13,1,1,1,1,1,1
PERK n=25 alpha=22 k=13 q=15 num=44166285008 den=272745062500 par=0,1,2,2,2,2,2,1,8,8,8,8,1,1,1,1,1,1,1,1,1,1,1,1,1
PERK n=25 alpha=22 k=14 q=15 num=19059795673 den=113566978009 par=0,1,2,2,2,2,1,7,7,7,7,1,1,1,1,1,1,1,1,1,1,1,1,1,1
PERK n=25 alpha=22 k=15 q=15 num=5520442422 den=31215115684 par=0,1,2,2,2,2,1,7,7,7,7,1,1,1,1,1,1,1,1,1,1,1,1,1,1
PERALPHA n=25 alpha=13 k=6 q=9 num=963136800 den=3782250000 par=0,1,2,3,2,5,2,7,2,9,2,11,2,13,2,15,2,17,2,19,2,2,1,23,24
PERALPHA n=25 alpha=14 k=7 q=9 num=2459552692 den=10318496400 par=0,1,2,3,2,5,2,7,2,9,2,11,2,13,2,15,1,17,18,17,20,17,17,17,17
PERALPHA n=25 alpha=15 k=8 q=10 num=5868227309 den=26097756304 par=0,1,2,3,2,5,2,7,2,9,2,11,2,13,2,15,2,1,18,19,18,18,18,18,18
PERALPHA n=25 alpha=16 k=8 q=11 num=4547217379 den=21551708025 par=0,1,2,3,4,3,6,3,8,3,10,3,12,1,14,15,16,15,15,15,15,1,1,1,1
PERALPHA n=25 alpha=17 k=9 q=11 num=8060705830 den=40547863225 par=0,1,2,3,3,3,3,3,2,9,9,9,9,9,1,15,1,17,1,19,1,21,1,23,1
PERALPHA n=25 alpha=18 k=10 q=12 num=3947748535 den=21141160000 par=0,1,2,3,4,4,4,4,3,9,9,9,9,3,14,14,14,2,2,2,1,21,22,21,24
PERALPHA n=25 alpha=19 k=11 q=13 num=1602878297 den=9119104036 par=0,1,2,3,4,4,4,2,8,9,9,9,2,1,14,15,16,16,16,14,14,1,22,22,22
PERALPHA n=25 alpha=20 k=10 q=13 num=7923509416 den=47606003344 par=0,1,2,3,4,4,4,4,3,9,9,9,2,2,2,1,16,17,18,18,18,18,16,16,16
PERALPHA n=25 alpha=21 k=10 q=14 num=22272389416 den=139079768356 par=0,1,2,3,3,3,3,3,2,9,9,9,9,9,1,15,16,16,16,16,16,1,1,1,1
PERALPHA n=25 alpha=22 k=11 q=15 num=81634942272 den=520582452196 par=0,1,2,2,2,2,2,2,2,2,2,2,1,13,13,13,13,13,13,1,1,1,1,1,1
TOPQ n=25 alpha=22 k=15 q=15 num=5520442422 den=31215115684 par=0,1,2,2,2,2,1,7,7,7,7,1,1,1,1,1,1,1,1,1,1,1,1,1,1
NEWTON n=25 alpha=19 k=13 q=13 num=16857358770 den=17931664980 par=0,1,2,3,4,4,4,2,8,9,9,9,2,1,14,15,16,16,16,14,14,1,22,22,22
NEWTONFAIL_DIST n=25 q_minus_k=0 trees=103439
NEWTONFAIL_DIST n=25 q_minus_k=1 trees=39663
NEWTONFAIL_DIST n=25 q_minus_k=2 trees=18598
NEWTONFAIL_DIST n=25 q_minus_k=3 trees=8471
NEWTONFAIL_DIST n=25 q_minus_k=4 trees=3477
NEWTONFAIL_DIST n=25 q_minus_k=5 trees=1018
NEWTONFAIL_DIST n=25 q_minus_k=6 trees=221
NEWTONFAIL_DIST n=25 q_minus_k=7 trees=133
NEWTONFAIL_DIST n=25 q_minus_k=8 trees=59
NEWTONFAIL_DIST n=25 q_minus_k=9 trees=29
NEWTONFAIL_DIST n=25 q_minus_k=10 trees=22
VDBIN_FLOAT n=25 bin_lo=0 value=0.718346987141 k=9 alpha=13 q=9 lambda=2.17182163757 V=1.87547528262 delta=0.383021303346 par=0,1,2,3,4,5,6,7,6,9,6,11,1,13,14,15,16,17,18,17,20,17,22,1,24
VDBIN_FLOAT n=25 bin_lo=2 value=0.724905103278 k=9 alpha=13 q=9 lambda=1.90584798623 V=2.0004537771 delta=0.36237033396 par=0,1,2,3,4,5,4,7,4,9,4,11,4,13,4,15,1,17,18,19,20,19,22,1,24
VDBIN_FLOAT n=25 bin_lo=4 value=0.816521708156 k=12 alpha=18 q=12 lambda=2.21312698975 V=4.06280924307 delta=0.200974660464 par=0,1,2,3,4,4,2,1,8,9,10,8,8,1,14,14,14,1,18,18,18,1,22,22,22
QBIN_FLOAT n=25 bin_lo=0 Q=0.305600482351 k=9 alpha=13 q=9 lambda=1.97755846448 V=1.94985140418 delta=0.36883867929 par=0,1,2,3,4,5,4,7,4,9,4,11,1,13,14,15,16,15,18,15,20,15,22,1,24
QBIN_FLOAT n=25 bin_lo=2 Q=0.304959866266 k=9 alpha=13 q=9 lambda=1.62742078362 V=2.23333961527 delta=0.327060132685 par=0,1,2,3,2,5,2,7,2,9,2,11,2,13,1,15,16,15,18,15,20,15,22,15,24
QBIN_FLOAT n=25 bin_lo=4 Q=0.334955231121 k=12 alpha=18 q=12 lambda=2.21312698975 V=4.06280924307 delta=0.200974660464 par=0,1,2,3,4,4,2,1,8,9,10,8,8,1,14,14,14,1,18,18,18,1,22,22,22
QNONPOS_TREES n=25 count=0
STATS n=25 trees=20504077 viol5=0 viol4=0 zero5=0 zero4=0 nonunimodal=0 sampled=0 newton_fail_trees=175130
