TOP5 rank=0 n=25 alpha=23 k=11 q=15 num=286888261972 den=1881083568676 par=0,1,2,2,2,2,2,2,2,2,2,2,2,2,2,2,2,2,2,1,20,20,20,20,20 poly=1,25,276,1917,9545,36034,107136,257533,509762,841500,1168376,1371526,1364454,1150254,819570,490994,245293,100964,33650,8855,1771,253,23,1
TOP5 rank=1 n=25 alpha=23 k=11 q=15 num=286888261972 den=1881083568676 par=0,1,2,2,2,2,2,2,2,2,2,2,2,2,2,2,2,2,2,1,1,1,1,1,1 poly=1,25,276,1922,9555,36044,107141,257534,509762,841500,1168376,1371526,1364454,1150254,819570,490994,245293,100964,33650,8855,1771,253,23,1
TOP5 rank=2 n=25 alpha=23 k=12 q=15 num=292343936924 den=1915184745604 par=0,1,2,2,2,2,2,2,2,2,2,2,2,2,2,2,2,2,2,2,1,21,21,21,21 poly=1,25,276,1930,9675,36710,109515,263721,522138,860948,1192686,1395836,1383902,1162630,825758,493374,245973,101100,33667,8856,1771,253,23,1
TOP5 rank=3 n=25 alpha=23 k=12 q=15 num=292343936924 den=1915184745604 par=0,1,2,2,2,2,2,2,2,2,2,2,2,2,2,2,2,2,2,2,1,1,1,1,1 poly=1,25,276,1934,9681,36714,109516,263721,522138,860948,1192686,1395836,1383902,1162630,825758,493374,245973,101100,33667,8856,1771,253,23,1
TOP5 rank=4 n=25 alpha=23 k=11 q=15 num=282452435720 den=1849833927396 par=0,1,2,2,2,2,2,2,2,2,2,2,2,2,2,2,2,2,1,19,19,19,19,19,19 poly=1,25,276,1906,9435,35484,105321,253166,501754,830060,1155506,1360086,1356446,1145886,817750,490434,245173,100948,33649,8855,1771,253,23,1
TOP5 rank=5 n=25 alpha=23 k=11 q=15 num=282452435720 den=1849833927396 par=0,1,2,2,2,2,2,2,2,2,2,2,2,2,2,2,2,2,1,1,1,1,1,1,1 poly=1,25,276,1912,9450,35504,105336,253172,501755,830060,1155506,1360086,1356446,1145886,817750,490434,245173,100948,33649,8855,1771,253,23,1
TOP5 rank=6 n=25 alpha=23 k=11 q=15 num=281042415108 den=1836244516561 par=0,1,2,2,2,2,2,2,2,2,2,2,2,2,2,2,2,1,18,18,18,18,18,18,18 poly=1,25,276,1897,9345,35049,103971,250169,496750,823625,1149071,1355081,1353443,1144521,817295,490329,245158,100947,33649,8855,1771,253,23,1
TOP5 rank=7 n=25 alpha=23 k=11 q=15 num=281042415108 den=1836244516561 par=0,1,2,2,2,2,2,2,2,2,2,2,2,2,2,2,2,1,1,1,1,1,1,1,1 poly=1,25,276,1904,9366,35084,104006,250190,496757,823626,1149071,1355081,1353443,1144521,817295,490329,245158,100947,33649,8855,1771,253,23,1
TOP5 rank=8 n=25 alpha=23 k=11 q=15 num=280830929743 den=1830822780241 par=0,1,2,2,2,2,2,2,2,2,2,2,2,2,2,2,1,1,1,1,1,1,1,1,1 poly=1,25,276,1898,9303,34776,103075,248244,493782,820202,1146069,1353079,1352442,1144157,817204,490315,245157,100947,33649,8855,1771,253,23,1
TOP5 rank=9 n=25 alpha=23 k=11 q=15 num=280832282185 den=1830822780241 par=0,1,2,2,2,2,2,2,2,2,2,2,2,2,2,2,1,17,17,17,17,17,17,17,17 poly=1,25,276,1890,9275,34720,103005,248188,493754,820194,1146068,1353079,1352442,1144157,817204,490315,245157,100947,33649,8855,1771,253,23,1
TOP5 rank=10 n=25 alpha=23 k=12 q=15 num=312876828576 den=2038213075600 par=0,1,2,2,2,2,2,2,2,2,2,2,2,2,2,2,2,2,2,2,2,1,22,22,22 poly=1,25,276,1945,9825,37525,112575,272289,540702,892772,1236444,1444456,1427660,1194454,844322,501942,249033,101916,33820,8874,1772,253,23,1
TOP5 rank=11 n=25 alpha=23 k=12 q=15 num=312876828576 den=2038213075600 par=0,1,2,2,2,2,2,2,2,2,2,2,2,2,2,2,2,2,2,2,2,1,1,1,1 poly=1,25,276,1948,9828,37526,112575,272289,540702,892772,1236444,1444456,1427660,1194454,844322,501942,249033,101916,33820,8874,1772,253,23,1
TOP4 rank=0 n=25 alpha=23 k=11 q=15 num=286888261972 den=1881083568676 par=0,1,2,2,2,2,2,2,2,2,2,2,2,2,2,2,2,2,2,1,20,20,20,20,20 poly=1,25,276,1917,9545,36034,107136,257533,509762,841500,1168376,1371526,1364454,1150254,819570,490994,245293,100964,33650,8855,1771,253,23,1
TOP4 rank=1 n=25 alpha=23 k=11 q=15 num=286888261972 den=1881083568676 par=0,1,2,2,2,2,2,2,2,2,2,2,2,2,2,2,2,2,2,1,1,1,1,1,1 poly=1,25,276,1922,9555,36044,107141,257534,509762,841500,1168376,1371526,1364454,1150254,819570,490994,245293,100964,33650,8855,1771,253,23,1
TOP4 rank=2 n=25 alpha=23 k=12 q=15 num=292343936924 den=1915184745604 par=0,1,2,2,2,2,2,2,2,2,2,2,2,2,2,2,2,2,2,2,1,21,21,21,21 poly=1,25,276,1930,9675,36710,109515,263721,522138,860948,1192686,1395836,1383902,1162630,825758,493374,245973,101100,33667,8856,1771,253,23,1
TOP4 rank=3 n=25 alpha=23 k=12 q=15 num=292343936924 den=1915184745604 par=0,1,2,2,2,2,2,2,2,2,2,2,2,2,2,2,2,2,2,2,1,1,1,1,1 poly=1,25,276,1934,9681,36714,109516,263721,522138,860948,1192686,1395836,1383902,1162630,825758,493374,245973,101100,33667,8856,1771,253,23,1
TOP4 rank=4 n=25 alpha=23 k=11 q=15 num=282452435720 den=1849833927396 par=0,1,2,2,2,2,2,2,2,2,2,2,2,2,2,2,2,2,1,19,19,19,19,19,19 poly=1,25,276,1906,9435,35484,105321,253166,501754,830060,1155506,1360086,1356446,1145886,817750,490434,245173,100948,33649,8855,1771,253,23,1
TOP4 rank=5 n=25 alpha=23 k=11 q=15 num=282452435720 den=1849833927396 par=0,1,2,2,2,2,2,2,2,2,2,2,2,2,2,2,2,2,1,1,1,1,1,1,1 poly=1,25,276,1912,9450,35504,105336,253172,501755,830060,1155506,1360086,1356446,1145886,817750,490434,245173,100948,33649,8855,1771,253,23,1
TOP4 rank=6 n=25 alpha=23 k=11 q=15 num=281042415108 den=1836244516561 par=0,1,2,2,2,2,2,2,2,2,2,2,2,2,2,2,2,1,18,18,18,18,18,18,18 poly=1,25,276,1897,9345,35049,103971,250169,496750,823625,1149071,1355081,1353443,1144521,817295,490329,245158,100947,33649,8855,1771,253,23,1
TOP4 rank=7 n=25 alpha=23 k=11 q=15 num=281042415108 den=1836244516561 par=0,1,2,2,2,2,2,2,2,2,2,2,2,2,2,2,2,1,1,1,1,1,1,1,1 poly=1,25,276,1904,9366,35084,104006,250190,496757,823626,1149071,1355081,1353443,1144521,817295,490329,245158,100947,33649,8855,1771,253,23,1
TOP4 rank=8 n=25 alpha=23 k=11 q=15 num=280830929743 den=1830822780241 par=0,1,2,2,2,2,2,2,2,2,2,2,2,2,2,2,1,1,1,1,1,1,1,1,1 poly=1,25,276,1898,9303,34776,103075,248244,493782,820202,1146069,1353079,1352442,1144157,817204,490315,245157,100947,33649,8855,1771,253,23,1
TOP4 rank=9 n=25 alpha=23 k=11 q=15 num=280832282185 den=1830822780241 par=0,1,2,2,2,2,2,2,2,2,2,2,2,2,2,2,1,17,17,17,17,17,17,17,17 poly=1,25,276,1890,9275,34720,103005,248188,493754,820194,1146068,1353079,1352442,1144157,817204,490315,245157,100947,33649,8855,1771,253,23,1
TOP4 rank=10 n=25 alpha=23 k=12 q=15 num=312876828576 den=2038213075600 par=0,1,2,2,2,2,2,2,2,2,2,2,2,2,2,2,2,2,2,2,2,1,22,22,22 poly=1,25,276,1945,9825,37525,112575,272289,540702,892772,1236444,1444456,1427660,1194454,844322,501942,249033,101916,33820,8874,1772,253,23,1
TOP4 rank=11 n=25 alpha=23 k=12 q=15 num=312876828576 den=2038213075600 par=0,1,2,2,2,2,2,2,2,2,2,2,2,2,2,2,2,2,2,2,2,1,1,1,1 poly=1,25,276,1948,9828,37526,112575,272289,540702,892772,1236444,1444456,1427660,1194454,844322,501942,249033,101916,33820,8874,1772,253,23,1
VDMIN_FLOAT n=25 value=0.720227950628 k=9 alpha=13 q=9 lambda=2.08700460435 V=1.91139490196 delta=0.376807508426 par=0,1,2,3,4,5,6,5,8,5,10,2,12,2,14,1,16,17,18,19,20,19,22,19,24 poly=1,25,276,1780,7474,21533,43619,62436,62316,41808,17480,3874,294,4
PERK n=25 alpha=23 k=5 q=15 num=242390071 den=1180197316 par=0,1,2,2,2,2,2,2,2,2,2,2,2,2,1,15,15,15,15,15,15,15,15,15,15
PERK n=25 alpha=23 k=6 q=15 num=1945721019 den=10445044401 par=0,1,2,2,2,2,2,2,2,2,2,2,2,2,1,1,1,1,1,1,1,1,1,1,1
PERK n=25 alpha=23 k=7 q=15 num=10558200213 den=60783450849 par=0,1,2,2,2,2,2,2,2,2,2,2,2,2,1,1,1,1,1,1,1,1,1,1,1
PERK n=25 alpha=23 k=8 q=15 num=40210438236 den=243820663524 par=0,1,2,2,2,2,2,2,2,2,2,2,2,2,2,2,1,1,1,1,1,1,1,1,1
PERK n=25 alpha=23 k=9 q=15 num=109218690570 den=688999603600 par=0,1,2,2,2,2,2,2,2,2,2,2,2,2,2,2,2,2,1,1,1,1,1,1,1
PERK n=25 alpha=23 k=10 q=15 num=206241130876 den=1335194116036 par=0,1,2,2,2,2,2,2,2,2,2,2,2,2,2,2,2,2,1,19,19,19,19,19,19
PERK n=25 alpha=23 k=11 q=15 num=286888261972 den=1881083568676 par=0,1,2,2,2,2,2,2,2,2,2,2,2,2,2,2,2,2,2,1,20,20,20,20,20
PERK n=25 alpha=23 k=12 q=15 num=284131450512 den=1861734718116 par=0,1,2,2,2,2,2,2,2,2,2,2,2,2,2,2,2,2,2,1,20,20,20,20,20
PERK n=25 alpha=23 k=13 q=15 num=208940369184 den=1351708516900 par=0,1,2,2,2,2,2,2,2,2,2,2,2,2,2,2,2,2,2,2,1,21,21,21,21
PERK n=25 alpha=23 k=14 q=15 num=108264860944 den=681876274564 par=0,1,2,2,2,2,2,2,2,2,2,2,2,2,2,2,2,2,2,2,1,21,21,21,21
PERK n=25 alpha=23 k=15 q=15 num=41681730738 den=251945771364 par=0,1,2,2,2,2,2,2,2,2,2,2,2,2,2,2,2,2,2,2,2,1,22,22,22
PERALPHA n=25 alpha=13 k=7 q=9 num=2131060149 den=8355239649 par=0,1,2,3,4,3,6,3,8,3,10,3,12,3,1,15,16,15,18,15,20,15,22,15,15
PERALPHA n=25 alpha=14 k=7 q=9 num=2521917288 den=10547290000 par=0,1,2,3,4,3,6,3,8,3,10,3,12,3,1,15,16,15,18,15,20,15,15,15,15
PERALPHA n=25 alpha=15 k=8 q=10 num=5864625908 den=26136542224 par=0,1,2,3,3,3,3,3,3,1,10,1,12,1,14,1,16,1,18,1,20,1,22,1,24
PERALPHA n=25 alpha=16 k=8 q=11 num=4497474028 den=21295564900 par=0,1,2,3,3,3,3,3,2,9,9,9,9,1,14,1,16,1,18,1,20,1,22,1,24
PERALPHA n=25 alpha=17 k=9 q=11 num=4642819034 den=23475755524 par=0,1,2,3,4,5,5,5,5,3,3,3,1,13,14,15,14,17,14,19,14,21,1,1,1
PERALPHA n=25 alpha=18 k=9 q=12 num=6377840260 den=34157693124 par=0,1,2,3,3,3,3,2,8,8,8,8,2,13,13,13,13,1,18,1,20,1,22,1,1
PERALPHA n=25 alpha=19 k=11 q=13 num=1607238724 den=9151218244 par=0,1,2,3,4,4,4,3,8,8,8,2,2,1,14,15,16,16,16,14,14,1,22,22,22
PERALPHA n=25 alpha=20 k=10 q=13 num=7908698959 den=47623023529 par=0,1,2,3,3,3,3,2,8,8,8,8,2,13,13,13,13,1,18,19,19,19,1,1,1
PERALPHA n=25 alpha=21 k=10 q=14 num=22279061386 den=139052918404 par=0,1,2,3,4,4,4,4,4,2,2,2,2,1,14,15,16,16,16,16,16,14,14,14,14
PERALPHA n=25 alpha=22 k=11 q=15 num=81619210131 den=520596882576 par=0,1,2,2,2,2,2,2,1,9,9,9,9,9,9,1,1,1,1,1,1,1,1,1,1
PERALPHA n=25 alpha=23 k=11 q=15 num=286888261972 den=1881083568676 par=0,1,2,2,2,2,2,2,2,2,2,2,2,2,2,2,2,2,2,1,20,20,20,20,20
TOPQ n=25 alpha=23 k=15 q=15 num=41681730738 den=251945771364 par=0,1,2,2,2,2,2,2,2,2,2,2,2,2,2,2,2,2,2,2,2,1,22,22,22
NEWTON n=25 alpha=19 k=13 q=13 num=16850029448 den=17944842320 par=0,1,2,3,4,4,4,3,8,8,8,2,2,1,14,15,16,16,16,14,14,1,22,22,22
NEWTONFAIL_DIST n=25 q_minus_k=0 trees=99565
NEWTONFAIL_DIST n=25 q_minus_k=1 trees=38288
NEWTONFAIL_DIST n=25 q_minus_k=2 trees=17307
NEWTONFAIL_DIST n=25 q_minus_k=3 trees=8259
NEWTONFAIL_DIST n=25 q_minus_k=4 trees=4008
NEWTONFAIL_DIST n=25 q_minus_k=5 trees=1377
NEWTONFAIL_DIST n=25 q_minus_k=6 trees=513
NEWTONFAIL_DIST n=25 q_minus_k=7 trees=244
NEWTONFAIL_DIST n=25 q_minus_k=8 trees=77
NEWTONFAIL_DIST n=25 q_minus_k=9 trees=31
NEWTONFAIL_DIST n=25 q_minus_k=10 trees=26
VDBIN_FLOAT n=25 bin_lo=0 value=0.720227950628 k=9 alpha=13 q=9 lambda=2.08700460435 V=1.91139490196 delta=0.376807508426 par=0,1,2,3,4,5,6,5,8,5,10,2,12,2,14,1,16,17,18,19,20,19,22,19,24
VDBIN_FLOAT n=25 bin_lo=2 value=0.726715144835 k=9 alpha=13 q=9 lambda=1.89804466278 V=2.00850619573 delta=0.361818721983 par=0,1,2,3,4,3,6,3,8,3,10,3,12,3,14,2,16,2,18,1,20,21,22,21,24
VDBIN_FLOAT n=25 bin_lo=4 value=0.81477676522 k=12 alpha=18 q=12 lambda=2.24479732065 V=4.10885963684 delta=0.198297541711 par=0,1,2,3,3,3,2,7,7,7,2,11,11,2,14,14,2,17,17,1,20,21,21,1,1
QBIN_FLOAT n=25 bin_lo=0 Q=0.307372913054 k=9 alpha=13 q=9 lambda=1.99476645768 V=1.95263960931 delta=0.369636051852 par=0,1,2,3,4,5,6,5,8,5,10,5,12,5,14,1,16,17,18,19,20,19,22,19,24
QBIN_FLOAT n=25 bin_lo=2 Q=0.306008566363 k=9 alpha=13 q=9 lambda=1.61277097166 V=2.22723646948 delta=0.328578882697 par=0,1,2,3,4,3,6,3,8,3,10,3,12,3,14,3,16,3,18,1,20,21,20,23,20
QBIN_FLOAT n=25 bin_lo=4 Q=0.333847701162 k=12 alpha=18 q=12 lambda=2.23177668645 V=4.12356178949 delta=0.197633904849 par=0,1,2,3,3,3,2,7,7,7,2,11,11,2,14,14,1,17,18,18,1,21,22,22,1
QNONPOS_TREES n=25 count=0
STATS n=25 trees=21074275 viol5=0 viol4=0 zero5=0 zero4=0 nonunimodal=0 sampled=0 newton_fail_trees=169695
