TOP5 rank=0 n=25 alpha=23 k=11 q=15 num=281156923920 den=1828174410000 par=0,1,2,2,2,2,2,2,2,2,2,2,2,1,14,14,14,14,14,14,14,14,14,14,14 poly=1,25,276,1881,9185,34309,101871,246081,490974,817520,1144176,1352100,1352080,1144066,817190,490314,245157,100947,33649,8855,1771,253,23,1
TOP5 rank=1 n=25 alpha=22 k=11 q=15 num=81650674523 den=520568022016 par=0,1,2,2,2,2,2,2,2,2,2,2,2,1,14,14,14,14,14,1,20,20,20,20,20 poly=1,25,276,1847,8630,30369,83941,187234,343232,523535,669701,721504,655393,501061,320890,170784,74645,26336,7315,1540,231,22,1
TOP5 rank=2 n=25 alpha=22 k=11 q=15 num=79612230061 den=507569328721 par=0,1,2,2,2,2,2,2,2,1,10,10,10,10,10,10,10,1,1,1,1,1,1,1,1 poly=1,25,276,1849,8617,30121,82691,183613,336100,513301,658659,712439,649740,498421,319994,170575,74615,26334,7315,1540,231,22,1
TOP5 rank=3 n=25 alpha=22 k=11 q=15 num=80591149445 den=513701892900 par=0,1,2,2,2,2,2,2,2,1,10,10,10,10,10,10,1,1,1,1,1,1,1,1,1 poly=1,25,276,1852,8652,30318,83397,185399,339445,518048,663815,716730,652457,499708,320436,170679,74630,26335,7315,1540,231,22,1
TOP5 rank=4 n=25 alpha=22 k=11 q=15 num=81671084158 den=520503088681 par=0,1,2,3,3,3,3,3,1,9,10,10,10,10,10,1,1,1,1,1,1,1,1,1,1 poly=1,25,276,1846,8620,30324,83821,187024,342980,523325,669581,721459,655383,501060,320890,170784,74645,26336,7315,1540,231,22,1
TOP5 rank=5 n=25 alpha=22 k=11 q=15 num=84393127887 den=537205441249 par=0,1,2,3,3,3,3,3,1,9,10,10,10,10,1,1,1,1,1,1,1,1,1,1,1 poly=1,25,276,1853,8710,30839,85631,191475,351156,534939,682562,732943,663401,505429,322710,171344,74765,26352,7316,1540,231,22,1
TOP5 rank=6 n=25 alpha=22 k=11 q=15 num=84409092860 den=537140944201 par=0,1,2,2,2,2,2,2,2,2,2,2,2,1,14,14,14,14,14,14,1,1,1,1,1 poly=1,25,276,1856,8730,30874,85636,191391,350988,534765,682451,732899,663391,505428,322710,171344,74765,26352,7316,1540,231,22,1
TOP5 rank=7 n=25 alpha=22 k=11 q=15 num=84409092860 den=537140944201 par=0,1,2,2,2,2,2,2,2,2,2,2,2,1,14,14,14,14,14,1,1,1,1,1,1 poly=1,25,276,1857,8735,30884,85646,191396,350989,534765,682451,732899,663391,505428,322710,171344,74765,26352,7316,1540,231,22,1
TOP5 rank=8 n=25 alpha=22 k=11 q=15 num=80667455525 den=513320663296 par=0,1,2,3,3,3,3,3,3,3,3,3,3,1,14,15,15,15,15,15,15,1,1,1,1 poly=1,25,276,1841,8561,29993,82672,184277,338186,517010,663191,716464,652381,499695,320435,170679,74630,26335,7315,1540,231,22,1
TOP5 rank=9 n=25 alpha=22 k=11 q=15 num=80667455525 den=513320663296 par=0,1,2,3,3,3,3,3,3,3,3,3,3,1,14,15,15,15,15,15,1,1,1,1,1 poly=1,25,276,1841,8560,29989,82666,184273,338185,517010,663191,716464,652381,499695,320435,170679,74630,26335,7315,1540,231,22,1
TOP5 rank=10 n=25 alpha=22 k=11 q=15 num=87168034657 den=554353213401 par=0,1,2,2,2,2,2,1,8,8,8,8,8,1,1,1,1,1,1,1,1,1,1,1,1 poly=1,25,276,1869,8861,31524,87736,196298,359710,546877,695771,744549,671464,509808,324531,171904,74885,26368,7317,1540,231,22,1
TOP5 rank=11 n=25 alpha=22 k=11 q=15 num=83344655281 den=529924305681 par=0,1,2,2,2,2,2,2,2,1,10,10,10,10,10,1,1,1,1,1,1,1,1,1,1 poly=1,25,276,1857,8715,30694,84806,189101,346655,528780,676226,727959,660400,504064,322255,171239,74750,26351,7316,1540,231,22,1
TOP4 rank=0 n=25 alpha=23 k=11 q=15 num=281156923920 den=1828174410000 par=0,1,2,2,2,2,2,2,2,2,2,2,2,1,14,14,14,14,14,14,14,14,14,14,14 poly=1,25,276,1881,9185,34309,101871,246081,490974,817520,1144176,1352100,1352080,1144066,817190,490314,245157,100947,33649,8855,1771,253,23,1
TOP4 rank=1 n=25 alpha=22 k=11 q=15 num=81650674523 den=520568022016 par=0,1,2,2,2,2,2,2,2,2,2,2,2,1,14,14,14,14,14,1,20,20,20,20,20 poly=1,25,276,1847,8630,30369,83941,187234,343232,523535,669701,721504,655393,501061,320890,170784,74645,26336,7315,1540,231,22,1
TOP4 rank=2 n=25 alpha=22 k=11 q=15 num=79612230061 den=507569328721 par=0,1,2,2,2,2,2,2,2,1,10,10,10,10,10,10,10,1,1,1,1,1,1,1,1 poly=1,25,276,1849,8617,30121,82691,183613,336100,513301,658659,712439,649740,498421,319994,170575,74615,26334,7315,1540,231,22,1
TOP4 rank=3 n=25 alpha=22 k=11 q=15 num=80591149445 den=513701892900 par=0,1,2,2,2,2,2,2,2,1,10,10,10,10,10,10,1,1,1,1,1,1,1,1,1 poly=1,25,276,1852,8652,30318,83397,185399,339445,518048,663815,716730,652457,499708,320436,170679,74630,26335,7315,1540,231,22,1
TOP4 rank=4 n=25 alpha=22 k=11 q=15 num=81671084158 den=520503088681 par=0,1,2,3,3,3,3,3,1,9,10,10,10,10,10,1,1,1,1,1,1,1,1,1,1 poly=1,25,276,1846,8620,30324,83821,187024,342980,523325,669581,721459,655383,501060,320890,170784,74645,26336,7315,1540,231,22,1
TOP4 rank=5 n=25 alpha=22 k=11 q=15 num=84393127887 den=537205441249 par=0,1,2,3,3,3,3,3,1,9,10,10,10,10,1,1,1,1,1,1,1,1,1,1,1 poly=1,25,276,1853,8710,30839,85631,191475,351156,534939,682562,732943,663401,505429,322710,171344,74765,26352,7316,1540,231,22,1
TOP4 rank=6 n=25 alpha=22 k=11 q=15 num=84409092860 den=537140944201 par=0,1,2,2,2,2,2,2,2,2,2,2,2,1,14,14,14,14,14,14,1,1,1,1,1 poly=1,25,276,1856,8730,30874,85636,191391,350988,534765,682451,732899,663391,505428,322710,171344,74765,26352,7316,1540,231,22,1
TOP4 rank=7 n=25 alpha=22 k=11 q=15 num=84409092860 den=537140944201 par=0,1,2,2,2,2,2,2,2,2,2,2,2,1,14,14,14,14,14,1,1,1,1,1,1 poly=1,25,276,1857,8735,30884,85646,191396,350989,534765,682451,732899,663391,505428,322710,171344,74765,26352,7316,1540,231,22,1
TOP4 rank=8 n=25 alpha=22 k=11 q=15 num=80667455525 den=513320663296 par=0,1,2,3,3,3,3,3,3,3,3,3,3,1,14,15,15,15,15,15,15,1,1,1,1 poly=1,25,276,1841,8561,29993,82672,184277,338186,517010,663191,716464,652381,499695,320435,170679,74630,26335,7315,1540,231,22,1
TOP4 rank=9 n=25 alpha=22 k=11 q=15 num=80667455525 den=513320663296 par=0,1,2,3,3,3,3,3,3,3,3,3,3,1,14,15,15,15,15,15,1,1,1,1,1 poly=1,25,276,1841,8560,29989,82666,184273,338185,517010,663191,716464,652381,499695,320435,170679,74630,26335,7315,1540,231,22,1
TOP4 rank=10 n=25 alpha=22 k=11 q=15 num=87168034657 den=554353213401 par=0,1,2,2,2,2,2,1,8,8,8,8,8,1,1,1,1,1,1,1,1,1,1,1,1 poly=1,25,276,1869,8861,31524,87736,196298,359710,546877,695771,744549,671464,509808,324531,171904,74885,26368,7317,1540,231,22,1
TOP4 rank=11 n=25 alpha=22 k=11 q=15 num=83344655281 den=529924305681 par=0,1,2,2,2,2,2,2,2,1,10,10,10,10,10,1,1,1,1,1,1,1,1,1,1 poly=1,25,276,1857,8715,30694,84806,189101,346655,528780,676226,727959,660400,504064,322255,171239,74750,26351,7316,1540,231,22,1
VDMIN_FLOAT n=25 value=0.72197122298 k=9 alpha=13 q=9 lambda=2.08713306961 V=1.93218883535 delta=0.373654587881 par=0,1,2,3,4,5,6,5,8,5,10,3,12,1,14,15,16,17,18,17,20,17,22,14,24 poly=1,25,276,1779,7457,21413,43158,61376,60821,40558,16940,3810,310,2
PERK n=25 alpha=23 k=5 q=15 num=241422346 den=1177107481 par=0,1,2,2,2,2,2,2,2,2,2,2,2,1,14,14,14,14,14,14,14,14,14,14,14
PERK n=25 alpha=23 k=6 q=15 num=1934907612 den=10377700641 par=0,1,2,2,2,2,2,2,2,2,2,2,2,1,14,14,14,14,14,14,14,14,14,14,14
PERK n=25 alpha=23 k=7 q=15 num=10539846207 den=60555858561 par=0,1,2,2,2,2,2,2,2,2,2,2,2,1,14,14,14,14,14,14,14,14,14,14,14
PERK n=25 alpha=22 k=8 q=15 num=17994137457 den=108957427569 par=0,1,2,2,2,2,2,2,2,1,10,10,10,10,10,10,10,1,18,18,18,18,18,18,18
PERK n=25 alpha=23 k=9 q=15 num=106578282976 den=668338950400 par=0,1,2,2,2,2,2,2,2,2,2,2,2,1,14,14,14,14,14,14,14,14,14,14,14
PERK n=25 alpha=23 k=10 q=15 num=203769926976 den=1309138718976 par=0,1,2,2,2,2,2,2,2,2,2,2,2,1,14,14,14,14,14,14,14,14,14,14,14
PERK n=25 alpha=23 k=11 q=15 num=281156923920 den=1828174410000 par=0,1,2,2,2,2,2,2,2,2,2,2,2,1,14,14,14,14,14,14,14,14,14,14,14
PERK n=25 alpha=23 k=12 q=15 num=281228687800 den=1828120326400 par=0,1,2,2,2,2,2,2,2,2,2,2,2,1,14,14,14,14,14,14,14,14,14,14,14
PERK n=25 alpha=23 k=13 q=15 num=203980757156 den=1308887012356 par=0,1,2,2,2,2,2,2,2,2,2,2,2,1,14,14,14,14,14,14,14,14,14,14,14
PERK n=25 alpha=23 k=14 q=15 num=106847919376 den=667799496100 par=0,1,2,2,2,2,2,2,2,2,2,2,2,1,14,14,14,14,14,14,14,14,14,14,14
PERK n=25 alpha=23 k=15 q=15 num=40067969766 den=240407818596 par=0,1,2,2,2,2,2,2,2,2,2,2,2,1,14,14,14,14,14,14,14,14,14,14,14
PERALPHA n=25 alpha=13 k=6 q=9 num=873642443 den=3395392900 par=0,1,2,3,4,1,6,7,8,1,10,1,12,1,14,1,16,1,18,1,20,1,22,1,1
PERALPHA n=25 alpha=14 k=7 q=9 num=2585200036 den=10804770916 par=0,1,2,3,2,5,2,7,2,9,2,11,1,13,14,13,16,13,18,13,20,13,13,13,13
PERALPHA n=25 alpha=15 k=8 q=10 num=5931447509 den=26347457761 par=0,1,2,3,3,3,3,3,3,1,10,11,10,13,10,15,10,17,10,19,10,21,10,23,10
PERALPHA n=25 alpha=16 k=8 q=11 num=4565029873 den=21625761249 par=0,1,2,3,2,5,2,7,2,9,2,11,1,13,14,13,13,13,13,1,20,20,20,20,20
PERALPHA n=25 alpha=17 k=9 q=11 num=4643843247 den=23480352289 par=0,1,2,3,4,4,4,4,2,9,10,10,10,10,2,2,1,17,18,17,20,17,22,17,24
PERALPHA n=25 alpha=18 k=10 q=12 num=4637432896 den=24810660196 par=0,1,2,3,4,3,3,3,2,9,9,9,9,2,14,14,14,14,1,19,20,21,1,1,1
PERALPHA n=25 alpha=19 k=11 q=13 num=1607001106 den=9153896976 par=0,1,2,3,3,3,2,7,7,7,1,11,12,12,12,11,16,16,16,1,20,21,21,21,1
PERALPHA n=25 alpha=20 k=10 q=13 num=7972019500 den=48065300644 par=0,1,2,2,2,2,1,7,7,7,7,1,12,12,12,12,1,17,17,17,17,1,22,22,22
PERALPHA n=25 alpha=21 k=10 q=14 num=22259048716 den=139133476036 par=0,1,2,2,2,2,2,1,8,8,8,8,8,1,14,14,14,14,14,1,20,20,20,20,20
PERALPHA n=25 alpha=22 k=11 q=15 num=81650674523 den=520568022016 par=0,1,2,2,2,2,2,2,2,2,2,2,2,1,14,14,14,14,14,1,20,20,20,20,20
PERALPHA n=25 alpha=23 k=11 q=15 num=281156923920 den=1828174410000 par=0,1,2,2,2,2,2,2,2,2,2,2,2,1,14,14,14,14,14,14,14,14,14,14,14
TOPQ n=25 alpha=23 k=15 q=15 num=40067969766 den=240407818596 par=0,1,2,2,2,2,2,2,2,2,2,2,2,1,14,14,14,14,14,14,14,14,14,14,14
NEWTON n=25 alpha=19 k=12 q=13 num=65668110560 den=69946060880 par=0,1,2,3,3,3,2,7,7,7,1,11,12,12,12,11,16,16,16,1,20,21,21,21,1
NEWTONFAIL_DIST n=25 q_minus_k=0 trees=99451
NEWTONFAIL_DIST n=25 q_minus_k=1 trees=39842
NEWTONFAIL_DIST n=25 q_minus_k=2 trees=18733
NEWTONFAIL_DIST n=25 q_minus_k=3 trees=8573
NEWTONFAIL_DIST n=25 q_minus_k=4 trees=3654
NEWTONFAIL_DIST n=25 q_minus_k=5 trees=1353
NEWTONFAIL_DIST n=25 q_minus_k=6 trees=471
NEWTONFAIL_DIST n=25 q_minus_k=7 trees=218
NEWTONFAIL_DIST n=25 q_minus_k=8 trees=60
NEWTONFAIL_DIST n=25 q_minus_k=9 trees=23
NEWTONFAIL_DIST n=25 q_minus_k=10 trees=12
VDBIN_FLOAT n=25 bin_lo=0 value=0.72197122298 k=9 alpha=13 q=9 lambda=2.08713306961 V=1.93218883535 delta=0.373654587881 par=0,1,2,3,4,5,6,5,8,5,10,3,12,1,14,15,16,17,18,17,20,17,22,14,24
VDBIN_FLOAT n=25 bin_lo=2 value=0.726592933587 k=9 alpha=13 q=9 lambda=1.88187015725 V=2.02612127086 delta=0.358612756322 par=0,1,2,3,4,3,6,3,8,3,10,3,12,2,14,1,16,17,18,17,20,17,22,17,24
VDBIN_FLOAT n=25 bin_lo=4 value=0.815469065826 k=12 alpha=18 q=12 lambda=2.2313308899 V=4.12361897873 delta=0.197755677727 par=0,1,2,3,4,4,2,2,1,9,10,11,11,9,9,1,16,16,16,1,20,20,1,23,23
QBIN_FLOAT n=25 bin_lo=0 Q=0.307610521752 k=9 alpha=13 q=9 lambda=1.95064903029 V=1.97285716434 delta=0.366560559811 par=0,1,2,3,4,3,6,3,8,3,10,2,12,2,14,1,16,17,18,17,20,17,22,17,24
QBIN_FLOAT n=25 bin_lo=2 Q=0.306015055175 k=9 alpha=13 q=9 lambda=1.74012563488 V=2.19536107695 delta=0.332528972881 par=0,1,2,3,4,3,6,3,8,1,10,11,12,11,14,11,16,1,18,1,20,1,22,1,24
QBIN_FLOAT n=25 bin_lo=4 Q=0.334098299022 k=12 alpha=18 q=12 lambda=2.2313308899 V=4.12361897873 delta=0.197755677727 par=0,1,2,3,4,4,2,2,1,9,10,11,11,9,9,1,16,16,16,1,20,20,1,23,23
QNONPOS_TREES n=25 count=0
STATS n=25 trees=20466947 viol5=0 viol4=0 zero5=0 zero4=0 nonunimodal=0 sampled=0 newton_fail_trees=172390
