TOP5 rank=0 n=26 alpha=23 k=11 q=15 num=292488283333 den=1935451352025 par=0,1,2,3,3,3,3,3,3,3,3,3,3,3,3,2,2,2,2,2,1,21,21,21,21,21 poly=1,26,300,2115,10456,38969,114285,271164,530464,866767,1193236,1391205,1376897,1156454,821951,491674,245429,100981,33651,8855,1771,253,23,1
TOP5 rank=1 n=26 alpha=23 k=11 q=15 num=292523612889 den=1935423528025 par=0,1,2,3,3,3,3,3,3,3,3,3,3,3,3,1,16,17,17,17,17,17,1,1,1,1 poly=1,26,300,2110,10417,38853,114076,270912,530254,866647,1193191,1391195,1376896,1156454,821951,491674,245429,100981,33651,8855,1771,253,23,1
TOP5 rank=2 n=26 alpha=23 k=11 q=15 num=292549198748 den=1934992281600 par=0,1,2,3,3,3,3,3,3,2,2,2,2,2,2,2,2,2,2,2,1,21,21,21,21,21 poly=1,26,300,2115,10450,38924,114130,270839,530003,866305,1192906,1391040,1376842,1156443,821950,491674,245429,100981,33651,8855,1771,253,23,1
TOP5 rank=3 n=26 alpha=23 k=11 q=15 num=287874346500 den=1903903232400 par=0,1,2,2,2,2,2,2,2,2,2,2,1,13,13,13,13,13,13,13,1,1,1,1,1,1 poly=1,26,300,2111,10396,38584,112805,267263,522919,855657,1180531,1379820,1368900,1152087,820131,491114,245309,100965,33650,8855,1771,253,23,1
TOP5 rank=4 n=26 alpha=23 k=11 q=15 num=287874346500 den=1903903232400 par=0,1,2,2,2,2,2,2,2,2,2,2,1,13,13,13,13,13,13,1,1,1,1,1,1,1 poly=1,26,300,2112,10402,38599,112825,267278,522925,855658,1180531,1379820,1368900,1152087,820131,491114,245309,100965,33650,8855,1771,253,23,1
TOP5 rank=5 n=26 alpha=23 k=11 q=15 num=287987576465 den=1903323752100 par=0,1,2,3,3,3,3,3,3,2,2,2,2,2,2,2,2,2,2,1,20,20,20,20,20,20 poly=1,26,300,2109,10375,38484,112520,266723,522205,854985,1180081,1379610,1368835,1152075,820130,491114,245309,100965,33650,8855,1771,253,23,1
TOP5 rank=6 n=26 alpha=23 k=11 q=15 num=283368270642 den=1872491192100 par=0,1,2,3,3,3,3,3,3,3,3,3,3,2,2,2,2,2,2,1,20,20,20,20,20,20 poly=1,26,300,2105,10321,38144,111195,263147,515121,844337,1167706,1368390,1360893,1147719,818311,490554,245189,100949,33649,8855,1771,253,23,1
TOP5 rank=7 n=26 alpha=23 k=11 q=15 num=283403310788 den=1872463824400 par=0,1,2,3,3,3,3,3,3,3,3,3,1,13,13,13,13,13,13,13,1,1,1,1,1,1 poly=1,26,300,2102,10297,38059,111020,262916,514918,844218,1167661,1368380,1360892,1147719,818311,490554,245189,100949,33649,8855,1771,253,23,1
TOP5 rank=8 n=26 alpha=23 k=12 q=15 num=303786105961 den=2007115392529 par=0,1,2,3,3,3,3,3,3,3,3,3,3,3,3,3,3,2,2,2,2,1,22,22,22,22 poly=1,26,300,2131,10668,40263,119211,284371,557001,908147,1244310,1441596,1416727,1181558,834417,496448,246790,101253,33685,8857,1771,253,23,1
TOP5 rank=9 n=26 alpha=23 k=12 q=15 num=303786105961 den=2007115392529 par=0,1,2,3,3,3,3,3,3,3,3,3,3,3,3,3,3,1,18,19,19,19,19,1,1,1 poly=1,26,300,2127,10643,40208,119141,284315,556973,908139,1244309,1441596,1416727,1181558,834417,496448,246790,101253,33685,8857,1771,253,23,1
TOP5 rank=10 n=26 alpha=23 k=12 q=15 num=295234270096 den=1950391006096 par=0,1,2,3,3,3,3,3,3,3,3,3,3,3,3,3,2,2,2,2,2,1,22,22,22,22 poly=1,26,300,2123,10559,39595,116675,277595,543422,887019,1218293,1416000,1396564,1168896,828151,494055,246109,101117,33668,8856,1771,253,23,1
TOP5 rank=11 n=26 alpha=23 k=12 q=15 num=295234270096 den=1950391006096 par=0,1,2,3,3,3,3,3,3,3,3,3,3,3,3,3,2,2,2,2,1,21,21,21,21,21 poly=1,26,300,2122,10555,39589,116671,277594,543422,887019,1218293,1416000,1396564,1168896,828151,494055,246109,101117,33668,8856,1771,253,23,1
TOP4 rank=0 n=26 alpha=23 k=11 q=15 num=292488283333 den=1935451352025 par=0,1,2,3,3,3,3,3,3,3,3,3,3,3,3,2,2,2,2,2,1,21,21,21,21,21 poly=1,26,300,2115,10456,38969,114285,271164,530464,866767,1193236,1391205,1376897,1156454,821951,491674,245429,100981,33651,8855,1771,253,23,1
TOP4 rank=1 n=26 alpha=23 k=11 q=15 num=292523612889 den=1935423528025 par=0,1,2,3,3,3,3,3,3,3,3,3,3,3,3,1,16,17,17,17,17,17,1,1,1,1 poly=1,26,300,2110,10417,38853,114076,270912,530254,866647,1193191,1391195,1376896,1156454,821951,491674,245429,100981,33651,8855,1771,253,23,1
TOP4 rank=2 n=26 alpha=23 k=11 q=15 num=292549198748 den=1934992281600 par=0,1,2,3,3,3,3,3,3,2,2,2,2,2,2,2,2,2,2,2,1,21,21,21,21,21 poly=1,26,300,2115,10450,38924,114130,270839,530003,866305,1192906,1391040,1376842,1156443,821950,491674,245429,100981,33651,8855,1771,253,23,1
TOP4 rank=3 n=26 alpha=23 k=11 q=15 num=287874346500 den=1903903232400 par=0,1,2,2,2,2,2,2,2,2,2,2,1,13,13,13,13,13,13,13,1,1,1,1,1,1 poly=1,26,300,2111,10396,38584,112805,267263,522919,855657,1180531,1379820,1368900,1152087,820131,491114,245309,100965,33650,8855,1771,253,23,1
TOP4 rank=4 n=26 alpha=23 k=11 q=15 num=287874346500 den=1903903232400 par=0,1,2,2,2,2,2,2,2,2,2,2,1,13,13,13,13,13,13,1,1,1,1,1,1,1 poly=1,26,300,2112,10402,38599,112825,267278,522925,855658,1180531,1379820,1368900,1152087,820131,491114,245309,100965,33650,8855,1771,253,23,1
TOP4 rank=5 n=26 alpha=23 k=11 q=15 num=287987576465 den=1903323752100 par=0,1,2,3,3,3,3,3,3,2,2,2,2,2,2,2,2,2,2,1,20,20,20,20,20,20 poly=1,26,300,2109,10375,38484,112520,266723,522205,854985,1180081,1379610,1368835,1152075,820130,491114,245309,100965,33650,8855,1771,253,23,1
TOP4 rank=6 n=26 alpha=23 k=11 q=15 num=283368270642 den=1872491192100 par=0,1,2,3,3,3,3,3,3,3,3,3,3,2,2,2,2,2,2,1,20,20,20,20,20,20 poly=1,26,300,2105,10321,38144,111195,263147,515121,844337,1167706,1368390,1360893,1147719,818311,490554,245189,100949,33649,8855,1771,253,23,1
TOP4 rank=7 n=26 alpha=23 k=11 q=15 num=283403310788 den=1872463824400 par=0,1,2,3,3,3,3,3,3,3,3,3,1,13,13,13,13,13,13,13,1,1,1,1,1,1 poly=1,26,300,2102,10297,38059,111020,262916,514918,844218,1167661,1368380,1360892,1147719,818311,490554,245189,100949,33649,8855,1771,253,23,1
TOP4 rank=8 n=26 alpha=23 k=12 q=15 num=303786105961 den=2007115392529 par=0,1,2,3,3,3,3,3,3,3,3,3,3,3,3,3,3,2,2,2,2,1,22,22,22,22 poly=1,26,300,2131,10668,40263,119211,284371,557001,908147,1244310,1441596,1416727,1181558,834417,496448,246790,101253,33685,8857,1771,253,23,1
TOP4 rank=9 n=26 alpha=23 k=12 q=15 num=303786105961 den=2007115392529 par=0,1,2,3,3,3,3,3,3,3,3,3,3,3,3,3,3,1,18,19,19,19,19,1,1,1 poly=1,26,300,2127,10643,40208,119141,284315,556973,908139,1244309,1441596,1416727,1181558,834417,496448,246790,101253,33685,8857,1771,253,23,1
TOP4 rank=10 n=26 alpha=23 k=12 q=15 num=295234270096 den=1950391006096 par=0,1,2,3,3,3,3,3,3,3,3,3,3,3,3,3,2,2,2,2,2,1,22,22,22,22 poly=1,26,300,2123,10559,39595,116675,277595,543422,887019,1218293,1416000,1396564,1168896,828151,494055,246109,101117,33668,8856,1771,253,23,1
TOP4 rank=11 n=26 alpha=23 k=12 q=15 num=295234270096 den=1950391006096 par=0,1,2,3,3,3,3,3,3,3,3,3,3,3,3,3,2,2,2,2,1,21,21,21,21,21 poly=1,26,300,2122,10555,39589,116671,277594,543422,887019,1218293,1416000,1396564,1168896,828151,494055,246109,101117,33668,8856,1771,253,23,1
VDMIN_FLOAT n=26 value=0.737549776262 k=9 alpha=14 q=9 lambda=1.60715025673 V=2.246495975 delta=0.328311194175 par=0,1,2,3,2,5,2,7,2,9,1,11,12,11,14,11,16,11,18,1,20,21,20,23,20,25 poly=1,26,300,2040,9142,28551,63933,103736,121376,100144,55499,18683,2979,51,1
PERK n=26 alpha=23 k=6 q=15 num=3119236110 den=16627070916 par=0,1,2,3,3,3,3,3,3,3,3,3,3,3,3,1,16,1,1,1,1,1,1,1,1,1
PERK n=26 alpha=23 k=7 q=15 num=11967464014 den=69246343609 par=0,1,2,3,3,3,3,3,3,3,3,3,3,2,2,2,2,2,2,1,20,20,20,20,20,20
PERK n=26 alpha=23 k=8 q=15 num=43164896102 den=265349644641 par=0,1,2,3,3,3,3,3,3,3,3,3,3,2,2,2,2,2,2,1,20,20,20,20,20,20
PERK n=26 alpha=23 k=9 q=15 num=111395087143 den=712904969569 par=0,1,2,3,3,3,3,3,3,3,3,3,3,2,2,2,2,2,2,1,20,20,20,20,20,20
PERK n=26 alpha=23 k=10 q=15 num=208154995006 den=1363537302436 par=0,1,2,3,3,3,3,3,3,3,3,3,3,2,2,2,2,2,2,1,20,20,20,20,20,20
PERK n=26 alpha=23 k=11 q=15 num=292488283333 den=1935451352025 par=0,1,2,3,3,3,3,3,3,3,3,3,3,3,3,2,2,2,2,2,1,21,21,21,21,21
PERK n=26 alpha=23 k=12 q=15 num=303786105961 den=2007115392529 par=0,1,2,3,3,3,3,3,3,3,3,3,3,3,3,3,3,2,2,2,2,1,22,22,22,22
PERK n=26 alpha=23 k=13 q=15 num=213938214205 den=1396079307364 par=0,1,2,3,3,3,3,3,3,3,3,3,3,3,3,3,3,2,2,2,2,1,22,22,22,22
PERK n=26 alpha=23 k=14 q=15 num=109669623905 den=696251729889 par=0,1,2,3,3,3,3,3,3,3,3,3,3,3,3,3,3,2,2,2,2,1,22,22,22,22
PERK n=26 alpha=23 k=15 q=15 num=43366009954 den=264329656900 par=0,1,2,3,3,3,3,3,3,3,3,3,3,3,3,3,3,3,3,2,2,2,1,23,23,23
PERALPHA n=26 alpha=13 k=7 q=9 num=4231071748 den=16654934916 par=0,1,2,3,4,3,6,3,8,3,10,3,12,3,1,15,16,15,18,15,20,15,22,15,24,15
PERALPHA n=26 alpha=14 k=7 q=9 num=4894371161 den=20467021969 par=0,1,2,3,4,3,6,3,8,3,10,3,12,3,1,15,16,15,18,15,20,15,22,15,15,15
PERALPHA n=26 alpha=15 k=8 q=10 num=12365383207 den=54743832676 par=0,1,2,3,2,5,2,7,2,9,2,11,2,2,1,15,16,15,18,15,20,15,22,15,15,15
PERALPHA n=26 alpha=16 k=8 q=11 num=9676500199 den=45477695025 par=0,1,2,3,4,3,6,3,8,3,10,3,12,1,14,15,16,15,18,15,15,15,1,1,1,1
PERALPHA n=26 alpha=17 k=9 q=11 num=10863918840 den=54302048784 par=0,1,2,3,4,3,6,3,8,3,10,1,12,13,14,13,13,13,12,19,19,19,19,1,1,1
PERALPHA n=26 alpha=18 k=10 q=12 num=14472710692 den=76822654561 par=0,1,2,3,3,3,3,2,8,8,8,8,2,13,13,13,13,1,18,1,20,1,22,1,24,1
PERALPHA n=26 alpha=19 k=10 q=13 num=15097977034 den=85164748900 par=0,1,2,3,4,5,5,5,5,4,10,10,10,10,3,3,3,1,18,19,20,19,22,1,1,1
PERALPHA n=26 alpha=20 k=11 q=13 num=7869878338 den=46985764644 par=0,1,2,3,4,4,4,2,2,1,10,11,12,12,12,10,10,1,18,18,18,18,1,23,23,23
PERALPHA n=26 alpha=21 k=11 q=14 num=24691850249 den=155605003024 par=0,1,2,3,3,3,3,2,8,8,8,8,2,13,13,13,13,1,18,19,19,19,19,1,1,1
PERALPHA n=26 alpha=22 k=11 q=15 num=86684638146 den=561366571536 par=0,1,2,3,3,3,3,3,3,2,2,2,2,2,2,1,16,17,17,17,17,1,1,1,1,1
PERALPHA n=26 alpha=23 k=11 q=15 num=292488283333 den=1935451352025 par=0,1,2,3,3,3,3,3,3,3,3,3,3,3,3,2,2,2,2,2,1,21,21,21,21,21
TOPQ n=26 alpha=23 k=15 q=15 num=43366009954 den=264329656900 par=0,1,2,3,3,3,3,3,3,3,3,3,3,3,3,3,3,3,3,2,2,2,1,23,23,23
NEWTON n=26 alpha=19 k=13 q=13 num=23466662030 den=24903447380 par=0,1,2,3,3,3,2,7,7,7,2,11,11,1,14,15,15,15,14,19,19,1,22,23,23,1
NEWTONFAIL_DIST n=26 q_minus_k=0 trees=220574
NEWTONFAIL_DIST n=26 q_minus_k=1 trees=101883
NEWTONFAIL_DIST n=26 q_minus_k=2 trees=46616
NEWTONFAIL_DIST n=26 q_minus_k=3 trees=19255
NEWTONFAIL_DIST n=26 q_minus_k=4 trees=5833
NEWTONFAIL_DIST n=26 q_minus_k=5 trees=1942
NEWTONFAIL_DIST n=26 q_minus_k=6 trees=717
NEWTONFAIL_DIST n=26 q_minus_k=7 trees=267
NEWTONFAIL_DIST n=26 q_minus_k=8 trees=106
NEWTONFAIL_DIST n=26 q_minus_k=9 trees=119
VDBIN_FLOAT n=26 bin_lo=2 value=0.737549776262 k=9 alpha=14 q=9 lambda=1.60715025673 V=2.246495975 delta=0.328311194175 par=0,1,2,3,2,5,2,7,2,9,1,11,12,11,14,11,16,11,18,1,20,21,20,23,20,25
VDBIN_FLOAT n=26 bin_lo=4 value=0.809817238864 k=12 alpha=18 q=12 lambda=2.31116805039 V=4.06930911524 delta=0.199006075953 par=0,1,2,3,3,2,6,6,1,9,10,10,9,13,13,1,16,17,17,16,20,20,1,23,24,24
QBIN_FLOAT n=26 bin_lo=2 Q=0.309752635014 k=9 alpha=14 q=9 lambda=1.60715025673 V=2.246495975 delta=0.328311194175 par=0,1,2,3,2,5,2,7,2,9,1,11,12,11,14,11,16,11,18,1,20,21,20,23,20,25
QBIN_FLOAT n=26 bin_lo=4 Q=0.331953147495 k=12 alpha=18 q=12 lambda=2.31116805039 V=4.06930911524 delta=0.199006075953 par=0,1,2,3,3,2,6,6,1,9,10,10,9,13,13,1,16,17,17,16,20,20,1,23,24,24
QNONPOS_TREES n=26 count=0
STATS n=26 trees=56392755 viol5=0 viol4=0 zero5=0 zero4=0 nonunimodal=0 sampled=0 newton_fail_trees=397312
