TOP5 rank=0 n=26 alpha=24 k=12 q=16 num=1081600412516 den=7312529980561 par=0,1,2,2,2,2,2,2,2,2,2,2,2,2,1,15,15,15,15,15,15,15,15,15,15,15 poly=1,26,300,2145,11011,43329,135850,347490,736593,1308164,1961531,2496221,2704169,2496145,1961256,1307504,735471,346104,134596,42504,10626,2024,276,24,1
TOP5 rank=1 n=26 alpha=23 k=11 q=15 num=283265305870 den=1874423857216 par=0,1,2,2,2,2,2,2,2,1,10,10,10,10,10,10,10,1,1,1,1,1,1,1,1,1 poly=1,26,300,2111,10375,38374,111811,264302,516710,845969,1168957,1369096,1361178,1147797,818324,490555,245189,100949,33649,8855,1771,253,23,1
TOP5 rank=2 n=26 alpha=23 k=11 q=15 num=292523612889 den=1935423528025 par=0,1,2,2,2,2,2,2,2,2,2,2,2,2,1,15,15,15,15,15,1,21,21,21,21,21 poly=1,26,300,2111,10421,38859,114080,270913,530254,866647,1193191,1391195,1376896,1156454,821951,491674,245429,100981,33651,8855,1771,253,23,1
TOP5 rank=3 n=26 alpha=23 k=11 q=15 num=287839161924 den=1903930828900 par=0,1,2,2,2,2,2,2,2,1,10,10,10,10,10,10,1,1,1,1,1,1,1,1,1,1 poly=1,26,300,2115,10426,38684,113000,267509,523128,855777,1180576,1379830,1368901,1152087,820131,491114,245309,100965,33650,8855,1771,253,23,1
TOP5 rank=4 n=26 alpha=23 k=11 q=15 num=288022761976 den=1903296160000 par=0,1,2,3,3,3,3,3,3,3,3,3,3,3,1,15,16,16,16,16,16,16,1,1,1,1 poly=1,26,300,2104,10336,38368,112311,266471,521995,854865,1180036,1379600,1368834,1152075,820130,491114,245309,100965,33650,8855,1771,253,23,1
TOP5 rank=5 n=26 alpha=23 k=11 q=15 num=288022761976 den=1903296160000 par=0,1,2,3,3,3,3,3,3,3,3,3,3,3,1,15,16,16,16,16,16,1,1,1,1,1 poly=1,26,300,2104,10335,38364,112305,266467,521994,854865,1180036,1379600,1368834,1152075,820130,491114,245309,100965,33650,8855,1771,253,23,1
TOP5 rank=6 n=26 alpha=23 k=11 q=15 num=288074659241 den=1903171998025 par=0,1,2,3,3,3,3,3,3,1,10,11,11,11,11,11,1,1,1,1,1,1,1,1,1,1 poly=1,26,300,2104,10330,38329,112195,266262,521743,854655,1179916,1379555,1368824,1152074,820130,491114,245309,100965,33650,8855,1771,253,23,1
TOP5 rank=7 n=26 alpha=23 k=12 q=15 num=295291857186 den=1949776566336 par=0,1,2,3,3,3,3,3,2,2,2,2,2,2,2,2,2,2,2,2,1,21,21,21,21,21 poly=1,26,300,2122,10547,39529,116455,277100,542630,886095,1217501,1415505,1396344,1168830,828139,494054,246109,101117,33668,8856,1771,253,23,1
TOP5 rank=8 n=26 alpha=23 k=12 q=15 num=303693291096 den=2005089984144 par=0,1,2,3,3,3,3,3,2,2,2,2,2,2,2,2,2,2,2,2,2,1,22,22,22,22 poly=1,26,300,2131,10659,40191,118929,283657,555714,906431,1242594,1440309,1416012,1181272,834339,496435,246789,101253,33685,8857,1771,253,23,1
TOP5 rank=9 n=26 alpha=23 k=12 q=15 num=303693291096 den=2005089984144 par=0,1,2,3,3,3,3,1,8,9,9,9,9,1,1,1,1,1,1,1,1,1,1,1,1,1 poly=1,26,300,2127,10633,40133,118856,283600,555686,906423,1242593,1440309,1416012,1181272,834339,496435,246789,101253,33685,8857,1771,253,23,1
TOP5 rank=10 n=26 alpha=23 k=11 q=15 num=283542435371 den=1871864521921 par=0,1,2,3,3,3,3,3,3,1,10,11,11,11,11,11,11,1,1,1,1,1,1,1,1,1 poly=1,26,300,2099,10261,37908,110631,262235,514072,843461,1167175,1368161,1360826,1147707,818310,490554,245189,100949,33649,8855,1771,253,23,1
TOP5 rank=11 n=26 alpha=23 k=12 q=15 num=295372774531 den=1949595045841 par=0,1,2,2,2,2,2,2,2,2,2,2,2,2,1,15,15,15,15,15,15,1,1,1,1,1 poly=1,26,300,2120,10526,39429,116170,276560,541916,885423,1217051,1415295,1396279,1168818,828138,494054,246109,101117,33668,8856,1771,253,23,1
TOP4 rank=0 n=26 alpha=24 k=12 q=16 num=1081600412516 den=7312529980561 par=0,1,2,2,2,2,2,2,2,2,2,2,2,2,1,15,15,15,15,15,15,15,15,15,15,15 poly=1,26,300,2145,11011,43329,135850,347490,736593,1308164,1961531,2496221,2704169,2496145,1961256,1307504,735471,346104,134596,42504,10626,2024,276,24,1
TOP4 rank=1 n=26 alpha=23 k=11 q=15 num=283265305870 den=1874423857216 par=0,1,2,2,2,2,2,2,2,1,10,10,10,10,10,10,10,1,1,1,1,1,1,1,1,1 poly=1,26,300,2111,10375,38374,111811,264302,516710,845969,1168957,1369096,1361178,1147797,818324,490555,245189,100949,33649,8855,1771,253,23,1
TOP4 rank=2 n=26 alpha=23 k=11 q=15 num=292523612889 den=1935423528025 par=0,1,2,2,2,2,2,2,2,2,2,2,2,2,1,15,15,15,15,15,1,21,21,21,21,21 poly=1,26,300,2111,10421,38859,114080,270913,530254,866647,1193191,1391195,1376896,1156454,821951,491674,245429,100981,33651,8855,1771,253,23,1
TOP4 rank=3 n=26 alpha=23 k=11 q=15 num=287839161924 den=1903930828900 par=0,1,2,2,2,2,2,2,2,1,10,10,10,10,10,10,1,1,1,1,1,1,1,1,1,1 poly=1,26,300,2115,10426,38684,113000,267509,523128,855777,1180576,1379830,1368901,1152087,820131,491114,245309,100965,33650,8855,1771,253,23,1
TOP4 rank=4 n=26 alpha=23 k=11 q=15 num=288022761976 den=1903296160000 par=0,1,2,3,3,3,3,3,3,3,3,3,3,3,1,15,16,16,16,16,16,16,1,1,1,1 poly=1,26,300,2104,10336,38368,112311,266471,521995,854865,1180036,1379600,1368834,1152075,820130,491114,245309,100965,33650,8855,1771,253,23,1
TOP4 rank=5 n=26 alpha=23 k=11 q=15 num=288022761976 den=1903296160000 par=0,1,2,3,3,3,3,3,3,3,3,3,3,3,1,15,16,16,16,16,16,1,1,1,1,1 poly=1,26,300,2104,10335,38364,112305,266467,521994,854865,1180036,1379600,1368834,1152075,820130,491114,245309,100965,33650,8855,1771,253,23,1
TOP4 rank=6 n=26 alpha=23 k=11 q=15 num=288074659241 den=1903171998025 par=0,1,2,3,3,3,3,3,3,1,10,11,11,11,11,11,1,1,1,1,1,1,1,1,1,1 poly=1,26,300,2104,10330,38329,112195,266262,521743,854655,1179916,1379555,1368824,1152074,820130,491114,245309,100965,33650,8855,1771,253,23,1
TOP4 rank=7 n=26 alpha=23 k=12 q=15 num=295291857186 den=1949776566336 par=0,1,2,3,3,3,3,3,2,2,2,2,2,2,2,2,2,2,2,2,1,21,21,21,21,21 poly=1,26,300,2122,10547,39529,116455,277100,542630,886095,1217501,1415505,1396344,1168830,828139,494054,246109,101117,33668,8856,1771,253,23,1
TOP4 rank=8 n=26 alpha=23 k=12 q=15 num=303693291096 den=2005089984144 par=0,1,2,3,3,3,3,3,2,2,2,2,2,2,2,2,2,2,2,2,2,1,22,22,22,22 poly=1,26,300,2131,10659,40191,118929,283657,555714,906431,1242594,1440309,1416012,1181272,834339,496435,246789,101253,33685,8857,1771,253,23,1
TOP4 rank=9 n=26 alpha=23 k=12 q=15 num=303693291096 den=2005089984144 par=0,1,2,3,3,3,3,1,8,9,9,9,9,1,1,1,1,1,1,1,1,1,1,1,1,1 poly=1,26,300,2127,10633,40133,118856,283600,555686,906423,1242593,1440309,1416012,1181272,834339,496435,246789,101253,33685,8857,1771,253,23,1
TOP4 rank=10 n=26 alpha=23 k=11 q=15 num=283542435371 den=1871864521921 par=0,1,2,3,3,3,3,3,3,1,10,11,11,11,11,11,11,1,1,1,1,1,1,1,1,1 poly=1,26,300,2099,10261,37908,110631,262235,514072,843461,1167175,1368161,1360826,1147707,818310,490554,245189,100949,33649,8855,1771,253,23,1
TOP4 rank=11 n=26 alpha=23 k=12 q=15 num=295372774531 den=1949595045841 par=0,1,2,2,2,2,2,2,2,2,2,2,2,2,1,15,15,15,15,15,15,1,1,1,1,1 poly=1,26,300,2120,10526,39429,116170,276560,541916,885423,1217051,1415295,1396279,1168818,828138,494054,246109,101117,33668,8856,1771,253,23,1
VDMIN_FLOAT n=26 value=0.739026299005 k=9 alpha=14 q=9 lambda=1.49562503786 V=2.30086888732 delta=0.321194442273 par=0,1,2,3,2,5,2,7,2,9,2,11,2,13,1,15,16,15,18,15,20,15,22,15,24,1 poly=1,26,300,2050,9311,29784,69092,117478,145663,128742,77239,28460,5042,108,1
PERK n=26 alpha=24 k=6 q=16 num=3398828290 den=18455222500 par=0,1,2,2,2,2,2,2,2,2,2,2,2,2,1,15,15,15,15,15,15,15,15,15,15,15
PERK n=26 alpha=24 k=7 q=16 num=20683141050 den=120749300100 par=0,1,2,2,2,2,2,2,2,2,2,2,2,2,1,15,15,15,15,15,15,15,15,15,15,15
PERK n=26 alpha=24 k=8 q=16 num=87995339289 den=542569247649 par=0,1,2,2,2,2,2,2,2,2,2,2,2,2,1,15,15,15,15,15,15,15,15,15,15,15
PERK n=26 alpha=24 k=9 q=16 num=266443047013 den=1711293050896 par=0,1,2,2,2,2,2,2,2,2,2,2,2,2,1,15,15,15,15,15,15,15,15,15,15,15
PERK n=26 alpha=24 k=10 q=16 num=582137415717 den=3847603863961 par=0,1,2,2,2,2,2,2,2,2,2,2,2,2,1,15,15,15,15,15,15,15,15,15,15,15
PERK n=26 alpha=24 k=11 q=16 num=926807958102 den=6231119280841 par=0,1,2,2,2,2,2,2,2,2,2,2,2,2,1,15,15,15,15,15,15,15,15,15,15,15
PERK n=26 alpha=24 k=12 q=16 num=1081600412516 den=7312529980561 par=0,1,2,2,2,2,2,2,2,2,2,2,2,2,1,15,15,15,15,15,15,15,15,15,15,15
PERK n=26 alpha=24 k=13 q=16 num=927172184761 den=6230739861025 par=0,1,2,2,2,2,2,2,2,2,2,2,2,2,1,15,15,15,15,15,15,15,15,15,15,15
PERK n=26 alpha=24 k=14 q=16 num=582805525456 den=3846525097536 par=0,1,2,2,2,2,2,2,2,2,2,2,2,2,1,15,15,15,15,15,15,15,15,15,15,15
PERK n=26 alpha=24 k=15 q=16 num=267119798440 den=1709566710016 par=0,1,2,2,2,2,2,2,2,2,2,2,2,2,1,15,15,15,15,15,15,15,15,15,15,15
PERK n=26 alpha=24 k=16 q=16 num=88385227425 den=540917591841 par=0,1,2,2,2,2,2,2,2,2,2,2,2,2,1,15,15,15,15,15,15,15,15,15,15,15
PERALPHA n=26 alpha=13 k=7 q=9 num=4181436455 den=16455501841 par=0,1,2,3,2,5,2,7,2,9,2,11,2,13,1,15,16,15,18,15,20,15,22,15,24,15
PERALPHA n=26 alpha=14 k=7 q=9 num=4847666512 den=20308530064 par=0,1,2,3,2,5,2,7,2,9,2,11,2,13,1,15,16,15,18,15,20,15,22,15,15,15
PERALPHA n=26 alpha=15 k=8 q=10 num=12292015707 den=54649347984 par=0,1,2,3,3,3,3,3,1,9,1,11,1,13,1,15,1,17,1,19,1,21,1,23,1,25
PERALPHA n=26 alpha=16 k=8 q=11 num=15967533873 den=75003133689 par=0,1,2,3,3,3,3,3,3,3,1,11,12,11,14,11,16,11,18,11,20,11,22,11,24,11
PERALPHA n=26 alpha=17 k=9 q=11 num=18101140255 den=90480038401 par=0,1,2,3,2,5,2,7,2,9,2,11,2,1,14,15,14,14,14,14,1,21,21,21,21,21
PERALPHA n=26 alpha=18 k=10 q=12 num=11463504406 den=60673542400 par=0,1,2,3,4,3,3,3,2,9,10,9,9,9,2,15,15,15,15,1,20,21,22,1,1,1
PERALPHA n=26 alpha=19 k=10 q=13 num=15111273310 den=85395450625 par=0,1,2,3,4,4,4,4,3,9,9,9,9,3,14,14,14,14,2,2,2,1,22,23,22,25
PERALPHA n=26 alpha=20 k=11 q=13 num=7767132712 den=46414824481 par=0,1,2,3,3,3,2,7,7,7,1,11,12,12,12,11,16,16,16,1,20,21,21,21,1,1
PERALPHA n=26 alpha=21 k=11 q=14 num=24685499384 den=155213936784 par=0,1,2,3,3,3,3,1,8,9,9,9,9,1,14,15,15,15,15,1,20,21,21,21,21,1
PERALPHA n=26 alpha=22 k=11 q=15 num=83873995578 den=544126047201 par=0,1,2,3,3,3,3,3,3,2,2,2,2,2,1,15,15,15,15,15,1,21,21,21,21,21
PERALPHA n=26 alpha=23 k=11 q=15 num=283265305870 den=1874423857216 par=0,1,2,2,2,2,2,2,2,1,10,10,10,10,10,10,10,1,1,1,1,1,1,1,1,1
PERALPHA n=26 alpha=24 k=12 q=16 num=1081600412516 den=7312529980561 par=0,1,2,2,2,2,2,2,2,2,2,2,2,2,1,15,15,15,15,15,15,15,15,15,15,15
TOPQ n=26 alpha=24 k=16 q=16 num=88385227425 den=540917591841 par=0,1,2,2,2,2,2,2,2,2,2,2,2,2,1,15,15,15,15,15,15,15,15,15,15,15
NEWTON n=26 alpha=19 k=13 q=13 num=51116352140 den=54306957620 par=0,1,2,3,4,4,4,2,2,1,10,11,10,10,1,15,15,15,1,19,19,19,1,23,23,23
NEWTONFAIL_DIST n=26 q_minus_k=0 trees=214079
NEWTONFAIL_DIST n=26 q_minus_k=1 trees=102966
NEWTONFAIL_DIST n=26 q_minus_k=2 trees=48529
NEWTONFAIL_DIST n=26 q_minus_k=3 trees=20251
NEWTONFAIL_DIST n=26 q_minus_k=4 trees=5857
NEWTONFAIL_DIST n=26 q_minus_k=5 trees=2030
NEWTONFAIL_DIST n=26 q_minus_k=6 trees=776
NEWTONFAIL_DIST n=26 q_minus_k=7 trees=300
NEWTONFAIL_DIST n=26 q_minus_k=8 trees=157
NEWTONFAIL_DIST n=26 q_minus_k=9 trees=74
NEWTONFAIL_DIST n=26 q_minus_k=10 trees=1
VDBIN_FLOAT n=26 bin_lo=0 value=0.749620190324 k=9 alpha=13 q=9 lambda=2.0729618691 V=1.9941763076 delta=0.375904671751 par=0,1,2,3,4,5,6,7,8,9,10,11,12,11,14,1,16,17,18,19,20,21,22,23,24,25
VDBIN_FLOAT n=26 bin_lo=2 value=0.739026299005 k=9 alpha=14 q=9 lambda=1.49562503786 V=2.30086888732 delta=0.321194442273 par=0,1,2,3,2,5,2,7,2,9,2,11,2,13,1,15,16,15,18,15,20,15,22,15,24,1
VDBIN_FLOAT n=26 bin_lo=4 value=0.812549403131 k=12 alpha=18 q=12 lambda=2.29380040067 V=4.01175987587 delta=0.20254188393 par=0,1,2,3,4,4,3,7,7,2,10,11,11,2,1,15,16,17,15,15,1,21,21,1,24,24
QBIN_FLOAT n=26 bin_lo=0 Q=0.325943927613 k=9 alpha=13 q=9 lambda=2.0729618691 V=1.9941763076 delta=0.375904671751 par=0,1,2,3,4,5,6,7,8,9,10,11,12,11,14,1,16,17,18,19,20,21,22,23,24,25
QBIN_FLOAT n=26 bin_lo=2 Q=0.309070917333 k=9 alpha=14 q=9 lambda=1.49562503786 V=2.30086888732 delta=0.321194442273 par=0,1,2,3,2,5,2,7,2,9,2,11,2,13,1,15,16,15,18,15,20,15,22,15,24,1
QBIN_FLOAT n=26 bin_lo=4 Q=0.333660252416 k=12 alpha=18 q=12 lambda=2.29380040067 V=4.01175987587 delta=0.20254188393 par=0,1,2,3,4,4,3,7,7,2,10,11,11,2,1,15,16,17,15,15,1,21,21,1,24,24
QNONPOS_TREES n=26 count=0
STATS n=26 trees=55834759 viol5=0 viol4=0 zero5=0 zero4=0 nonunimodal=0 sampled=0 newton_fail_trees=395020
