TOP5 rank=0 n=26 alpha=25 k=12 q=17 num=3863302870000 den=27043120090000 par=0,1,1,1,1,1,1,1,1,1,1,1,1,1,1,1,1,1,1,1,1,1,1,1,1,1 poly=1,26,300,2300,12650,53130,177100,480700,1081575,2042975,3268760,4457400,5200300,5200300,4457400,3268760,2042975,1081575,480700,177100,53130,12650,2300,300,25,1
TOP5 rank=1 n=26 alpha=24 k=12 q=16 num=1081520120104 den=7312589472400 par=0,1,2,2,2,2,2,2,2,2,2,2,2,2,1,1,1,1,1,1,1,1,1,1,1,1 poly=1,26,300,2156,11066,43494,136180,347952,737055,1308494,1961696,2496276,2704180,2496146,1961256,1307504,735471,346104,134596,42504,10626,2024,276,24,1
TOP5 rank=2 n=26 alpha=23 k=11 q=15 num=292461913462 den=1935145299025 par=0,1,2,2,2,2,2,2,1,9,9,9,9,9,9,1,1,1,1,1,1,1,1,1,1,1 poly=1,26,300,2120,10490,39069,114445,271295,530464,866635,1193071,1391095,1376853,1156444,821950,491674,245429,100981,33651,8855,1771,253,23,1
TOP5 rank=3 n=26 alpha=23 k=11 q=15 num=282064618472 den=1866207352464 par=0,1,2,2,2,2,2,2,2,2,1,11,11,11,11,11,11,11,1,1,1,1,1,1,1,1 poly=1,26,300,2109,10353,38255,111391,263231,514652,842938,1165517,1366092,1359176,1146796,817960,490464,245175,100948,33649,8855,1771,253,23,1
TOP5 rank=4 n=26 alpha=23 k=11 q=15 num=282065977648 den=1866207352464 par=0,1,2,2,2,2,2,2,2,2,1,11,11,11,11,11,11,11,11,1,1,1,1,1,1,1 poly=1,26,300,2108,10346,38234,111356,263196,514631,842931,1165516,1366092,1359176,1146796,817960,490464,245175,100948,33649,8855,1771,253,23,1
TOP5 rank=5 n=26 alpha=23 k=11 q=15 num=292584528799 den=1934964460900 par=0,1,2,3,3,3,3,3,1,9,10,10,10,10,10,1,1,1,1,1,1,1,1,1,1,1 poly=1,26,300,2110,10410,38804,113915,270583,529792,866185,1192861,1391030,1376841,1156443,821950,491674,245429,100981,33651,8855,1771,253,23,1
TOP5 rank=6 n=26 alpha=23 k=11 q=15 num=292636486454 den=1934839270225 par=0,1,2,3,3,3,3,3,3,3,3,3,3,3,1,15,15,15,15,15,15,1,1,1,1,1 poly=1,26,300,2109,10405,38769,113805,270378,529541,865975,1192741,1390985,1376831,1156442,821950,491674,245429,100981,33651,8855,1771,253,23,1
TOP5 rank=7 n=26 alpha=23 k=11 q=15 num=286284963225 den=1892085531961 par=0,1,2,2,2,2,2,2,2,2,1,11,11,11,11,11,11,1,1,1,1,1,1,1,1,1 poly=1,26,300,2112,10390,38479,112266,265667,519713,850974,1175392,1375531,1366183,1150800,819689,491010,245294,100964,33650,8855,1771,253,23,1
TOP5 rank=8 n=26 alpha=23 k=12 q=15 num=295282961575 den=1949779359025 par=0,1,2,2,2,2,2,2,1,9,9,9,9,9,1,1,1,1,1,1,1,1,1,1,1,1 poly=1,26,300,2127,10582,39639,116660,277351,542840,886215,1217546,1415515,1396345,1168830,828139,494054,246109,101117,33668,8856,1771,253,23,1
TOP5 rank=9 n=26 alpha=23 k=12 q=15 num=295293026016 den=1949776566336 par=0,1,2,3,3,3,3,3,1,9,10,10,10,10,1,1,1,1,1,1,1,1,1,1,1,1 poly=1,26,300,2118,10517,39449,116330,276974,542546,886059,1217492,1415504,1396344,1168830,828139,494054,246109,101117,33668,8856,1771,253,23,1
TOP5 rank=10 n=26 alpha=23 k=11 q=15 num=283516905403 den=1871889148900 par=0,1,2,3,3,3,3,3,3,3,3,3,3,1,14,15,15,15,15,15,15,1,1,1,1,1 poly=1,26,300,2099,10265,37934,110705,262356,514197,843545,1167211,1368170,1360827,1147707,818310,490554,245189,100949,33649,8855,1771,253,23,1
TOP5 rank=11 n=26 alpha=23 k=12 q=15 num=303692109824 den=2005089984144 par=0,1,2,2,2,2,2,1,8,8,8,8,8,1,1,1,1,1,1,1,1,1,1,1,1,1 poly=1,26,300,2135,10685,40265,119050,283782,555798,906467,1242603,1440310,1416012,1181272,834339,496435,246789,101253,33685,8857,1771,253,23,1
TOP4 rank=0 n=26 alpha=25 k=12 q=17 num=3863302870000 den=27043120090000 par=0,1,1,1,1,1,1,1,1,1,1,1,1,1,1,1,1,1,1,1,1,1,1,1,1,1 poly=1,26,300,2300,12650,53130,177100,480700,1081575,2042975,3268760,4457400,5200300,5200300,4457400,3268760,2042975,1081575,480700,177100,53130,12650,2300,300,25,1
TOP4 rank=1 n=26 alpha=24 k=12 q=16 num=1081520120104 den=7312589472400 par=0,1,2,2,2,2,2,2,2,2,2,2,2,2,1,1,1,1,1,1,1,1,1,1,1,1 poly=1,26,300,2156,11066,43494,136180,347952,737055,1308494,1961696,2496276,2704180,2496146,1961256,1307504,735471,346104,134596,42504,10626,2024,276,24,1
TOP4 rank=2 n=26 alpha=23 k=11 q=15 num=292461913462 den=1935145299025 par=0,1,2,2,2,2,2,2,1,9,9,9,9,9,9,1,1,1,1,1,1,1,1,1,1,1 poly=1,26,300,2120,10490,39069,114445,271295,530464,866635,1193071,1391095,1376853,1156444,821950,491674,245429,100981,33651,8855,1771,253,23,1
TOP4 rank=3 n=26 alpha=23 k=11 q=15 num=282064618472 den=1866207352464 par=0,1,2,2,2,2,2,2,2,2,1,11,11,11,11,11,11,11,1,1,1,1,1,1,1,1 poly=1,26,300,2109,10353,38255,111391,263231,514652,842938,1165517,1366092,1359176,1146796,817960,490464,245175,100948,33649,8855,1771,253,23,1
TOP4 rank=4 n=26 alpha=23 k=11 q=15 num=282065977648 den=1866207352464 par=0,1,2,2,2,2,2,2,2,2,1,11,11,11,11,11,11,11,11,1,1,1,1,1,1,1 poly=1,26,300,2108,10346,38234,111356,263196,514631,842931,1165516,1366092,1359176,1146796,817960,490464,245175,100948,33649,8855,1771,253,23,1
TOP4 rank=5 n=26 alpha=23 k=11 q=15 num=292584528799 den=1934964460900 par=0,1,2,3,3,3,3,3,1,9,10,10,10,10,10,1,1,1,1,1,1,1,1,1,1,1 poly=1,26,300,2110,10410,38804,113915,270583,529792,866185,1192861,1391030,1376841,1156443,821950,491674,245429,100981,33651,8855,1771,253,23,1
TOP4 rank=6 n=26 alpha=23 k=11 q=15 num=292636486454 den=1934839270225 par=0,1,2,3,3,3,3,3,3,3,3,3,3,3,1,15,15,15,15,15,15,1,1,1,1,1 poly=1,26,300,2109,10405,38769,113805,270378,529541,865975,1192741,1390985,1376831,1156442,821950,491674,245429,100981,33651,8855,1771,253,23,1
TOP4 rank=7 n=26 alpha=23 k=11 q=15 num=286284963225 den=1892085531961 par=0,1,2,2,2,2,2,2,2,2,1,11,11,11,11,11,11,1,1,1,1,1,1,1,1,1 poly=1,26,300,2112,10390,38479,112266,265667,519713,850974,1175392,1375531,1366183,1150800,819689,491010,245294,100964,33650,8855,1771,253,23,1
TOP4 rank=8 n=26 alpha=23 k=12 q=15 num=295282961575 den=1949779359025 par=0,1,2,2,2,2,2,2,1,9,9,9,9,9,1,1,1,1,1,1,1,1,1,1,1,1 poly=1,26,300,2127,10582,39639,116660,277351,542840,886215,1217546,1415515,1396345,1168830,828139,494054,246109,101117,33668,8856,1771,253,23,1
TOP4 rank=9 n=26 alpha=23 k=12 q=15 num=295293026016 den=1949776566336 par=0,1,2,3,3,3,3,3,1,9,10,10,10,10,1,1,1,1,1,1,1,1,1,1,1,1 poly=1,26,300,2118,10517,39449,116330,276974,542546,886059,1217492,1415504,1396344,1168830,828139,494054,246109,101117,33668,8856,1771,253,23,1
TOP4 rank=10 n=26 alpha=23 k=11 q=15 num=283516905403 den=1871889148900 par=0,1,2,3,3,3,3,3,3,3,3,3,3,1,14,15,15,15,15,15,15,1,1,1,1,1 poly=1,26,300,2099,10265,37934,110705,262356,514197,843545,1167211,1368170,1360827,1147707,818310,490554,245189,100949,33649,8855,1771,253,23,1
TOP4 rank=11 n=26 alpha=23 k=12 q=15 num=303692109824 den=2005089984144 par=0,1,2,2,2,2,2,1,8,8,8,8,8,1,1,1,1,1,1,1,1,1,1,1,1,1 poly=1,26,300,2135,10685,40265,119050,283782,555798,906467,1242603,1440310,1416012,1181272,834339,496435,246789,101253,33685,8857,1771,253,23,1
VDMIN_FLOAT n=26 value=0.740192818433 k=9 alpha=13 q=9 lambda=1.49015082002 V=2.3061186707 delta=0.320969093151 par=0,1,2,3,2,5,2,7,2,9,2,11,2,13,1,15,1,17,1,19,1,21,1,23,1,25 poly=1,26,300,2054,9360,30054,69972,119354,148392,131480,79104,29280,5248,128
PERK n=26 alpha=24 k=6 q=16 num=3411168112 den=18544992400 par=0,1,2,2,2,2,2,2,2,2,2,2,2,2,1,1,1,1,1,1,1,1,1,1,1,1
PERK n=26 alpha=24 k=7 q=16 num=20698444404 den=121070594304 par=0,1,2,2,2,2,2,2,2,2,2,2,2,2,1,1,1,1,1,1,1,1,1,1,1,1
PERK n=26 alpha=25 k=8 q=17 num=187746398125 den=1169804480625 par=0,1,1,1,1,1,1,1,1,1,1,1,1,1,1,1,1,1,1,1,1,1,1,1,1,1
PERK n=26 alpha=25 k=9 q=17 num=638337753625 den=4173746850625 par=0,1,1,1,1,1,1,1,1,1,1,1,1,1,1,1,1,1,1,1,1,1,1,1,1,1
PERK n=26 alpha=25 k=10 q=17 num=1578435172600 den=10684791937600 par=0,1,1,1,1,1,1,1,1,1,1,1,1,1,1,1,1,1,1,1,1,1,1,1,1,1
PERK n=26 alpha=25 k=11 q=17 num=2869882132000 den=19868414760000 par=0,1,1,1,1,1,1,1,1,1,1,1,1,1,1,1,1,1,1,1,1,1,1,1,1,1
PERK n=26 alpha=25 k=12 q=17 num=3863302870000 den=27043120090000 par=0,1,1,1,1,1,1,1,1,1,1,1,1,1,1,1,1,1,1,1,1,1,1,1,1,1
PERK n=26 alpha=25 k=13 q=17 num=3863302870000 den=27043120090000 par=0,1,1,1,1,1,1,1,1,1,1,1,1,1,1,1,1,1,1,1,1,1,1,1,1,1
PERK n=26 alpha=25 k=14 q=17 num=2869882132000 den=19868414760000 par=0,1,1,1,1,1,1,1,1,1,1,1,1,1,1,1,1,1,1,1,1,1,1,1,1,1
PERK n=26 alpha=25 k=15 q=17 num=1578435172600 den=10684791937600 par=0,1,1,1,1,1,1,1,1,1,1,1,1,1,1,1,1,1,1,1,1,1,1,1,1,1
PERK n=26 alpha=25 k=16 q=17 num=638337753625 den=4173746850625 par=0,1,1,1,1,1,1,1,1,1,1,1,1,1,1,1,1,1,1,1,1,1,1,1,1,1
PERK n=26 alpha=25 k=17 q=17 num=187746398125 den=1169804480625 par=0,1,1,1,1,1,1,1,1,1,1,1,1,1,1,1,1,1,1,1,1,1,1,1,1,1
PERALPHA n=26 alpha=13 k=6 q=9 num=1821396060 den=7271313984 par=0,1,2,1,4,1,6,1,8,1,10,1,12,1,14,1,16,1,18,1,20,1,22,1,24,1
PERALPHA n=26 alpha=14 k=7 q=9 num=7804113768 den=32774757444 par=0,1,2,1,4,1,6,1,8,1,10,1,12,1,14,1,16,1,18,1,20,1,22,1,1,1
PERALPHA n=26 alpha=15 k=8 q=10 num=10578652859 den=46657296009 par=0,1,2,3,4,3,3,3,3,3,1,11,12,11,1,15,1,17,1,19,1,21,1,23,1,25
PERALPHA n=26 alpha=16 k=8 q=11 num=9694232952 den=45546389056 par=0,1,2,3,4,4,4,4,4,2,10,2,12,2,2,1,16,17,16,19,16,21,16,23,16,25
PERALPHA n=26 alpha=17 k=9 q=11 num=18195319001 den=91159309476 par=0,1,2,3,3,3,3,3,2,9,9,9,9,9,1,15,1,17,1,19,1,21,1,23,1,25
PERALPHA n=26 alpha=18 k=10 q=12 num=14407076532 den=76453356004 par=0,1,2,3,4,4,4,4,3,9,9,9,9,2,2,2,1,17,18,17,20,17,22,17,24,17
PERALPHA n=26 alpha=19 k=10 q=13 num=15105420568 den=85197436996 par=0,1,2,3,4,5,5,5,5,3,3,3,2,13,13,13,13,1,18,19,20,19,22,1,1,1
PERALPHA n=26 alpha=20 k=11 q=13 num=7915648289 den=47348889604 par=0,1,2,3,3,3,2,7,7,7,2,11,11,11,2,15,15,15,1,19,20,20,20,1,1,1
PERALPHA n=26 alpha=21 k=11 q=14 num=24690079855 den=155342398225 par=0,1,2,3,4,4,4,4,3,9,9,9,9,2,2,2,1,17,18,19,19,19,19,17,17,17
PERALPHA n=26 alpha=22 k=11 q=15 num=83894236263 den=544059660816 par=0,1,2,3,3,3,3,3,1,9,10,10,10,10,10,1,16,16,16,16,16,16,1,1,1,1
PERALPHA n=26 alpha=23 k=11 q=15 num=292461913462 den=1935145299025 par=0,1,2,2,2,2,2,2,1,9,9,9,9,9,9,1,1,1,1,1,1,1,1,1,1,1
PERALPHA n=26 alpha=24 k=12 q=16 num=1081520120104 den=7312589472400 par=0,1,2,2,2,2,2,2,2,2,2,2,2,2,1,1,1,1,1,1,1,1,1,1,1,1
PERALPHA n=26 alpha=25 k=12 q=17 num=3863302870000 den=27043120090000 par=0,1,1,1,1,1,1,1,1,1,1,1,1,1,1,1,1,1,1,1,1,1,1,1,1,1
TOPQ n=26 alpha=25 k=17 q=17 num=187746398125 den=1169804480625 par=0,1,1,1,1,1,1,1,1,1,1,1,1,1,1,1,1,1,1,1,1,1,1,1,1,1
NEWTON n=26 alpha=19 k=13 q=13 num=51106168078 den=54582441620 par=0,1,2,3,3,3,2,7,7,7,2,11,11,11,2,15,15,15,2,19,19,19,1,23,1,1
NEWTONFAIL_DIST n=26 q_minus_k=0 trees=233480
NEWTONFAIL_DIST n=26 q_minus_k=1 trees=111280
NEWTONFAIL_DIST n=26 q_minus_k=2 trees=50730
NEWTONFAIL_DIST n=26 q_minus_k=3 trees=20654
NEWTONFAIL_DIST n=26 q_minus_k=4 trees=6169
NEWTONFAIL_DIST n=26 q_minus_k=5 trees=2172
NEWTONFAIL_DIST n=26 q_minus_k=6 trees=1013
NEWTONFAIL_DIST n=26 q_minus_k=7 trees=484
NEWTONFAIL_DIST n=26 q_minus_k=8 trees=283
NEWTONFAIL_DIST n=26 q_minus_k=9 trees=136
NEWTONFAIL_DIST n=26 q_minus_k=10 trees=1
VDBIN_FLOAT n=26 bin_lo=0 value=0.751976311818 k=9 alpha=13 q=9 lambda=2.11387117512 V=1.98839890144 delta=0.378181818182 par=0,1,2,3,4,5,6,7,8,9,10,11,12,13,1,15,16,17,18,19,20,21,22,23,24,25
VDBIN_FLOAT n=26 bin_lo=2 value=0.740192818433 k=9 alpha=13 q=9 lambda=1.49015082002 V=2.3061186707 delta=0.320969093151 par=0,1,2,3,2,5,2,7,2,9,2,11,2,13,1,15,1,17,1,19,1,21,1,23,1,25
VDBIN_FLOAT n=26 bin_lo=4 value=0.813047717594 k=12 alpha=18 q=12 lambda=2.296228398 V=4.00533420054 delta=0.202991230416 par=0,1,2,3,3,3,2,7,7,2,10,10,1,13,14,14,13,17,17,1,20,21,21,1,24,25
QBIN_FLOAT n=26 bin_lo=0 Q=0.327882883639 k=9 alpha=13 q=9 lambda=2.11387117512 V=1.98839890144 delta=0.378181818182 par=0,1,2,3,4,5,6,7,8,9,10,11,12,13,1,15,16,17,18,19,20,21,22,23,24,25
QBIN_FLOAT n=26 bin_lo=2 Q=0.309758779509 k=9 alpha=13 q=9 lambda=1.49015082002 V=2.3061186707 delta=0.320969093151 par=0,1,2,3,2,5,2,7,2,9,2,11,2,13,1,15,1,17,1,19,1,21,1,23,1,25
QBIN_FLOAT n=26 bin_lo=4 Q=0.333712052266 k=13 alpha=19 q=13 lambda=2.4013123207 V=4.26876832631 delta=0.191400618635 par=0,1,2,2,2,1,6,6,6,1,10,10,10,1,14,14,14,1,18,18,1,21,21,1,24,24
QNONPOS_TREES n=26 count=0
STATS n=26 trees=56240769 viol5=0 viol4=0 zero5=0 zero4=0 nonunimodal=0 sampled=0 newton_fail_trees=426402
