TOP5 rank=0 n=26 alpha=24 k=12 q=16 num=1098474681784 den=7485586560400 par=0,1,2,2,2,2,2,2,2,2,2,2,2,2,2,2,2,2,2,2,1,21,21,21,21,21 poly=1,26,300,2187,11452,45569,143165,364668,767295,1351262,2009876,2539902,2735980,2514708,1969824,1310564,736287,346257,134614,42505,10626,2024,276,24,1
TOP5 rank=1 n=26 alpha=24 k=12 q=16 num=1098474681784 den=7485586560400 par=0,1,2,2,2,2,2,2,2,2,2,2,2,2,2,2,2,2,2,2,1,1,1,1,1,1 poly=1,26,300,2192,11462,45579,143170,364669,767295,1351262,2009876,2539902,2735980,2514708,1969824,1310564,736287,346257,134614,42505,10626,2024,276,24,1
TOP5 rank=2 n=26 alpha=24 k=12 q=16 num=1135189242940 den=7726943348644 par=0,1,2,2,2,2,2,2,2,2,2,2,2,2,2,2,2,2,2,2,2,1,22,22,22,22 poly=1,26,300,2201,11599,46381,146224,373236,785859,1383086,2053634,2588522,2779738,2546532,1988388,1319132,739347,347073,134767,42523,10627,2024,276,24,1
TOP5 rank=3 n=26 alpha=24 k=12 q=16 num=1135189242940 den=7726943348644 par=0,1,2,2,2,2,2,2,2,2,2,2,2,2,2,2,2,2,2,2,2,1,1,1,1,1 poly=1,26,300,2205,11605,46385,146225,373236,785859,1383086,2053634,2588522,2779738,2546532,1988388,1319132,739347,347073,134767,42523,10627,2024,276,24,1
TOP5 rank=4 n=26 alpha=24 k=12 q=16 num=1084699746480 den=7379546107024 par=0,1,2,2,2,2,2,2,2,2,2,2,2,2,2,2,2,2,2,1,20,20,20,20,20,20 poly=1,26,300,2175,11326,44899,140790,358481,754919,1331814,1985566,2515592,2716532,2502332,1963636,1308184,735607,346121,134597,42504,10626,2024,276,24,1
TOP5 rank=5 n=26 alpha=24 k=12 q=16 num=1084699746480 den=7379546107024 par=0,1,2,2,2,2,2,2,2,2,2,2,2,2,2,2,2,2,2,1,1,1,1,1,1,1 poly=1,26,300,2181,11341,44919,140805,358487,754920,1331814,1985566,2515592,2716532,2502332,1963636,1308184,735607,346121,134597,42504,10626,2024,276,24,1
TOP5 rank=6 n=26 alpha=24 k=12 q=16 num=1080820712048 den=7336102258576 par=0,1,2,2,2,2,2,2,2,2,2,2,2,2,2,2,2,2,1,19,19,19,19,19,19,19 poly=1,26,300,2165,11221,44359,138985,354119,746912,1320374,1972696,2504152,2708524,2497964,1961816,1307624,735487,346105,134596,42504,10626,2024,276,24,1
TOP5 rank=7 n=26 alpha=24 k=12 q=16 num=1080820712048 den=7336102258576 par=0,1,2,2,2,2,2,2,2,2,2,2,2,2,2,2,2,2,1,1,1,1,1,1,1,1 poly=1,26,300,2172,11242,44394,139020,354140,746919,1320375,1972696,2504152,2708524,2497964,1961816,1307624,735487,346105,134596,42504,10626,2024,276,24,1
TOP5 rank=8 n=26 alpha=24 k=12 q=16 num=1080475980388 den=7319843881441 par=0,1,2,2,2,2,2,2,2,2,2,2,2,2,2,2,2,1,18,18,18,18,18,18,18,18 poly=1,26,300,2157,11137,43939,137655,351137,741914,1313940,1966261,2499147,2705521,2496599,1961361,1307519,735472,346104,134596,42504,10626,2024,276,24,1
TOP5 rank=9 n=26 alpha=24 k=12 q=16 num=1080475980388 den=7319843881441 par=0,1,2,2,2,2,2,2,2,2,2,2,2,2,2,2,2,1,1,1,1,1,1,1,1,1 poly=1,26,300,2165,11165,43995,137725,351193,741942,1313948,1966262,2499147,2705521,2496599,1961361,1307519,735472,346104,134596,42504,10626,2024,276,24,1
TOP5 rank=10 n=26 alpha=24 k=12 q=16 num=1080965185090 den=7314428430400 par=0,1,2,2,2,2,2,2,2,2,2,2,2,2,2,2,1,1,1,1,1,1,1,1,1,1 poly=1,26,300,2160,11110,43715,136850,349317,739023,1310552,1963268,2497146,2704520,2496235,1961270,1307505,735471,346104,134596,42504,10626,2024,276,24,1
TOP5 rank=11 n=26 alpha=24 k=12 q=16 num=1080967681325 den=7314428430400 par=0,1,2,2,2,2,2,2,2,2,2,2,2,2,2,2,1,17,17,17,17,17,17,17,17,17 poly=1,26,300,2151,11074,43631,136724,349191,738939,1310516,1963259,2497145,2704520,2496235,1961270,1307505,735471,346104,134596,42504,10626,2024,276,24,1
TOP4 rank=0 n=26 alpha=24 k=12 q=16 num=1098474681784 den=7485586560400 par=0,1,2,2,2,2,2,2,2,2,2,2,2,2,2,2,2,2,2,2,1,21,21,21,21,21 poly=1,26,300,2187,11452,45569,143165,364668,767295,1351262,2009876,2539902,2735980,2514708,1969824,1310564,736287,346257,134614,42505,10626,2024,276,24,1
TOP4 rank=1 n=26 alpha=24 k=12 q=16 num=1098474681784 den=7485586560400 par=0,1,2,2,2,2,2,2,2,2,2,2,2,2,2,2,2,2,2,2,1,1,1,1,1,1 poly=1,26,300,2192,11462,45579,143170,364669,767295,1351262,2009876,2539902,2735980,2514708,1969824,1310564,736287,346257,134614,42505,10626,2024,276,24,1
TOP4 rank=2 n=26 alpha=24 k=12 q=16 num=1135189242940 den=7726943348644 par=0,1,2,2,2,2,2,2,2,2,2,2,2,2,2,2,2,2,2,2,2,1,22,22,22,22 poly=1,26,300,2201,11599,46381,146224,373236,785859,1383086,2053634,2588522,2779738,2546532,1988388,1319132,739347,347073,134767,42523,10627,2024,276,24,1
TOP4 rank=3 n=26 alpha=24 k=12 q=16 num=1135189242940 den=7726943348644 par=0,1,2,2,2,2,2,2,2,2,2,2,2,2,2,2,2,2,2,2,2,1,1,1,1,1 poly=1,26,300,2205,11605,46385,146225,373236,785859,1383086,2053634,2588522,2779738,2546532,1988388,1319132,739347,347073,134767,42523,10627,2024,276,24,1
TOP4 rank=4 n=26 alpha=24 k=12 q=16 num=1084699746480 den=7379546107024 par=0,1,2,2,2,2,2,2,2,2,2,2,2,2,2,2,2,2,2,1,20,20,20,20,20,20 poly=1,26,300,2175,11326,44899,140790,358481,754919,1331814,1985566,2515592,2716532,2502332,1963636,1308184,735607,346121,134597,42504,10626,2024,276,24,1
TOP4 rank=5 n=26 alpha=24 k=12 q=16 num=1084699746480 den=7379546107024 par=0,1,2,2,2,2,2,2,2,2,2,2,2,2,2,2,2,2,2,1,1,1,1,1,1,1 poly=1,26,300,2181,11341,44919,140805,358487,754920,1331814,1985566,2515592,2716532,2502332,1963636,1308184,735607,346121,134597,42504,10626,2024,276,24,1
TOP4 rank=6 n=26 alpha=24 k=12 q=16 num=1080820712048 den=7336102258576 par=0,1,2,2,2,2,2,2,2,2,2,2,2,2,2,2,2,2,1,19,19,19,19,19,19,19 poly=1,26,300,2165,11221,44359,138985,354119,746912,1320374,1972696,2504152,2708524,2497964,1961816,1307624,735487,346105,134596,42504,10626,2024,276,24,1
TOP4 rank=7 n=26 alpha=24 k=12 q=16 num=1080820712048 den=7336102258576 par=0,1,2,2,2,2,2,2,2,2,2,2,2,2,2,2,2,2,1,1,1,1,1,1,1,1 poly=1,26,300,2172,11242,44394,139020,354140,746919,1320375,1972696,2504152,2708524,2497964,1961816,1307624,735487,346105,134596,42504,10626,2024,276,24,1
TOP4 rank=8 n=26 alpha=24 k=12 q=16 num=1080475980388 den=7319843881441 par=0,1,2,2,2,2,2,2,2,2,2,2,2,2,2,2,2,1,18,18,18,18,18,18,18,18 poly=1,26,300,2157,11137,43939,137655,351137,741914,1313940,1966261,2499147,2705521,2496599,1961361,1307519,735472,346104,134596,42504,10626,2024,276,24,1
TOP4 rank=9 n=26 alpha=24 k=12 q=16 num=1080475980388 den=7319843881441 par=0,1,2,2,2,2,2,2,2,2,2,2,2,2,2,2,2,1,1,1,1,1,1,1,1,1 poly=1,26,300,2165,11165,43995,137725,351193,741942,1313948,1966262,2499147,2705521,2496599,1961361,1307519,735472,346104,134596,42504,10626,2024,276,24,1
TOP4 rank=10 n=26 alpha=24 k=12 q=16 num=1080965185090 den=7314428430400 par=0,1,2,2,2,2,2,2,2,2,2,2,2,2,2,2,1,1,1,1,1,1,1,1,1,1 poly=1,26,300,2160,11110,43715,136850,349317,739023,1310552,1963268,2497146,2704520,2496235,1961270,1307505,735471,346104,134596,42504,10626,2024,276,24,1
TOP4 rank=11 n=26 alpha=24 k=12 q=16 num=1080967681325 den=7314428430400 par=0,1,2,2,2,2,2,2,2,2,2,2,2,2,2,2,1,17,17,17,17,17,17,17,17,17 poly=1,26,300,2151,11074,43631,136724,349191,738939,1310516,1963259,2497145,2704520,2496235,1961270,1307505,735471,346104,134596,42504,10626,2024,276,24,1
VDMIN_FLOAT n=26 value=0.737741313453 k=9 alpha=13 q=9 lambda=1.55595299408 V=2.26442311701 delta=0.325796582763 par=0,1,2,3,4,5,4,7,4,9,4,11,4,13,1,15,16,17,16,19,16,21,16,23,16,25 poly=1,26,300,2044,9215,29104,66282,109992,132300,112720,64749,22660,3765,66
PERK n=26 alpha=24 k=6 q=16 num=3422626207 den=18589959025 par=0,1,2,2,2,2,2,2,2,2,2,2,2,2,2,1,1,1,1,1,1,1,1,1,1,1
PERK n=26 alpha=24 k=7 q=16 num=20743596159 den=121300351524 par=0,1,2,2,2,2,2,2,2,2,2,2,2,2,2,1,1,1,1,1,1,1,1,1,1,1
PERK n=26 alpha=24 k=8 q=16 num=89028591400 den=550477931364 par=0,1,2,2,2,2,2,2,2,2,2,2,2,2,2,2,2,1,1,1,1,1,1,1,1,1
PERK n=26 alpha=24 k=9 q=16 num=269946017001 den=1743390140625 par=0,1,2,2,2,2,2,2,2,2,2,2,2,2,2,2,2,2,1,1,1,1,1,1,1,1
PERK n=26 alpha=24 k=10 q=16 num=592171696468 den=3942472340356 par=0,1,2,2,2,2,2,2,2,2,2,2,2,2,2,2,2,2,2,1,20,20,20,20,20,20
PERK n=26 alpha=24 k=11 q=16 num=952121631124 den=6451102169604 par=0,1,2,2,2,2,2,2,2,2,2,2,2,2,2,2,2,2,2,2,1,21,21,21,21,21
PERK n=26 alpha=24 k=12 q=16 num=1098474681784 den=7485586560400 par=0,1,2,2,2,2,2,2,2,2,2,2,2,2,2,2,2,2,2,2,1,21,21,21,21,21
PERK n=26 alpha=24 k=13 q=16 num=957627544680 den=6484825227024 par=0,1,2,2,2,2,2,2,2,2,2,2,2,2,2,2,2,2,2,2,2,1,22,22,22,22
PERK n=26 alpha=24 k=14 q=16 num=594474988320 den=3953686838544 par=0,1,2,2,2,2,2,2,2,2,2,2,2,2,2,2,2,2,2,2,2,1,22,22,22,22
PERK n=26 alpha=24 k=15 q=16 num=270000530788 den=1740109233424 par=0,1,2,2,2,2,2,2,2,2,2,2,2,2,2,2,2,2,2,2,2,1,22,22,22,22
PERK n=26 alpha=24 k=16 q=16 num=91493446089 den=563963450625 par=0,1,2,2,2,2,2,2,2,2,2,2,2,2,2,2,2,2,2,2,2,2,1,23,23,23
PERALPHA n=26 alpha=13 k=6 q=9 num=1667777148 den=6587270244 par=0,1,2,3,2,5,2,7,2,9,2,11,2,13,2,15,2,17,2,19,2,21,2,1,24,25
PERALPHA n=26 alpha=14 k=7 q=9 num=4801225432 den=20102135524 par=0,1,2,3,2,5,2,7,2,9,2,11,2,13,2,15,1,17,18,17,20,17,22,17,17,17
PERALPHA n=26 alpha=15 k=8 q=10 num=12284234282 den=54613820416 par=0,1,2,3,2,5,2,7,2,9,2,11,2,13,2,15,2,17,1,19,20,19,19,19,19,19
PERALPHA n=26 alpha=16 k=8 q=11 num=16066282401 den=75614000400 par=0,1,2,2,2,2,2,2,2,1,10,1,12,1,14,1,16,1,18,1,20,1,22,1,24,1
PERALPHA n=26 alpha=17 k=9 q=11 num=18173236121 den=91032544656 par=0,1,2,3,4,4,4,4,4,2,2,2,2,1,14,15,14,17,14,19,14,21,14,23,14,25
PERALPHA n=26 alpha=18 k=9 q=12 num=15288051059 den=81051812416 par=0,1,2,3,4,4,4,4,4,3,10,10,10,10,2,2,2,1,18,19,18,21,18,23,18,25
PERALPHA n=26 alpha=19 k=10 q=13 num=22370957091 den=125790099561 par=0,1,2,3,4,4,4,4,2,2,2,1,12,13,12,15,12,17,12,12,12,1,22,22,22,22
PERALPHA n=26 alpha=20 k=11 q=13 num=7950252425 den=47530540225 par=0,1,2,3,3,3,3,2,8,8,8,2,12,12,12,2,16,16,16,1,20,21,21,21,1,1
PERALPHA n=26 alpha=21 k=11 q=14 num=24696778376 den=155998141156 par=0,1,2,2,2,2,1,7,7,7,7,1,12,12,12,12,1,17,17,17,17,1,22,22,22,22
PERALPHA n=26 alpha=22 k=11 q=15 num=86704934271 den=561299141601 par=0,1,2,3,3,3,3,3,3,2,2,2,2,2,1,15,16,16,16,16,16,16,15,15,15,15
PERALPHA n=26 alpha=23 k=11 q=15 num=283274818281 den=1874421119025 par=0,1,2,2,2,2,2,2,2,2,2,1,12,12,12,12,12,12,12,1,1,1,1,1,1,1
PERALPHA n=26 alpha=24 k=12 q=16 num=1098474681784 den=7485586560400 par=0,1,2,2,2,2,2,2,2,2,2,2,2,2,2,2,2,2,2,2,1,21,21,21,21,21
TOPQ n=26 alpha=24 k=16 q=16 num=91493446089 den=563963450625 par=0,1,2,2,2,2,2,2,2,2,2,2,2,2,2,2,2,2,2,2,2,2,1,23,23,23
NEWTON n=26 alpha=19 k=13 q=13 num=23439592960 den=24923212020 par=0,1,2,3,4,4,2,2,1,9,10,11,11,9,9,1,16,16,16,1,20,20,20,1,24,24
NEWTONFAIL_DIST n=26 q_minus_k=0 trees=214555
NEWTONFAIL_DIST n=26 q_minus_k=1 trees=101308
NEWTONFAIL_DIST n=26 q_minus_k=2 trees=46323
NEWTONFAIL_DIST n=26 q_minus_k=3 trees=18761
NEWTONFAIL_DIST n=26 q_minus_k=4 trees=6264
NEWTONFAIL_DIST n=26 q_minus_k=5 trees=2280
NEWTONFAIL_DIST n=26 q_minus_k=6 trees=1269
NEWTONFAIL_DIST n=26 q_minus_k=7 trees=573
NEWTONFAIL_DIST n=26 q_minus_k=8 trees=314
NEWTONFAIL_DIST n=26 q_minus_k=9 trees=160
NEWTONFAIL_DIST n=26 q_minus_k=10 trees=9
VDBIN_FLOAT n=26 bin_lo=2 value=0.737741313453 k=9 alpha=13 q=9 lambda=1.55595299408 V=2.26442311701 delta=0.325796582763 par=0,1,2,3,4,5,4,7,4,9,4,11,4,13,1,15,16,17,16,19,16,21,16,23,16,25
VDBIN_FLOAT n=26 bin_lo=4 value=0.812572038226 k=12 alpha=18 q=12 lambda=2.28934817266 V=4.01708062657 delta=0.202279245493 par=0,1,2,3,4,4,2,7,8,8,2,11,12,12,1,15,16,17,15,15,1,21,21,1,24,24
QBIN_FLOAT n=26 bin_lo=2 Q=0.308561289098 k=9 alpha=13 q=9 lambda=1.49723333297 V=2.29681625119 delta=0.321376539595 par=0,1,2,3,4,3,6,3,8,3,10,3,12,3,14,1,16,17,16,19,16,21,16,23,16,25
QBIN_FLOAT n=26 bin_lo=4 Q=0.333588030693 k=12 alpha=18 q=12 lambda=2.28934817266 V=4.01708062657 delta=0.202279245493 par=0,1,2,3,4,4,2,7,8,8,2,11,12,12,1,15,16,17,15,15,1,21,21,1,24,24
QNONPOS_TREES n=26 count=0
STATS n=26 trees=55338880 viol5=0 viol4=0 zero5=0 zero4=0 nonunimodal=0 sampled=0 newton_fail_trees=391816
