SAMPLE n=16 alpha=9 par=0,1,2,3,4,5,6,7,5,5,1,11,12,13,14,15 poly=1,16,105,367,745,904,657,281,65,6
SAMPLE n=16 alpha=10 par=0,1,2,3,4,5,6,6,6,3,3,1,12,13,14,15 poly=1,16,105,370,777,1031,892,498,170,31,2
SAMPLE n=16 alpha=9 par=0,1,2,3,4,5,6,6,6,3,2,1,12,13,14,15 poly=1,16,105,369,766,985,800,403,115,14
SAMPLE n=16 alpha=9 par=0,1,2,3,4,5,6,6,6,3,1,11,12,13,14,11 poly=1,16,105,369,767,993,822,427,128,17
SAMPLE n=16 alpha=10 par=0,1,2,3,4,5,6,6,5,5,1,11,12,13,14,14 poly=1,16,105,369,765,977,780,385,112,17,1
SAMPLE n=16 alpha=10 par=0,1,2,3,4,5,6,6,5,5,1,11,12,13,14,1 poly=1,16,105,369,764,969,758,359,99,15,1
SAMPLE n=16 alpha=9 par=0,1,2,3,4,5,6,6,5,1,10,11,12,13,13,10 poly=1,16,105,368,756,947,731,339,86,9
SAMPLE n=16 alpha=10 par=0,1,2,3,4,5,6,6,4,1,10,11,12,13,14,12 poly=1,16,105,367,746,912,681,315,89,14,1
SAMPLE n=16 alpha=10 par=0,1,2,3,4,5,6,6,2,1,10,11,12,13,10,10 poly=1,16,105,369,766,988,819,442,152,31,3
SAMPLE n=16 alpha=8 par=0,1,2,3,4,5,6,5,8,3,2,1,12,13,14,15 poly=1,16,105,367,743,887,605,213,29
SAMPLE n=16 alpha=8 par=0,1,2,3,4,5,6,5,4,9,4,1,12,13,14,15 poly=1,16,105,368,751,910,635,230,32
SAMPLE n=16 alpha=9 par=0,1,2,3,4,5,6,5,4,9,3,1,12,13,14,15 poly=1,16,105,367,742,881,595,210,33,2
SAMPLE n=16 alpha=8 par=0,1,2,3,4,5,6,5,4,1,10,11,12,13,11,15 poly=1,16,105,367,743,886,602,210,28
SAMPLE n=16 alpha=9 par=0,1,2,3,4,5,6,5,4,1,10,11,12,13,11,1 poly=1,16,105,368,754,932,694,303,73,8
SAMPLE n=16 alpha=8 par=0,1,2,3,4,5,6,5,1,9,10,11,12,13,10,9 poly=1,16,105,367,744,894,622,229,34
SAMPLE n=16 alpha=9 par=0,1,2,3,4,5,6,5,1,9,10,11,12,13,9,9 poly=1,16,105,368,755,940,714,321,77,7
SAMPLE n=16 alpha=8 par=0,1,2,3,4,5,6,4,8,3,1,11,12,13,14,15 poly=1,16,105,366,733,851,549,177,22
SAMPLE n=16 alpha=10 par=0,1,2,3,4,5,6,4,2,2,1,11,12,13,14,11 poly=1,16,105,369,765,982,809,440,155,32,3
SAMPLE n=16 alpha=9 par=0,1,2,3,4,5,6,3,8,9,3,1,12,13,14,15 poly=1,16,105,367,743,890,622,242,46,3
SAMPLE n=16 alpha=8 par=0,1,2,3,4,5,6,3,8,1,10,11,12,13,10,1 poly=1,16,105,367,743,888,610,219,31
SAMPLE n=16 alpha=8 par=0,1,2,3,4,5,6,3,2,9,1,11,12,13,14,11 poly=1,16,105,367,743,889,616,230,36
SAMPLE n=16 alpha=11 par=0,1,2,3,4,5,5,5,5,1,10,11,12,13,13,13 poly=1,16,105,373,809,1158,1142,780,361,106,17,1
SAMPLE n=16 alpha=9 par=0,1,2,3,4,5,5,5,4,2,10,1,12,13,14,13 poly=1,16,105,370,774,1006,821,410,115,14
SAMPLE n=16 alpha=10 par=0,1,2,3,4,5,5,5,4,2,2,1,12,13,14,15 poly=1,16,105,371,785,1054,926,534,196,42,4
SAMPLE n=16 alpha=10 par=0,1,2,3,4,5,5,5,3,2,2,1,12,13,14,15 poly=1,16,105,371,785,1055,931,542,201,43,4
SAMPLE n=16 alpha=10 par=0,1,2,3,4,5,5,5,3,2,1,11,12,13,13,12 poly=1,16,105,371,786,1060,940,551,206,44,4
SAMPLE n=16 alpha=10 par=0,1,2,3,4,5,5,5,2,1,10,11,12,13,13,1 poly=1,16,105,370,777,1030,889,500,176,35,3
SAMPLE n=16 alpha=10 par=0,1,2,3,4,5,5,5,2,1,10,11,12,13,10,10 poly=1,16,105,371,787,1070,973,595,237,56,6
SAMPLE n=16 alpha=10 par=0,1,2,3,4,5,5,4,8,4,4,1,12,13,14,14 poly=1,16,105,372,790,1054,896,479,154,27,2
SAMPLE n=16 alpha=9 par=0,1,2,3,4,5,5,4,8,4,2,1,12,13,14,15 poly=1,16,105,369,762,956,728,326,79,8
SAMPLE n=16 alpha=9 par=0,1,2,3,4,5,5,4,8,4,2,1,12,13,14,13 poly=1,16,105,370,772,992,788,374,96,10
SAMPLE n=16 alpha=9 par=0,1,2,3,4,5,5,4,8,4,1,11,12,13,13,12 poly=1,16,105,370,772,990,780,363,90,9
SAMPLE n=16 alpha=10 par=0,1,2,3,4,5,5,4,8,4,1,11,12,13,11,11 poly=1,16,105,371,782,1029,860,456,149,27,2
SAMPLE n=16 alpha=10 par=0,1,2,3,4,5,5,4,4,4,4,1,12,13,14,15 poly=1,16,105,375,818,1156,1083,666,256,55,5
SAMPLE n=16 alpha=10 par=0,1,2,3,4,5,5,4,4,4,1,11,12,13,14,11 poly=1,16,105,372,792,1068,932,524,183,36,3
SAMPLE n=16 alpha=9 par=0,1,2,3,4,5,5,4,3,9,10,1,12,13,14,14 poly=1,16,105,368,754,934,703,314,77,8
SAMPLE n=16 alpha=10 par=0,1,2,3,4,5,5,4,3,9,9,2,1,13,14,15 poly=1,16,105,369,762,959,743,351,98,15,1
SAMPLE n=16 alpha=9 par=0,1,2,3,4,5,5,4,3,9,9,1,12,13,14,1 poly=1,16,105,369,763,965,754,355,92,10
SAMPLE n=16 alpha=10 par=0,1,2,3,4,5,5,4,3,9,2,1,12,13,14,12 poly=1,16,105,369,762,957,735,342,95,15,1
SAMPLE n=16 alpha=9 par=0,1,2,3,4,5,5,4,2,9,1,11,12,13,14,14 poly=1,16,105,368,755,940,714,322,79,8
SAMPLE n=16 alpha=9 par=0,1,2,3,4,5,5,4,2,9,1,11,12,13,1,15 poly=1,16,105,368,752,918,657,256,45,2
SAMPLE n=16 alpha=10 par=0,1,2,3,4,5,5,4,1,9,10,11,11,1,1,1 poly=1,16,105,373,805,1128,1057,659,262,60,6
SAMPLE n=16 alpha=9 par=0,1,2,3,4,5,5,4,1,9,10,11,10,13,1,1 poly=1,16,105,370,774,1007,827,420,121,15
SAMPLE n=16 alpha=9 par=0,1,2,3,4,5,5,4,1,9,10,11,10,10,9,15 poly=1,16,105,370,772,991,785,371,95,10
SAMPLE n=16 alpha=9 par=0,1,2,3,4,5,5,4,1,9,10,11,10,9,14,9 poly=1,16,105,370,771,983,762,341,77,6
SAMPLE n=16 alpha=9 par=0,1,2,3,4,5,5,4,1,9,10,11,10,9,1,15 poly=1,16,105,369,762,953,712,297,58,3
SAMPLE n=16 alpha=9 par=0,1,2,3,4,5,5,4,1,9,10,11,9,13,14,1 poly=1,16,105,368,753,925,676,279,57,4
SAMPLE n=16 alpha=10 par=0,1,2,3,4,5,5,4,1,9,10,11,9,1,1,1 poly=1,16,105,373,801,1099,984,569,202,39,3
SAMPLE n=16 alpha=9 par=0,1,2,3,4,5,5,3,8,1,10,11,12,13,11,10 poly=1,16,105,368,754,933,699,309,74,7
SAMPLE n=16 alpha=10 par=0,1,2,3,4,5,5,3,8,1,10,11,12,13,11,1 poly=1,16,105,368,755,943,734,364,115,22,2
SAMPLE n=16 alpha=11 par=0,1,2,3,4,5,5,3,3,1,10,11,12,12,10,1 poly=1,16,105,371,786,1065,970,611,265,76,13,1
SAMPLE n=16 alpha=10 par=0,1,2,3,4,5,5,3,3,1,10,11,12,12,1,15 poly=1,16,105,370,776,1027,896,526,203,47,5
SAMPLE n=16 alpha=11 par=0,1,2,3,4,5,5,3,3,1,10,11,12,12,1,1 poly=1,16,105,372,797,1112,1069,726,347,112,22,2
SAMPLE n=16 alpha=10 par=0,1,2,3,4,5,5,3,3,1,10,11,12,10,14,10 poly=1,16,105,371,784,1047,913,525,194,42,4
SAMPLE n=16 alpha=10 par=0,1,2,3,4,5,5,3,3,1,10,11,12,1,14,1 poly=1,16,105,371,784,1051,933,561,224,54,6
SAMPLE n=16 alpha=10 par=0,1,2,3,4,5,5,3,1,9,10,11,12,12,1,15 poly=1,16,105,368,756,950,750,380,122,23,2
SAMPLE n=16 alpha=10 par=0,1,2,3,4,5,5,3,1,9,10,11,12,11,11,9 poly=1,16,105,370,776,1024,881,501,184,40,4
SAMPLE n=16 alpha=10 par=0,1,2,3,4,5,5,3,1,9,10,11,12,10,9,1 poly=1,16,105,369,764,972,776,394,127,24,2
SAMPLE n=16 alpha=11 par=0,1,2,3,4,5,5,3,1,9,10,11,12,10,1,1 poly=1,16,105,370,776,1028,905,553,236,68,12,1
SAMPLE n=16 alpha=10 par=0,1,2,3,4,5,5,3,1,9,10,11,12,9,9,1 poly=1,16,105,370,774,1010,845,457,157,32,3
SAMPLE n=16 alpha=10 par=0,1,2,3,4,5,5,3,1,9,10,11,12,9,1,1 poly=1,16,105,370,774,1011,851,471,171,38,4
SAMPLE n=16 alpha=10 par=0,1,2,3,4,5,5,2,8,1,10,11,12,13,11,1 poly=1,16,105,368,754,934,704,321,88,14,1
SAMPLE n=16 alpha=9 par=0,1,2,3,4,5,5,2,1,9,10,11,12,10,14,9 poly=1,16,105,368,754,934,704,317,78,8
SAMPLE n=16 alpha=10 par=0,1,2,3,4,5,5,2,1,9,10,11,12,10,10,10 poly=1,16,105,372,795,1092,998,605,234,52,5
SAMPLE n=16 alpha=10 par=0,1,2,3,4,5,5,2,1,9,10,11,12,10,10,9 poly=1,16,105,370,774,1009,839,444,144,26,2
SAMPLE n=16 alpha=9 par=0,1,2,3,4,5,5,2,1,9,10,11,12,9,14,9 poly=1,16,105,369,764,972,772,376,103,12
SAMPLE n=16 alpha=10 par=0,1,2,3,4,5,4,7,4,4,4,1,12,13,14,12 poly=1,16,105,375,817,1145,1048,616,221,44,4
SAMPLE n=16 alpha=9 par=0,1,2,3,4,5,4,7,4,4,2,11,1,13,14,15 poly=1,16,105,371,780,1016,820,391,96,8
SAMPLE n=16 alpha=9 par=0,1,2,3,4,5,4,7,4,4,1,11,12,13,14,11 poly=1,16,105,371,781,1021,831,406,108,12
SAMPLE n=16 alpha=9 par=0,1,2,3,4,5,4,7,4,4,1,11,12,13,12,1 poly=1,16,105,372,791,1058,897,466,134,16
SAMPLE n=16 alpha=9 par=0,1,2,3,4,5,4,7,4,4,1,11,12,13,11,1 poly=1,16,105,372,790,1050,875,438,117,12
SAMPLE n=16 alpha=9 par=0,1,2,3,4,5,4,7,3,9,9,9,1,13,14,15 poly=1,16,105,369,762,959,742,345,86,8
SAMPLE n=16 alpha=9 par=0,1,2,3,4,5,4,7,3,9,9,2,1,13,14,15 poly=1,16,105,368,751,914,657,270,59,5
SAMPLE n=16 alpha=9 par=0,1,2,3,4,5,4,7,3,9,3,1,12,13,14,13 poly=1,16,105,369,760,940,684,273,52,4
SAMPLE n=16 alpha=8 par=0,1,2,3,4,5,4,7,3,9,1,11,12,13,12,11 poly=1,16,105,368,751,908,627,220,28
SAMPLE n=16 alpha=9 par=0,1,2,3,4,5,4,7,2,9,9,1,12,13,14,13 poly=1,16,105,368,753,924,668,264,47,2
SAMPLE n=16 alpha=8 par=0,1,2,3,4,5,4,7,2,9,2,11,1,13,14,15 poly=1,16,105,368,750,903,616,208,23
SAMPLE n=16 alpha=9 par=0,1,2,3,4,5,4,7,1,9,10,11,10,9,14,14 poly=1,16,105,368,752,917,655,257,47,2
SAMPLE n=16 alpha=9 par=0,1,2,3,4,5,4,7,1,9,10,11,10,9,9,9 poly=1,16,105,372,790,1053,892,470,141,18
SAMPLE n=16 alpha=9 par=0,1,2,3,4,5,4,7,1,9,10,11,9,13,14,1 poly=1,16,105,367,742,880,590,201,27,1
SAMPLE n=16 alpha=10 par=0,1,2,3,4,5,4,7,1,9,10,11,9,9,9,9 poly=1,16,105,375,820,1169,1118,710,282,63,6
SAMPLE n=16 alpha=9 par=0,1,2,3,4,5,4,7,1,9,10,11,9,1,14,14 poly=1,16,105,368,752,918,660,269,60,6
SAMPLE n=16 alpha=10 par=0,1,2,3,4,5,4,4,4,1,10,11,12,11,1,1 poly=1,16,105,374,814,1157,1106,709,294,72,8
SAMPLE n=16 alpha=10 par=0,1,2,3,4,5,4,4,4,1,10,11,12,10,14,15 poly=1,16,105,371,783,1037,878,468,148,25,2
SAMPLE n=16 alpha=10 par=0,1,2,3,4,5,4,4,4,1,10,11,12,10,14,10 poly=1,16,105,373,802,1103,993,582,213,44,4
SAMPLE n=16 alpha=10 par=0,1,2,3,4,5,4,4,1,9,10,11,12,10,10,9 poly=1,16,105,371,783,1036,875,468,152,27,2
SAMPLE n=16 alpha=9 par=0,1,2,3,4,5,4,4,1,9,10,11,12,10,9,1 poly=1,16,105,370,773,998,800,384,99,10
SAMPLE n=16 alpha=9 par=0,1,2,3,4,5,4,4,1,9,10,11,12,9,14,15 poly=1,16,105,368,754,932,693,298,67,6
SAMPLE n=16 alpha=9 par=0,1,2,3,4,5,4,4,1,9,10,11,12,1,14,15 poly=1,16,105,368,754,932,691,292,61,4
SAMPLE n=16 alpha=9 par=0,1,2,3,4,5,4,4,1,9,10,11,12,1,14,14 poly=1,16,105,369,764,969,756,352,90,10
SAMPLE n=16 alpha=8 par=0,1,2,3,4,5,4,3,8,2,10,1,12,13,14,1 poly=1,16,105,368,750,905,628,229,34
SAMPLE n=16 alpha=9 par=0,1,2,3,4,5,4,3,8,2,1,11,12,13,14,11 poly=1,16,105,368,752,919,665,275,61,6
SAMPLE n=16 alpha=9 par=0,1,2,3,4,5,4,3,3,1,10,11,12,13,11,15 poly=1,16,105,369,762,954,720,314,71,6
SAMPLE n=16 alpha=8 par=0,1,2,3,4,5,4,2,8,2,10,1,12,13,14,15 poly=1,16,105,368,751,911,639,236,35
SAMPLE n=16 alpha=9 par=0,1,2,3,4,5,4,2,2,1,10,11,12,10,14,1 poly=1,16,105,370,771,988,785,378,102,12
SAMPLE n=16 alpha=10 par=0,1,2,3,4,5,4,2,2,1,10,11,12,10,1,1 poly=1,16,105,372,789,1050,891,478,156,28,2
SAMPLE n=16 alpha=9 par=0,1,2,3,4,5,3,7,8,3,10,1,12,13,14,1 poly=1,16,105,368,751,914,658,273,61,6
SAMPLE n=16 alpha=9 par=0,1,2,3,4,5,3,7,8,3,2,1,12,13,14,1 poly=1,16,105,369,760,944,703,303,70,7
SAMPLE n=16 alpha=9 par=0,1,2,3,4,5,3,7,7,3,10,1,12,13,14,1 poly=1,16,105,369,760,944,704,305,69,6
SAMPLE n=16 alpha=10 par=0,1,2,3,4,5,3,7,7,3,2,2,1,13,14,15 poly=1,16,105,371,778,1007,812,401,115,17,1
SAMPLE n=16 alpha=9 par=0,1,2,3,4,5,3,7,7,3,1,11,12,13,1,15 poly=1,16,105,369,761,950,715,312,72,7
SAMPLE n=16 alpha=9 par=0,1,2,3,4,5,3,7,3,3,2,1,12,13,14,15 poly=1,16,105,371,778,1004,797,375,95,10
SAMPLE n=16 alpha=10 par=0,1,2,3,4,5,3,3,3,3,1,11,12,13,1,15 poly=1,16,105,375,820,1174,1137,736,301,70,7
SAMPLE n=16 alpha=11 par=0,1,2,3,4,5,3,3,2,2,2,1,12,13,14,12 poly=1,16,105,374,808,1123,1040,654,279,78,13,1
SAMPLE n=16 alpha=10 par=0,1,2,3,4,5,3,3,2,2,2,1,12,13,14,1 poly=1,16,105,374,805,1101,976,559,201,42,4
SAMPLE n=16 alpha=10 par=0,1,2,3,4,5,3,3,2,2,1,11,12,13,14,11 poly=1,16,105,371,781,1027,863,466,159,32,3
SAMPLE n=16 alpha=9 par=0,1,2,3,4,5,3,2,8,9,10,1,12,13,14,1 poly=1,16,105,367,742,883,604,223,40,3
SAMPLE n=16 alpha=10 par=0,1,2,3,4,5,3,2,2,2,1,11,12,13,1,1 poly=1,16,105,374,805,1101,975,555,195,38,3
SAMPLE n=16 alpha=10 par=0,1,2,3,4,5,3,1,8,9,10,11,9,1,14,1 poly=1,16,105,369,763,966,763,382,122,23,2
SAMPLE n=16 alpha=9 par=0,1,2,3,4,5,3,1,8,9,10,11,8,13,14,15 poly=1,16,105,366,734,859,570,198,29,1
SAMPLE n=16 alpha=9 par=0,1,2,3,4,5,3,1,8,9,10,11,1,13,14,13 poly=1,16,105,367,743,889,616,233,43,3
SAMPLE n=16 alpha=9 par=0,1,2,3,4,5,2,7,8,2,10,11,1,13,14,15 poly=1,16,105,367,741,877,593,217,40,3
SAMPLE n=16 alpha=9 par=0,1,2,3,4,5,2,7,8,2,1,11,12,13,1,15 poly=1,16,105,368,750,907,638,246,46,3
SAMPLE n=16 alpha=9 par=0,1,2,3,4,5,2,7,7,1,10,11,12,13,1,15 poly=1,16,105,367,742,883,604,222,38,2
SAMPLE n=16 alpha=8 par=0,1,2,3,4,5,2,7,2,1,10,11,12,1,14,1 poly=1,16,105,370,767,960,711,286,48
SAMPLE n=16 alpha=10 par=0,1,2,3,4,4,4,4,4,3,10,3,2,1,14,15 poly=1,16,105,378,843,1244,1253,856,378,97,11
SAMPLE n=16 alpha=11 par=0,1,2,3,4,4,4,4,4,3,10,3,1,13,14,1 poly=1,16,105,378,845,1256,1285,908,433,133,24,2
SAMPLE n=16 alpha=11 par=0,1,2,3,4,4,4,4,4,3,10,1,12,13,12,12 poly=1,16,105,378,850,1283,1345,981,484,152,27,2
SAMPLE n=16 alpha=12 par=0,1,2,3,4,4,4,4,4,3,3,3,3,1,14,15 poly=1,16,105,384,895,1432,1640,1367,823,346,95,15,1
SAMPLE n=16 alpha=11 par=0,1,2,3,4,4,4,4,4,3,3,2,1,13,14,13 poly=1,16,105,379,855,1292,1352,983,484,152,27,2
SAMPLE n=16 alpha=11 par=0,1,2,3,4,4,4,4,4,3,3,1,12,13,14,13 poly=1,16,105,378,847,1265,1302,928,448,139,25,2
SAMPLE n=16 alpha=11 par=0,1,2,3,4,4,4,4,4,3,3,1,12,13,13,12 poly=1,16,105,379,857,1302,1376,1019,519,173,34,3
SAMPLE n=16 alpha=11 par=0,1,2,3,4,4,4,4,4,3,1,11,12,12,11,11 poly=1,16,105,379,860,1317,1407,1053,540,180,35,3
SAMPLE n=16 alpha=11 par=0,1,2,3,4,4,4,4,4,3,1,11,12,1,14,14 poly=1,16,105,377,840,1245,1266,882,408,117,18,1
SAMPLE n=16 alpha=12 par=0,1,2,3,4,4,4,4,4,3,1,11,12,1,1,1 poly=1,16,105,381,880,1398,1585,1300,768,318,87,14,1
SAMPLE n=16 alpha=12 par=0,1,2,3,4,4,4,4,3,3,3,1,12,13,13,13 poly=1,16,105,379,859,1319,1436,1135,654,270,76,13,1
SAMPLE n=16 alpha=11 par=0,1,2,3,4,4,4,4,3,3,2,2,1,13,14,1 poly=1,16,105,377,835,1216,1202,811,365,103,16,1
SAMPLE n=16 alpha=11 par=0,1,2,3,4,4,4,4,3,3,2,1,12,13,13,13 poly=1,16,105,377,841,1254,1300,949,482,163,33,3
SAMPLE n=16 alpha=11 par=0,1,2,3,4,4,4,4,3,3,1,11,12,13,13,11 poly=1,16,105,375,822,1185,1170,805,383,121,23,2
SAMPLE n=16 alpha=12 par=0,1,2,3,4,4,4,4,2,2,2,2,1,13,14,1 poly=1,16,105,381,879,1403,1615,1356,821,346,95,15,1
SAMPLE n=16 alpha=12 par=0,1,2,3,4,4,4,4,2,2,2,1,12,13,14,14 poly=1,16,105,377,847,1303,1441,1164,682,282,78,13,1
SAMPLE n=16 alpha=11 par=0,1,2,3,4,4,4,4,2,2,2,1,12,13,12,15 poly=1,16,105,377,845,1289,1404,1101,610,226,50,5
SAMPLE n=16 alpha=12 par=0,1,2,3,4,4,4,4,2,2,1,11,12,12,11,11 poly=1,16,105,377,846,1293,1416,1134,662,275,77,13,1
SAMPLE n=16 alpha=11 par=0,1,2,3,4,4,4,3,8,8,8,3,3,1,14,15 poly=1,16,105,376,823,1168,1110,715,309,86,14,1
SAMPLE n=16 alpha=11 par=0,1,2,3,4,4,4,3,8,8,8,2,1,13,14,15 poly=1,16,105,372,793,1086,1007,650,289,84,14,1
SAMPLE n=16 alpha=11 par=0,1,2,3,4,4,4,3,8,8,8,2,1,13,14,13 poly=1,16,105,373,803,1123,1076,728,347,112,22,2
SAMPLE n=16 alpha=11 par=0,1,2,3,4,4,4,3,8,8,8,1,12,13,14,12 poly=1,16,105,372,794,1089,1005,638,276,78,13,1
SAMPLE n=16 alpha=10 par=0,1,2,3,4,4,4,3,8,8,3,11,11,1,14,15 poly=1,16,105,372,787,1043,893,504,184,40,4
SAMPLE n=16 alpha=10 par=0,1,2,3,4,4,4,3,8,8,3,11,3,1,14,15 poly=1,16,105,374,802,1082,932,509,169,30,2
SAMPLE n=16 alpha=10 par=0,1,2,3,4,4,4,3,8,8,3,11,2,1,14,15 poly=1,16,105,372,786,1035,870,474,164,33,3
SAMPLE n=16 alpha=10 par=0,1,2,3,4,4,4,3,8,8,3,11,1,13,14,1 poly=1,16,105,372,788,1047,896,499,175,35,3
SAMPLE n=16 alpha=11 par=0,1,2,3,4,4,4,3,8,8,3,3,3,1,14,15 poly=1,16,105,378,838,1211,1173,768,336,94,15,1
SAMPLE n=16 alpha=10 par=0,1,2,3,4,4,4,3,8,8,3,3,1,13,14,15 poly=1,16,105,374,805,1101,978,564,205,43,4
SAMPLE n=16 alpha=10 par=0,1,2,3,4,4,4,3,8,8,3,2,2,1,14,15 poly=1,16,105,374,806,1112,1015,618,244,57,6
SAMPLE n=16 alpha=10 par=0,1,2,3,4,4,4,3,8,8,3,1,12,13,12,15 poly=1,16,105,372,789,1048,884,468,147,23,1
SAMPLE n=16 alpha=10 par=0,1,2,3,4,4,4,3,8,8,2,11,1,13,14,15 poly=1,16,105,370,772,1000,830,448,151,28,2
SAMPLE n=16 alpha=11 par=0,1,2,3,4,4,4,3,8,8,2,2,1,13,14,1 poly=1,16,105,373,800,1102,1020,652,287,83,14,1
SAMPLE n=16 alpha=11 par=0,1,2,3,4,4,4,3,8,8,2,1,12,13,14,12 poly=1,16,105,371,783,1045,924,563,238,68,12,1
SAMPLE n=16 alpha=11 par=0,1,2,3,4,4,4,3,8,8,2,1,12,13,13,13 poly=1,16,105,373,805,1134,1098,746,354,113,22,2
SAMPLE n=16 alpha=11 par=0,1,2,3,4,4,4,3,8,8,1,11,12,13,13,13 poly=1,16,105,372,796,1101,1032,666,293,84,14,1
SAMPLE n=16 alpha=10 par=0,1,2,3,4,4,4,3,8,8,1,11,12,13,12,15 poly=1,16,105,370,773,1002,825,433,137,22,1
SAMPLE n=16 alpha=10 par=0,1,2,3,4,4,4,3,8,8,1,11,12,13,11,15 poly=1,16,105,370,773,1003,830,443,147,27,2
SAMPLE n=16 alpha=10 par=0,1,2,3,4,4,4,3,8,8,1,11,12,1,14,1 poly=1,16,105,372,792,1072,952,557,207,44,4
SAMPLE n=16 alpha=11 par=0,1,2,3,4,4,4,3,3,3,3,2,1,13,14,1 poly=1,16,105,379,850,1262,1282,901,433,136,25,2
SAMPLE n=16 alpha=10 par=0,1,2,3,4,4,4,3,3,3,2,11,2,1,14,15 poly=1,16,105,376,822,1159,1080,666,265,63,7
SAMPLE n=16 alpha=11 par=0,1,2,3,4,4,4,3,3,3,2,1,12,13,14,12 poly=1,16,105,375,817,1151,1081,685,291,80,13,1
SAMPLE n=16 alpha=11 par=0,1,2,3,4,4,4,3,3,3,1,11,12,13,13,12 poly=1,16,105,375,820,1168,1120,732,323,92,15,1
SAMPLE n=16 alpha=12 par=0,1,2,3,4,4,4,3,3,3,1,11,12,12,1,1 poly=1,16,105,377,841,1260,1335,1031,585,240,68,12,1
SAMPLE n=16 alpha=10 par=0,1,2,3,4,4,4,3,3,3,1,11,12,11,1,15 poly=1,16,105,375,818,1156,1089,687,283,70,8
SAMPLE n=16 alpha=12 par=0,1,2,3,4,4,4,3,3,3,1,11,12,1,1,1 poly=1,16,105,379,859,1322,1448,1154,669,276,77,13,1
SAMPLE n=16 alpha=11 par=0,1,2,3,4,4,4,3,2,2,2,1,12,13,14,14 poly=1,16,105,375,822,1188,1179,815,388,122,23,2
SAMPLE n=16 alpha=11 par=0,1,2,3,4,4,4,3,2,2,1,11,12,13,13,13 poly=1,16,105,374,815,1168,1149,790,377,120,23,2
SAMPLE n=16 alpha=10 par=0,1,2,3,4,4,4,3,2,2,1,11,12,13,12,12 poly=1,16,105,374,813,1151,1095,701,292,72,8
SAMPLE n=16 alpha=10 par=0,1,2,3,4,4,4,3,2,2,1,11,12,13,12,1 poly=1,16,105,373,801,1101,994,588,219,46,4
SAMPLE n=16 alpha=10 par=0,1,2,3,4,4,4,3,2,2,1,11,12,11,14,1 poly=1,16,105,373,799,1087,959,544,188,34,2
SAMPLE n=16 alpha=10 par=0,1,2,3,4,4,4,2,8,9,9,8,12,1,14,15 poly=1,16,105,370,774,1012,854,471,164,33,3
SAMPLE n=16 alpha=10 par=0,1,2,3,4,4,4,2,8,9,9,8,1,13,14,15 poly=1,16,105,370,775,1018,864,474,160,29,2
SAMPLE n=16 alpha=10 par=0,1,2,3,4,4,4,2,8,9,9,8,1,13,14,13 poly=1,16,105,371,785,1055,930,541,201,43,4
SAMPLE n=16 alpha=10 par=0,1,2,3,4,4,4,2,8,9,9,8,1,13,14,1 poly=1,16,105,371,784,1049,917,524,187,37,3
SAMPLE n=16 alpha=11 par=0,1,2,3,4,4,4,2,8,9,9,1,12,13,12,12 poly=1,16,105,372,797,1109,1052,700,328,105,21,2
SAMPLE n=16 alpha=10 par=0,1,2,3,4,4,4,2,8,9,9,1,12,13,12,1 poly=1,16,105,371,785,1056,936,552,211,48,5
SAMPLE n=16 alpha=10 par=0,1,2,3,4,4,4,2,8,9,8,11,2,1,14,15 poly=1,16,105,371,782,1037,895,510,184,37,3
SAMPLE n=16 alpha=10 par=0,1,2,3,4,4,4,2,8,9,8,11,1,13,14,1 poly=1,16,105,370,773,1004,829,432,132,20,1
SAMPLE n=16 alpha=10 par=0,1,2,3,4,4,4,2,8,9,8,8,8,1,14,15 poly=1,16,105,374,812,1148,1091,698,291,72,8
SAMPLE n=16 alpha=10 par=0,1,2,3,4,4,4,2,8,9,8,8,1,13,14,13 poly=1,16,105,372,794,1085,977,579,217,46,4
SAMPLE n=16 alpha=10 par=0,1,2,3,4,4,4,2,8,9,8,2,2,1,14,15 poly=1,16,105,374,810,1139,1083,704,303,78,9
SAMPLE n=16 alpha=10 par=0,1,2,3,4,4,4,2,8,9,2,1,12,13,14,1 poly=1,16,105,371,783,1044,912,528,196,42,4
SAMPLE n=16 alpha=10 par=0,1,2,3,4,4,4,2,8,9,2,1,12,13,12,1 poly=1,16,105,372,792,1074,961,574,222,50,5
SAMPLE n=16 alpha=12 par=0,1,2,3,4,4,4,2,2,2,2,1,12,13,14,14 poly=1,16,105,378,854,1321,1464,1180,688,283,78,13,1
SAMPLE n=16 alpha=12 par=0,1,2,3,4,4,4,2,2,2,2,1,12,13,13,1 poly=1,16,105,379,860,1333,1475,1185,689,283,78,13,1
SAMPLE n=16 alpha=11 par=0,1,2,3,4,4,4,2,2,2,2,1,12,13,12,15 poly=1,16,105,378,852,1308,1429,1117,614,226,50,5
SAMPLE n=16 alpha=12 par=0,1,2,3,4,4,4,2,2,2,2,1,12,13,12,12 poly=1,16,105,380,873,1394,1620,1390,876,396,122,23,2
SAMPLE n=16 alpha=11 par=0,1,2,3,4,4,4,2,2,2,1,11,12,13,13,12 poly=1,16,105,375,826,1216,1254,920,473,162,33,3
SAMPLE n=16 alpha=11 par=0,1,2,3,4,4,4,2,2,2,1,11,12,13,1,15 poly=1,16,105,374,812,1154,1127,769,358,106,17,1
SAMPLE n=16 alpha=11 par=0,1,2,3,4,4,4,2,2,2,1,11,12,11,14,11 poly=1,16,105,376,834,1243,1309,990,529,190,41,4
SAMPLE n=16 alpha=11 par=0,1,2,3,4,4,4,2,2,2,1,11,12,11,1,1 poly=1,16,105,377,838,1240,1276,930,475,162,33,3
SAMPLE n=16 alpha=10 par=0,1,2,3,4,4,4,1,8,9,10,10,9,13,9,1 poly=1,16,105,372,794,1083,973,575,214,45,4
SAMPLE n=16 alpha=11 par=0,1,2,3,4,4,4,1,8,9,10,10,9,9,9,9 poly=1,16,105,378,850,1283,1348,995,508,171,34,3
SAMPLE n=16 alpha=10 par=0,1,2,3,4,4,4,1,8,9,10,10,9,1,14,15 poly=1,16,105,370,776,1023,872,479,161,29,2
SAMPLE n=16 alpha=10 par=0,1,2,3,4,4,4,1,8,9,10,10,8,13,13,1 poly=1,16,105,371,786,1063,955,572,221,50,5
SAMPLE n=16 alpha=10 par=0,1,2,3,4,4,4,1,8,9,10,10,1,13,14,15 poly=1,16,105,369,767,994,827,437,138,22,1
SAMPLE n=16 alpha=10 par=0,1,2,3,4,4,4,1,8,9,10,10,1,13,14,1 poly=1,16,105,371,786,1062,947,556,207,44,4
SAMPLE n=16 alpha=10 par=0,1,2,3,4,4,4,1,8,9,10,10,1,13,1,1 poly=1,16,105,374,814,1159,1111,715,298,73,8
SAMPLE n=16 alpha=10 par=0,1,2,3,4,4,4,1,8,9,10,9,12,8,14,14 poly=1,16,105,370,774,1009,841,448,143,23,1
SAMPLE n=16 alpha=9 par=0,1,2,3,4,4,4,1,8,9,10,9,12,1,14,15 poly=1,16,105,369,765,978,784,387,106,12
SAMPLE n=16 alpha=10 par=0,1,2,3,4,4,4,1,8,9,10,9,9,8,14,1 poly=1,16,105,372,793,1077,961,564,209,44,4
SAMPLE n=16 alpha=11 par=0,1,2,3,4,4,4,1,8,9,10,9,9,8,8,8 poly=1,16,105,376,830,1208,1204,835,400,127,24,2
SAMPLE n=16 alpha=9 par=0,1,2,3,4,4,4,1,8,9,10,9,8,13,8,1 poly=1,16,105,372,791,1061,914,497,157,22
SAMPLE n=16 alpha=10 par=0,1,2,3,4,4,4,1,8,9,10,9,8,8,1,15 poly=1,16,105,372,792,1069,937,532,188,37,3
SAMPLE n=16 alpha=11 par=0,1,2,3,4,4,4,1,8,9,10,8,12,13,8,8 poly=1,16,105,373,803,1117,1047,675,297,85,14,1
SAMPLE n=16 alpha=10 par=0,1,2,3,4,4,4,1,8,9,10,8,12,12,8,15 poly=1,16,105,371,782,1032,874,477,160,29,2
SAMPLE n=16 alpha=10 par=0,1,2,3,4,4,4,1,8,9,10,8,12,12,8,1 poly=1,16,105,372,792,1070,943,541,193,38,3
SAMPLE n=16 alpha=11 par=0,1,2,3,4,4,4,1,8,9,10,8,8,8,8,1 poly=1,16,105,378,849,1279,1342,991,507,171,34,3
SAMPLE n=16 alpha=10 par=0,1,2,3,4,4,4,1,8,9,10,8,8,1,14,1 poly=1,16,105,373,801,1101,996,594,226,50,5
SAMPLE n=16 alpha=11 par=0,1,2,3,4,4,4,1,8,9,10,8,1,13,13,13 poly=1,16,105,372,795,1094,1011,640,276,78,13,1
SAMPLE n=16 alpha=10 par=0,1,2,3,4,4,4,1,8,9,10,1,12,13,13,13 poly=1,16,105,371,788,1078,994,622,256,63,7
SAMPLE n=16 alpha=9 par=0,1,2,3,4,4,4,1,8,9,10,1,12,13,1,15 poly=1,16,105,370,773,1002,819,413,117,14
SAMPLE n=16 alpha=11 par=0,1,2,3,4,4,4,1,8,9,10,1,12,12,12,12 poly=1,16,105,374,815,1169,1149,782,361,106,17,1
SAMPLE n=16 alpha=11 par=0,1,2,3,4,4,3,7,7,1,10,11,11,10,10,10 poly=1,16,105,374,811,1136,1060,667,282,78,13,1
SAMPLE n=16 alpha=11 par=0,1,2,3,4,4,3,7,7,1,10,11,11,1,1,1 poly=1,16,105,374,814,1166,1154,799,382,121,23,2
SAMPLE n=16 alpha=10 par=0,1,2,3,4,4,3,7,7,1,10,11,10,1,14,14 poly=1,16,105,370,772,995,805,408,127,23,2
SAMPLE n=16 alpha=9 par=0,1,2,3,4,4,3,7,7,1,10,11,1,13,1,15 poly=1,16,105,370,770,980,764,355,91,10
SAMPLE n=16 alpha=10 par=0,1,2,3,4,4,3,7,7,1,10,11,1,13,1,1 poly=1,16,105,373,800,1095,982,575,211,44,4
SAMPLE n=16 alpha=9 par=0,1,2,3,4,4,3,7,3,1,10,11,11,10,1,15 poly=1,16,105,371,780,1015,819,395,103,11
SAMPLE n=16 alpha=9 par=0,1,2,3,4,4,3,7,3,1,10,11,10,13,10,10 poly=1,16,105,374,808,1109,972,525,158,20
SAMPLE n=16 alpha=9 par=0,1,2,3,4,4,3,7,3,1,10,11,1,13,1,15 poly=1,16,105,371,778,1002,788,361,86,8
SAMPLE n=16 alpha=10 par=0,1,2,3,4,4,3,7,1,9,10,11,11,10,9,9 poly=1,16,105,371,782,1030,862,455,146,26,2
SAMPLE n=16 alpha=9 par=0,1,2,3,4,4,3,7,1,9,10,11,11,1,14,15 poly=1,16,105,368,754,934,703,315,77,8
SAMPLE n=16 alpha=10 par=0,1,2,3,4,4,3,7,1,9,10,11,10,10,10,10 poly=1,16,105,376,830,1203,1175,766,318,76,8
SAMPLE n=16 alpha=9 par=0,1,2,3,4,4,3,7,1,9,10,11,10,1,14,15 poly=1,16,105,368,753,926,681,290,66,6
SAMPLE n=16 alpha=10 par=0,1,2,3,4,4,3,7,1,9,10,11,10,1,1,1 poly=1,16,105,373,803,1118,1044,653,261,60,6
SAMPLE n=16 alpha=10 par=0,1,2,3,4,4,3,7,1,9,10,11,9,13,13,9 poly=1,16,105,370,771,985,774,367,101,15,1
SAMPLE n=16 alpha=10 par=0,1,2,3,4,4,3,7,1,9,10,11,9,13,9,9 poly=1,16,105,372,790,1053,893,476,153,27,2
SAMPLE n=16 alpha=9 par=0,1,2,3,4,4,3,7,1,9,10,11,9,13,9,1 poly=1,16,105,370,770,978,755,341,82,8
SAMPLE n=16 alpha=10 par=0,1,2,3,4,4,3,7,1,9,10,11,9,1,14,14 poly=1,16,105,369,762,957,734,339,92,14,1
SAMPLE n=16 alpha=9 par=0,1,2,3,4,4,3,7,1,9,10,11,1,13,13,1 poly=1,16,105,370,771,987,779,367,94,10
SAMPLE n=16 alpha=9 par=0,1,2,3,4,4,3,7,1,9,10,11,1,13,1,15 poly=1,16,105,369,760,941,686,271,46,1
SAMPLE n=16 alpha=10 par=0,1,2,3,4,4,3,7,1,9,10,11,1,1,1,1 poly=1,16,105,376,830,1211,1203,802,342,84,9
SAMPLE n=16 alpha=11 par=0,1,2,3,4,4,3,3,3,1,10,11,10,10,10,1 poly=1,16,105,378,848,1265,1294,914,439,137,25,2
SAMPLE n=16 alpha=11 par=0,1,2,3,4,4,3,3,1,9,10,11,11,9,9,1 poly=1,16,105,373,803,1115,1035,653,279,78,13,1
SAMPLE n=16 alpha=10 par=0,1,2,3,4,4,3,3,1,9,10,11,11,1,14,15 poly=1,16,105,370,774,1009,838,443,144,26,2
SAMPLE n=16 alpha=10 par=0,1,2,3,4,4,3,3,1,9,10,11,10,10,10,9 poly=1,16,105,375,820,1163,1095,681,269,61,6
SAMPLE n=16 alpha=11 par=0,1,2,3,4,4,3,3,1,9,10,11,10,10,10,1 poly=1,16,105,375,823,1189,1176,809,384,121,23,2
SAMPLE n=16 alpha=9 par=0,1,2,3,4,4,3,3,1,9,10,11,10,9,1,15 poly=1,16,105,371,781,1022,836,414,113,13
SAMPLE n=16 alpha=10 par=0,1,2,3,4,4,3,3,1,9,10,11,9,13,13,9 poly=1,16,105,372,791,1059,906,489,159,28,2
SAMPLE n=16 alpha=10 par=0,1,2,3,4,4,3,3,1,9,10,11,9,13,13,1 poly=1,16,105,371,782,1032,873,476,164,33,3
SAMPLE n=16 alpha=10 par=0,1,2,3,4,4,3,3,1,9,10,11,9,13,9,9 poly=1,16,105,374,810,1127,1028,609,224,46,4
SAMPLE n=16 alpha=10 par=0,1,2,3,4,4,3,3,1,9,10,11,9,1,14,15 poly=1,16,105,370,772,994,798,393,113,17,1
SAMPLE n=16 alpha=10 par=0,1,2,3,4,4,3,3,1,9,10,11,9,1,14,1 poly=1,16,105,372,790,1055,900,485,158,28,2
SAMPLE n=16 alpha=9 par=0,1,2,3,4,4,3,3,1,9,10,11,1,13,14,13 poly=1,16,105,370,772,993,791,378,99,11
SAMPLE n=16 alpha=10 par=0,1,2,3,4,4,3,3,1,9,10,11,1,13,13,1 poly=1,16,105,372,791,1063,922,514,178,35,3
SAMPLE n=16 alpha=9 par=0,1,2,3,4,4,3,2,8,1,10,11,12,11,14,10 poly=1,16,105,369,761,947,702,294,62,5
SAMPLE n=16 alpha=10 par=0,1,2,3,4,4,3,2,8,1,10,11,12,1,1,1 poly=1,16,105,373,799,1091,976,569,205,40,3
SAMPLE n=16 alpha=9 par=0,1,2,3,4,4,3,2,1,9,10,11,11,10,9,1 poly=1,16,105,371,781,1022,836,414,113,13
SAMPLE n=16 alpha=10 par=0,1,2,3,4,4,3,2,1,9,10,11,11,9,14,9 poly=1,16,105,371,783,1040,895,505,184,40,4
SAMPLE n=16 alpha=10 par=0,1,2,3,4,4,3,2,1,9,10,11,11,9,1,1 poly=1,16,105,372,791,1063,922,514,178,35,3
SAMPLE n=16 alpha=10 par=0,1,2,3,4,4,3,2,1,9,10,11,9,13,13,9 poly=1,16,105,371,781,1024,849,442,140,25,2
SAMPLE n=16 alpha=10 par=0,1,2,3,4,4,3,2,1,9,10,11,9,9,9,1 poly=1,16,105,374,809,1125,1033,626,241,53,5
SAMPLE n=16 alpha=10 par=0,1,2,3,4,4,2,7,8,7,10,1,12,13,12,12 poly=1,16,105,370,773,1002,820,423,135,25,2
SAMPLE n=16 alpha=10 par=0,1,2,3,4,4,2,7,8,7,7,7,7,1,14,15 poly=1,16,105,376,827,1191,1152,743,307,74,8
SAMPLE n=16 alpha=10 par=0,1,2,3,4,4,2,7,8,7,7,7,1,13,14,15 poly=1,16,105,372,791,1065,928,517,174,31,2
SAMPLE n=16 alpha=9 par=0,1,2,3,4,4,2,7,8,7,2,11,1,13,14,15 poly=1,16,105,369,760,945,707,308,71,6
SAMPLE n=16 alpha=9 par=0,1,2,3,4,4,2,7,8,7,2,1,12,13,14,1 poly=1,16,105,370,770,983,776,371,100,12
SAMPLE n=16 alpha=9 par=0,1,2,3,4,4,2,7,8,7,2,1,12,13,1,15 poly=1,16,105,370,769,977,764,362,98,12
SAMPLE n=16 alpha=9 par=0,1,2,3,4,4,2,7,8,7,1,11,12,13,13,1 poly=1,16,105,369,764,973,776,381,106,13
SAMPLE n=16 alpha=9 par=0,1,2,3,4,4,2,7,8,7,1,11,12,12,1,15 poly=1,16,105,369,763,967,764,372,104,13
SAMPLE n=16 alpha=9 par=0,1,2,3,4,4,2,7,8,7,1,11,12,11,11,1 poly=1,16,105,371,781,1025,848,432,125,16
SAMPLE n=16 alpha=11 par=0,1,2,3,4,4,2,7,7,2,2,2,1,13,14,15 poly=1,16,105,376,825,1181,1141,752,333,94,15,1
SAMPLE n=16 alpha=11 par=0,1,2,3,4,4,2,7,7,2,2,2,1,13,14,14 poly=1,16,105,377,836,1226,1233,860,411,129,24,2
SAMPLE n=16 alpha=11 par=0,1,2,3,4,4,2,7,7,2,2,1,12,13,14,14 poly=1,16,105,373,801,1105,1017,638,273,77,13,1
SAMPLE n=16 alpha=10 par=0,1,2,3,4,4,2,7,7,2,1,11,12,11,11,1 poly=1,16,105,373,799,1089,967,559,204,43,4
SAMPLE n=16 alpha=10 par=0,1,2,3,4,4,2,7,2,1,10,11,12,11,11,11 poly=1,16,105,374,813,1150,1090,692,285,70,8
SAMPLE n=16 alpha=9 par=0,1,2,3,4,4,2,7,2,1,10,11,12,10,14,1 poly=1,16,105,370,770,982,773,369,100,12
SAMPLE n=16 alpha=11 par=0,1,2,3,4,4,2,2,2,1,10,11,12,11,14,10 poly=1,16,105,373,803,1119,1056,689,304,86,14,1
SAMPLE n=16 alpha=10 par=0,1,2,3,4,4,2,2,2,1,10,11,12,11,10,1 poly=1,16,105,374,810,1135,1065,675,281,70,8
SAMPLE n=16 alpha=11 par=0,1,2,3,4,4,2,2,2,1,10,11,12,10,14,15 poly=1,16,105,372,794,1091,1014,650,282,79,13,1
SAMPLE n=16 alpha=11 par=0,1,2,3,4,4,2,1,8,9,8,11,8,8,8,8 poly=1,16,105,381,871,1341,1432,1067,549,189,40,4
SAMPLE n=16 alpha=10 par=0,1,2,3,4,4,2,1,8,9,8,11,8,8,1,1 poly=1,16,105,375,814,1130,1022,598,218,45,4
SAMPLE n=16 alpha=9 par=0,1,2,3,4,4,2,1,8,9,8,11,8,1,14,15 poly=1,16,105,370,770,982,773,370,102,13
SAMPLE n=16 alpha=10 par=0,1,2,3,4,4,2,1,8,9,8,11,1,13,1,1 poly=1,16,105,373,795,1062,900,478,153,27,2
SAMPLE n=16 alpha=10 par=0,1,2,3,4,4,2,1,8,9,8,8,1,13,1,1 poly=1,16,105,375,813,1125,1012,588,213,44,4
SAMPLE n=16 alpha=11 par=0,1,2,3,4,4,2,1,8,9,8,8,1,1,1,1 poly=1,16,105,379,850,1262,1280,894,424,131,24,2
SAMPLE n=16 alpha=9 par=0,1,2,3,4,4,2,1,8,9,8,1,12,1,14,1 poly=1,16,105,373,793,1047,858,422,115,14
SAMPLE n=16 alpha=10 par=0,1,2,3,4,4,2,1,8,9,8,1,12,1,1,1 poly=1,16,105,377,830,1182,1110,682,264,59,6
SAMPLE n=16 alpha=11 par=0,1,2,3,4,4,2,1,8,9,1,11,11,11,11,1 poly=1,16,105,375,818,1163,1120,739,328,93,15,1
SAMPLE n=16 alpha=11 par=0,1,2,3,4,4,2,1,8,9,1,11,1,1,1,1 poly=1,16,105,381,866,1312,1359,963,458,140,25,2
SAMPLE n=16 alpha=12 par=0,1,2,3,4,4,2,1,8,9,1,1,1,1,1,1 poly=1,16,105,387,920,1509,1751,1444,840,337,89,14,1
SAMPLE n=16 alpha=9 par=0,1,2,3,4,3,6,3,8,1,10,11,12,1,1,1 poly=1,16,105,373,800,1095,979,561,186,27
SAMPLE n=16 alpha=9 par=0,1,2,3,4,3,6,3,3,1,10,11,10,13,10,1 poly=1,16,105,374,807,1104,963,518,156,20
SAMPLE n=16 alpha=9 par=0,1,2,3,4,3,6,3,3,1,10,11,10,1,14,15 poly=1,16,105,372,789,1046,869,434,116,12
SAMPLE n=16 alpha=9 par=0,1,2,3,4,3,6,3,3,1,10,11,10,1,14,1 poly=1,16,105,374,807,1108,979,542,172,24
SAMPLE n=16 alpha=8 par=0,1,2,3,4,3,6,3,1,9,10,11,10,13,9,15 poly=1,16,105,369,760,937,669,247,34
SAMPLE n=16 alpha=9 par=0,1,2,3,4,3,6,3,1,9,10,11,10,13,1,1 poly=1,16,105,371,782,1032,870,464,145,20
SAMPLE n=16 alpha=9 par=0,1,2,3,4,3,6,3,1,9,10,11,10,10,1,15 poly=1,16,105,371,782,1029,854,436,126,16
SAMPLE n=16 alpha=8 par=0,1,2,3,4,3,6,3,1,9,10,11,10,9,14,15 poly=1,16,105,369,761,945,690,270,43
SAMPLE n=16 alpha=9 par=0,1,2,3,4,3,6,3,1,9,10,11,10,9,1,1 poly=1,16,105,372,790,1054,895,474,145,20
SAMPLE n=16 alpha=9 par=0,1,2,3,4,3,6,3,1,9,10,11,9,13,13,13 poly=1,16,105,371,782,1029,856,442,131,17
SAMPLE n=16 alpha=9 par=0,1,2,3,4,3,6,3,1,9,10,11,9,13,13,9 poly=1,16,105,371,780,1013,810,381,94,9
SAMPLE n=16 alpha=9 par=0,1,2,3,4,3,6,3,1,9,10,11,9,13,9,9 poly=1,16,105,373,799,1081,930,492,145,18
SAMPLE n=16 alpha=9 par=0,1,2,3,4,3,6,3,1,9,10,11,9,13,9,1 poly=1,16,105,371,779,1007,797,368,88,8
SAMPLE n=16 alpha=10 par=0,1,2,3,4,3,6,3,1,9,10,11,9,9,1,1 poly=1,16,105,373,799,1086,956,544,195,41,4
SAMPLE n=16 alpha=9 par=0,1,2,3,4,3,6,2,8,1,10,11,12,11,11,1 poly=1,16,105,370,771,986,778,371,100,12
SAMPLE n=16 alpha=9 par=0,1,2,3,4,3,6,2,8,1,10,11,12,10,10,1 poly=1,16,105,370,769,973,746,334,80,8
SAMPLE n=16 alpha=10 par=0,1,2,3,4,3,6,2,1,9,10,11,10,10,10,10 poly=1,16,105,376,829,1195,1149,722,277,56,4
SAMPLE n=16 alpha=10 par=0,1,2,3,4,3,6,2,1,9,10,11,10,10,10,1 poly=1,16,105,373,801,1098,982,566,197,35,2
SAMPLE n=16 alpha=10 par=0,1,2,3,4,3,6,2,1,9,10,11,9,1,1,1 poly=1,16,105,373,796,1067,906,474,141,20,1
SAMPLE n=16 alpha=10 par=0,1,2,3,4,3,6,2,1,9,10,11,1,13,13,13 poly=1,16,105,370,771,989,790,389,112,16,1
SAMPLE n=16 alpha=9 par=0,1,2,3,4,3,6,2,1,9,10,11,1,13,13,1 poly=1,16,105,370,768,966,725,304,61,4
SAMPLE n=16 alpha=10 par=0,1,2,3,4,3,3,3,3,2,10,2,1,13,14,1 poly=1,16,105,378,839,1216,1177,753,302,67,6
SAMPLE n=16 alpha=10 par=0,1,2,3,4,3,3,3,3,2,2,1,12,13,14,13 poly=1,16,105,378,843,1237,1225,816,352,89,10
SAMPLE n=16 alpha=11 par=0,1,2,3,4,3,3,3,3,2,1,11,12,13,11,11 poly=1,16,105,378,847,1262,1289,908,435,136,25,2
SAMPLE n=16 alpha=11 par=0,1,2,3,4,3,3,3,3,2,1,11,12,1,1,1 poly=1,16,105,381,873,1357,1480,1139,607,213,44,4
SAMPLE n=16 alpha=9 par=0,1,2,3,4,3,3,3,2,1,10,11,12,10,14,1 poly=1,16,105,373,798,1078,930,499,152,20
SAMPLE n=16 alpha=11 par=0,1,2,3,4,3,3,2,8,8,8,8,1,13,14,1 poly=1,16,105,375,820,1180,1170,812,388,122,23,2
SAMPLE n=16 alpha=10 par=0,1,2,3,4,3,3,2,8,8,8,2,1,13,14,15 poly=1,16,105,373,797,1077,939,524,178,32,2
SAMPLE n=16 alpha=10 par=0,1,2,3,4,3,3,2,8,8,2,11,11,1,14,15 poly=1,16,105,372,785,1028,848,439,139,25,2
SAMPLE n=16 alpha=10 par=0,1,2,3,4,3,3,2,8,8,2,2,2,1,14,15 poly=1,16,105,378,836,1198,1135,706,277,62,6
SAMPLE n=16 alpha=9 par=0,1,2,3,4,3,3,2,8,8,2,1,12,13,1,15 poly=1,16,105,372,785,1025,831,405,108,12
SAMPLE n=16 alpha=10 par=0,1,2,3,4,3,3,2,8,8,1,11,12,13,12,1 poly=1,16,105,371,781,1028,869,479,172,38,4
SAMPLE n=16 alpha=9 par=0,1,2,3,4,3,3,2,8,8,1,11,12,13,11,15 poly=1,16,105,370,771,988,785,378,102,12
SAMPLE n=16 alpha=10 par=0,1,2,3,4,3,3,1,8,9,8,1,12,13,1,1 poly=1,16,105,374,808,1122,1033,635,253,59,6
SAMPLE n=16 alpha=11 par=0,1,2,3,4,3,3,1,8,9,8,1,1,1,1,1 poly=1,16,105,383,890,1418,1600,1282,715,265,59,6
SAMPLE n=16 alpha=10 par=0,1,2,3,4,3,3,1,8,9,1,11,12,1,14,14 poly=1,16,105,371,780,1021,848,444,141,25,2
SAMPLE n=16 alpha=11 par=0,1,2,3,4,3,2,7,7,7,7,7,1,13,14,1 poly=1,16,105,377,838,1242,1275,906,433,133,24,2
SAMPLE n=16 alpha=10 par=0,1,2,3,4,3,2,7,7,7,7,2,12,1,14,15 poly=1,16,105,374,805,1105,993,580,206,37,2
SAMPLE n=16 alpha=9 par=0,1,2,3,4,3,2,7,7,7,1,11,12,11,1,15 poly=1,16,105,371,780,1022,851,445,135,18
SAMPLE n=16 alpha=10 par=0,1,2,3,4,3,2,7,7,7,1,11,12,11,1,1 poly=1,16,105,373,799,1093,988,598,237,56,6
SAMPLE n=16 alpha=10 par=0,1,2,3,4,3,2,7,2,2,1,11,12,13,11,11 poly=1,16,105,374,808,1121,1030,632,252,59,6
SAMPLE n=16 alpha=10 par=0,1,2,3,4,3,2,2,2,2,2,1,12,13,1,15 poly=1,16,105,381,864,1303,1339,927,412,106,12
SAMPLE n=16 alpha=11 par=0,1,2,3,4,3,2,2,2,2,1,11,12,1,1,1 poly=1,16,105,381,864,1306,1363,996,505,170,34,3
SAMPLE n=16 alpha=8 par=0,1,2,3,4,3,2,1,8,9,10,9,1,13,14,15 poly=1,16,105,368,752,918,655,250,39
SAMPLE n=16 alpha=8 par=0,1,2,3,4,3,2,1,8,9,10,9,1,13,1,15 poly=1,16,105,370,768,965,719,291,49
SAMPLE n=16 alpha=10 par=0,1,2,3,4,3,2,1,8,9,10,8,12,12,12,8 poly=1,16,105,372,790,1056,906,497,169,33,3
SAMPLE n=16 alpha=9 par=0,1,2,3,4,3,2,1,8,9,10,8,12,12,12,1 poly=1,16,105,371,781,1026,856,447,135,18
SAMPLE n=16 alpha=9 par=0,1,2,3,4,3,2,1,8,9,10,8,1,13,14,13 poly=1,16,105,369,760,943,696,290,62,6
SAMPLE n=16 alpha=8 par=0,1,2,3,4,3,2,1,8,9,10,1,12,13,14,1 poly=1,16,105,369,760,943,694,280,48
SAMPLE n=16 alpha=11 par=0,1,2,3,4,2,6,7,2,2,2,2,2,1,14,15 poly=1,16,105,385,899,1427,1573,1193,608,198,37,3
SAMPLE n=16 alpha=10 par=0,1,2,3,4,2,6,7,2,2,1,11,12,13,1,15 poly=1,16,105,371,777,1002,805,401,119,18,1
SAMPLE n=16 alpha=11 par=0,1,2,3,4,2,6,7,2,2,1,11,12,1,1,1 poly=1,16,105,376,821,1157,1088,695,301,85,14,1
SAMPLE n=16 alpha=11 par=0,1,2,3,4,2,6,6,6,6,6,2,1,13,14,1 poly=1,16,105,378,843,1246,1261,872,398,112,17,1
SAMPLE n=16 alpha=10 par=0,1,2,3,4,2,6,6,6,6,2,11,11,1,14,15 poly=1,16,105,374,806,1114,1022,623,241,53,5
SAMPLE n=16 alpha=10 par=0,1,2,3,4,2,6,6,6,6,1,11,12,1,14,1 poly=1,16,105,374,809,1132,1062,667,267,61,6
SAMPLE n=16 alpha=11 par=0,1,2,3,4,2,6,6,2,2,2,2,2,1,14,15 poly=1,16,105,386,904,1434,1575,1193,608,198,37,3
SAMPLE n=16 alpha=10 par=0,1,2,3,4,2,6,6,2,2,2,1,12,13,14,1 poly=1,16,105,376,820,1145,1042,613,224,46,4
SAMPLE n=16 alpha=10 par=0,1,2,3,4,2,6,6,2,2,2,1,12,13,1,15 poly=1,16,105,376,819,1141,1037,611,224,46,4
SAMPLE n=16 alpha=10 par=0,1,2,3,4,2,6,2,8,2,2,2,2,1,14,15 poly=1,16,105,385,893,1384,1452,1013,447,112,12
SAMPLE n=16 alpha=9 par=0,1,2,3,4,2,6,2,8,2,1,11,12,13,11,15 poly=1,16,105,371,777,997,779,354,84,8
SAMPLE n=16 alpha=9 par=0,1,2,3,4,2,6,2,8,2,1,11,12,13,1,1 poly=1,16,105,373,792,1042,849,414,110,12
SAMPLE n=16 alpha=10 par=0,1,2,3,4,2,1,7,8,9,7,1,12,13,14,12 poly=1,16,105,368,751,915,663,286,78,13,1
SAMPLE n=16 alpha=10 par=0,1,2,3,4,2,1,7,8,9,7,1,12,13,13,12 poly=1,16,105,369,761,952,725,332,90,14,1
SAMPLE n=16 alpha=10 par=0,1,2,3,4,2,1,7,8,9,7,1,12,13,13,1 poly=1,16,105,370,770,984,782,384,112,17,1
SAMPLE n=16 alpha=9 par=0,1,2,3,4,2,1,7,8,9,7,1,12,13,12,1 poly=1,16,105,370,767,961,717,300,62,5
SAMPLE n=16 alpha=10 par=0,1,2,3,4,2,1,7,8,9,1,11,12,12,1,1 poly=1,16,105,372,789,1055,915,517,184,37,3
SAMPLE n=16 alpha=9 par=0,1,2,3,4,2,1,7,8,9,1,11,12,1,14,1 poly=1,16,105,371,775,986,756,331,73,6
SAMPLE n=16 alpha=10 par=0,1,2,3,4,2,1,7,8,9,1,11,11,11,11,1 poly=1,16,105,374,807,1117,1020,613,231,48,4
SAMPLE n=16 alpha=10 par=0,1,2,3,4,2,1,7,8,9,1,11,11,11,1,15 poly=1,16,105,371,777,1002,804,398,116,17,1
SAMPLE n=16 alpha=10 par=0,1,2,3,4,2,1,7,8,9,1,11,1,1,1,1 poly=1,16,105,380,855,1266,1253,813,326,71,6
SAMPLE n=16 alpha=12 par=0,1,2,3,3,3,3,3,1,9,10,10,10,1,14,15 poly=1,16,105,378,856,1330,1477,1188,690,283,78,13,1
SAMPLE n=16 alpha=12 par=0,1,2,3,3,3,3,3,1,9,10,9,9,9,9,1 poly=1,16,105,385,917,1527,1840,1622,1037,467,140,25,2
SAMPLE n=16 alpha=10 par=0,1,2,3,3,3,3,3,1,9,10,9,1,13,14,13 poly=1,16,105,377,842,1260,1299,911,414,110,13
SAMPLE n=16 alpha=11 par=0,1,2,3,3,3,3,3,1,9,10,9,1,13,13,13 poly=1,16,105,379,863,1345,1482,1158,631,229,50,5
SAMPLE n=16 alpha=11 par=0,1,2,3,3,3,3,2,8,1,10,10,1,13,1,1 poly=1,16,105,378,844,1251,1278,909,441,138,25,2
SAMPLE n=16 alpha=12 par=0,1,2,3,3,3,3,2,8,1,10,10,1,1,1,1 poly=1,16,105,382,882,1396,1579,1296,767,318,87,14,1
SAMPLE n=16 alpha=11 par=0,1,2,3,3,3,3,2,1,9,9,9,1,13,1,15 poly=1,16,105,377,836,1223,1222,839,387,113,18,1
SAMPLE n=16 alpha=10 par=0,1,2,3,3,3,3,2,1,9,1,11,1,13,1,15 poly=1,16,105,377,831,1186,1115,677,244,41,1
SAMPLE n=16 alpha=11 par=0,1,2,3,3,3,2,7,7,1,10,11,10,13,1,1 poly=1,16,105,373,799,1095,1004,638,281,82,14,1
SAMPLE n=16 alpha=10 par=0,1,2,3,3,3,2,7,7,1,10,11,10,10,1,15 poly=1,16,105,373,800,1099,1002,612,243,57,6
SAMPLE n=16 alpha=11 par=0,1,2,3,3,3,2,7,7,1,10,11,1,13,14,1 poly=1,16,105,372,790,1066,959,598,259,75,13,1
SAMPLE n=16 alpha=11 par=0,1,2,3,3,3,2,7,7,1,10,11,1,13,13,13 poly=1,16,105,373,802,1116,1052,681,299,85,14,1
SAMPLE n=16 alpha=10 par=0,1,2,3,3,3,2,7,2,1,10,10,1,13,13,1 poly=1,16,105,375,813,1128,1026,612,232,51,5
SAMPLE n=16 alpha=11 par=0,1,2,3,3,3,1,7,8,8,8,1,12,13,12,12 poly=1,16,105,374,816,1177,1170,814,393,126,24,2
SAMPLE n=16 alpha=11 par=0,1,2,3,3,3,1,7,8,8,7,11,11,7,14,1 poly=1,16,105,373,799,1091,986,606,253,70,12,1
SAMPLE n=16 alpha=11 par=0,1,2,3,3,3,1,7,8,8,7,11,11,1,14,1 poly=1,16,105,373,802,1116,1058,704,329,105,21,2
SAMPLE n=16 alpha=10 par=0,1,2,3,3,3,1,7,8,8,7,11,7,13,7,15 poly=1,16,105,374,805,1095,951,517,164,25,1
SAMPLE n=16 alpha=10 par=0,1,2,3,3,3,1,7,8,8,7,11,7,13,7,7 poly=1,16,105,378,842,1228,1198,777,322,77,8
SAMPLE n=16 alpha=11 par=0,1,2,3,3,3,1,7,8,8,7,11,7,7,7,7 poly=1,16,105,383,888,1396,1530,1174,620,215,44,4
SAMPLE n=16 alpha=11 par=0,1,2,3,3,3,1,7,8,8,7,7,1,13,13,13 poly=1,16,105,375,823,1196,1199,839,404,128,24,2
SAMPLE n=16 alpha=10 par=0,1,2,3,3,3,1,7,8,8,7,1,12,13,12,15 poly=1,16,105,371,783,1041,894,494,167,30,2
SAMPLE n=16 alpha=11 par=0,1,2,3,3,3,1,7,8,8,7,1,12,13,1,1 poly=1,16,105,375,820,1179,1169,816,396,127,24,2
SAMPLE n=16 alpha=12 par=0,1,2,3,3,3,1,7,8,8,7,1,1,1,1,1 poly=1,16,105,384,902,1477,1751,1520,961,432,131,24,2
SAMPLE n=16 alpha=11 par=0,1,2,3,3,3,1,7,8,8,1,11,12,11,11,11 poly=1,16,105,375,823,1194,1188,820,389,122,23,2
SAMPLE n=16 alpha=12 par=0,1,2,3,3,3,1,7,8,8,1,11,12,1,1,1 poly=1,16,105,378,850,1300,1427,1144,667,276,77,13,1
SAMPLE n=16 alpha=9 par=0,1,2,3,3,3,1,7,8,7,10,7,12,7,1,15 poly=1,16,105,374,806,1104,976,547,179,26
SAMPLE n=16 alpha=10 par=0,1,2,3,3,3,1,7,8,7,10,7,7,1,14,1 poly=1,16,105,376,825,1177,1124,721,301,74,8
SAMPLE n=16 alpha=10 par=0,1,2,3,3,3,1,7,8,7,10,7,1,13,14,1 poly=1,16,105,373,799,1091,979,583,224,50,5
SAMPLE n=16 alpha=12 par=0,1,2,3,3,3,1,7,8,7,7,7,7,7,1,1 poly=1,16,105,385,907,1475,1719,1461,907,404,123,23,2
SAMPLE n=16 alpha=11 par=0,1,2,3,3,3,1,7,8,7,7,7,1,13,13,13 poly=1,16,105,377,842,1267,1338,1003,527,186,40,4
SAMPLE n=16 alpha=12 par=0,1,2,3,3,3,1,7,8,7,7,7,1,1,1,1 poly=1,16,105,383,890,1425,1646,1401,878,396,122,23,2
SAMPLE n=16 alpha=10 par=0,1,2,3,3,3,1,7,8,7,7,1,12,13,12,12 poly=1,16,105,374,812,1149,1095,703,293,72,8
SAMPLE n=16 alpha=12 par=0,1,2,3,3,3,1,7,8,7,1,1,1,1,1,1 poly=1,16,105,389,941,1601,1976,1786,1177,553,176,34,3
SAMPLE n=16 alpha=11 par=0,1,2,3,3,3,1,7,8,1,10,10,10,1,14,14 poly=1,16,105,374,810,1141,1093,720,321,92,15,1
SAMPLE n=16 alpha=11 par=0,1,2,3,3,3,1,7,8,1,10,10,10,1,14,1 poly=1,16,105,376,826,1190,1173,806,383,121,23,2
SAMPLE n=16 alpha=10 par=0,1,2,3,3,2,6,6,2,1,10,11,10,13,10,10 poly=1,16,105,375,817,1147,1058,634,235,48,4
SAMPLE n=16 alpha=10 par=0,1,2,3,3,2,6,6,2,1,10,11,10,10,1,15 poly=1,16,105,373,796,1069,918,499,164,29,2
SAMPLE n=16 alpha=9 par=0,1,2,3,3,2,6,2,8,1,10,11,10,1,14,1 poly=1,16,105,372,782,1003,773,337,73,6
SAMPLE n=16 alpha=9 par=0,1,2,3,3,2,6,2,1,9,10,9,1,13,1,15 poly=1,16,105,372,782,1003,772,333,68,4
SAMPLE n=16 alpha=11 par=0,1,2,3,3,2,6,2,1,9,10,1,1,1,1,1 poly=1,16,105,383,882,1372,1487,1122,574,189,36,3
SAMPLE n=16 alpha=11 par=0,1,2,3,3,2,2,2,2,1,10,11,11,10,1,1 poly=1,16,105,380,858,1286,1318,930,445,138,25,2
SAMPLE n=16 alpha=12 par=0,1,2,3,3,1,6,7,1,9,9,1,1,1,1,1 poly=1,16,105,387,915,1485,1706,1399,814,329,88,14,1
SAMPLE n=16 alpha=10 par=0,1,2,3,3,1,6,7,1,9,1,11,1,13,1,1 poly=1,16,105,380,851,1243,1207,775,318,76,8
SAMPLE n=16 alpha=11 par=0,1,2,3,3,1,6,7,1,9,1,11,1,1,1,1 poly=1,16,105,386,904,1435,1582,1212,634,217,44,4
SAMPLE n=16 alpha=8 par=0,1,2,3,2,5,2,7,2,1,10,11,10,13,10,1 poly=1,16,105,374,801,1066,866,394,77
SAMPLE n=16 alpha=9 par=0,1,2,3,2,5,2,7,2,1,10,11,10,10,10,1 poly=1,16,105,377,831,1183,1100,650,223,34
SAMPLE n=16 alpha=11 par=0,1,2,3,2,5,2,2,2,1,10,11,1,1,1,1 poly=1,16,105,384,887,1381,1500,1149,611,214,44,4
SAMPLE n=16 alpha=9 par=0,1,2,3,2,1,6,7,1,9,9,1,12,12,1,15 poly=1,16,105,373,788,1019,801,370,93,10
SAMPLE n=16 alpha=10 par=0,1,2,3,2,1,6,7,1,9,1,11,1,1,1,1 poly=1,16,105,386,897,1389,1454,1013,447,112,12
SAMPLE n=16 alpha=11 par=0,1,2,2,2,1,6,6,6,1,10,10,10,1,14,1 poly=1,16,105,379,846,1247,1266,903,450,151,31,3
SAMPLE n=16 alpha=12 par=0,1,2,2,2,1,6,6,6,1,10,1,1,1,1,1 poly=1,16,105,391,939,1551,1824,1552,956,419,125,23,2
TOP5 rank=0 n=16 alpha=14 k=7 q=9 num=2724691 den=11874916 par=0,1,2,2,2,2,2,2,2,1,1,1,1,1,1,1 poly=1,16,105,406,1071,2072,3045,3446,3005,2002,1001,364,91,14,1
TOP5 rank=1 n=16 alpha=13 k=7 q=9 num=806796 den=3370896 par=0,1,2,3,3,3,3,3,1,9,10,10,10,10,1,1 poly=1,16,105,383,907,1532,1925,1836,1332,725,287,78,13,1
TOP5 rank=2 n=16 alpha=13 k=7 q=9 num=808128 den=3370896 par=0,1,2,3,3,3,3,3,1,9,10,10,10,1,1,1 poly=1,16,105,383,906,1530,1924,1836,1332,725,287,78,13,1
TOP5 rank=3 n=16 alpha=13 k=6 q=9 num=1572142 den=6451600 par=0,1,2,3,3,3,3,3,3,1,10,1,1,1,1,1 poly=1,16,105,394,1000,1842,2540,2649,2080,1210,506,144,25,2
TOP5 rank=4 n=16 alpha=13 k=7 q=9 num=867535 den=3556996 par=0,1,2,3,3,3,1,7,8,8,8,1,1,1,1,1 poly=1,16,105,385,919,1566,1979,1886,1359,733,288,78,13,1
TOP5 rank=5 n=16 alpha=13 k=6 q=9 num=1587292 den=6502500 par=0,1,2,3,3,3,3,3,3,1,10,10,10,10,10,10 poly=1,16,105,394,1005,1852,2550,2654,2081,1210,506,144,25,2
TOP5 rank=6 n=16 alpha=13 k=6 q=9 num=998446 den=4080400 par=0,1,2,3,3,3,3,3,1,9,10,10,10,10,10,1 poly=1,16,105,385,925,1587,2020,1942,1409,760,296,79,13,1
TOP5 rank=7 n=16 alpha=13 k=6 q=9 num=995535 den=4064256 par=0,1,2,3,3,3,3,3,1,9,10,10,1,1,1,1 poly=1,16,105,385,922,1581,2016,1941,1409,760,296,79,13,1
TOP5 rank=8 n=16 alpha=13 k=6 q=9 num=1215069 den=4906225 par=0,1,2,3,3,3,3,3,1,9,10,1,1,1,1,1 poly=1,16,105,389,955,1687,2215,2188,1618,880,341,89,14,1
TOP5 rank=9 n=16 alpha=13 k=6 q=9 num=1259929 den=5040025 par=0,1,2,3,3,3,3,3,3,1,10,10,10,10,10,1 poly=1,16,105,390,966,1712,2245,2208,1625,881,341,89,14,1
TOP5 rank=10 n=16 alpha=13 k=6 q=9 num=1256939 den=5022081 par=0,1,2,3,3,3,3,3,3,1,10,10,1,1,1,1 poly=1,16,105,390,963,1706,2241,2207,1625,881,341,89,14,1
TOP5 rank=11 n=16 alpha=13 k=7 q=9 num=1017416 den=4064256 par=0,1,2,3,3,3,1,7,8,8,1,1,1,1,1,1 poly=1,16,105,389,948,1649,2110,2016,1444,769,297,79,13,1
TOP4 rank=0 n=16 alpha=14 k=7 q=9 num=2724691 den=11874916 par=0,1,2,2,2,2,2,2,2,1,1,1,1,1,1,1 poly=1,16,105,406,1071,2072,3045,3446,3005,2002,1001,364,91,14,1
TOP4 rank=1 n=16 alpha=13 k=7 q=9 num=806796 den=3370896 par=0,1,2,3,3,3,3,3,1,9,10,10,10,10,1,1 poly=1,16,105,383,907,1532,1925,1836,1332,725,287,78,13,1
TOP4 rank=2 n=16 alpha=13 k=7 q=9 num=808128 den=3370896 par=0,1,2,3,3,3,3,3,1,9,10,10,10,1,1,1 poly=1,16,105,383,906,1530,1924,1836,1332,725,287,78,13,1
TOP4 rank=3 n=16 alpha=13 k=6 q=9 num=1572142 den=6451600 par=0,1,2,3,3,3,3,3,3,1,10,1,1,1,1,1 poly=1,16,105,394,1000,1842,2540,2649,2080,1210,506,144,25,2
TOP4 rank=4 n=16 alpha=13 k=7 q=9 num=867535 den=3556996 par=0,1,2,3,3,3,1,7,8,8,8,1,1,1,1,1 poly=1,16,105,385,919,1566,1979,1886,1359,733,288,78,13,1
TOP4 rank=5 n=16 alpha=13 k=6 q=9 num=1587292 den=6502500 par=0,1,2,3,3,3,3,3,3,1,10,10,10,10,10,10 poly=1,16,105,394,1005,1852,2550,2654,2081,1210,506,144,25,2
TOP4 rank=6 n=16 alpha=13 k=6 q=9 num=998446 den=4080400 par=0,1,2,3,3,3,3,3,1,9,10,10,10,10,10,1 poly=1,16,105,385,925,1587,2020,1942,1409,760,296,79,13,1
TOP4 rank=7 n=16 alpha=13 k=6 q=9 num=995535 den=4064256 par=0,1,2,3,3,3,3,3,1,9,10,10,1,1,1,1 poly=1,16,105,385,922,1581,2016,1941,1409,760,296,79,13,1
TOP4 rank=8 n=16 alpha=13 k=6 q=9 num=1215069 den=4906225 par=0,1,2,3,3,3,3,3,1,9,10,1,1,1,1,1 poly=1,16,105,389,955,1687,2215,2188,1618,880,341,89,14,1
TOP4 rank=9 n=16 alpha=13 k=6 q=9 num=1259929 den=5040025 par=0,1,2,3,3,3,3,3,3,1,10,10,10,10,10,1 poly=1,16,105,390,966,1712,2245,2208,1625,881,341,89,14,1
TOP4 rank=10 n=16 alpha=13 k=6 q=9 num=1256939 den=5022081 par=0,1,2,3,3,3,3,3,3,1,10,10,1,1,1,1 poly=1,16,105,390,963,1706,2241,2207,1625,881,341,89,14,1
TOP4 rank=11 n=16 alpha=13 k=7 q=9 num=1017416 den=4064256 par=0,1,2,3,3,3,1,7,8,8,1,1,1,1,1,1 poly=1,16,105,389,948,1649,2110,2016,1444,769,297,79,13,1
VDMIN_FLOAT n=16 value=0.660078082304 k=6 alpha=9 q=6 lambda=2.00911623734 V=1.43202022754 delta=0.460941870518 par=0,1,2,3,3,2,6,2,8,1,10,11,10,13,10,15 poly=1,16,105,371,776,986,742,301,51,1
PERK n=16 alpha=14 k=4 q=9 num=305809 den=1147041 par=0,1,2,2,2,2,2,2,2,1,1,1,1,1,1,1
PERK n=16 alpha=14 k=5 q=9 num=1031989 den=4293184 par=0,1,2,2,2,2,2,2,2,1,1,1,1,1,1,1
PERK n=16 alpha=14 k=6 q=9 num=2131913 den=9272025 par=0,1,2,2,2,2,2,2,2,1,1,1,1,1,1,1
PERK n=16 alpha=14 k=7 q=9 num=2724691 den=11874916 par=0,1,2,2,2,2,2,2,2,1,1,1,1,1,1,1
PERK n=16 alpha=14 k=8 q=9 num=2131133 den=9030025 par=0,1,2,2,2,2,2,2,2,1,1,1,1,1,1,1
PERK n=16 alpha=14 k=9 q=9 num=999999 den=4008004 par=0,1,2,2,2,2,2,2,2,1,1,1,1,1,1,1
PERALPHA n=16 alpha=8 k=4 q=5 num=242917 den=641601 par=0,1,2,3,2,5,2,7,2,1,10,11,10,13,10,1
PERALPHA n=16 alpha=9 k=5 q=6 num=503643 den=1459264 par=0,1,2,3,2,5,2,2,2,1,10,11,10,13,10,1
PERALPHA n=16 alpha=10 k=5 q=7 num=504973 den=1635841 par=0,1,2,3,3,3,3,3,1,9,10,9,1,13,1,15
PERALPHA n=16 alpha=11 k=6 q=7 num=552027 den=1971216 par=0,1,2,3,4,4,4,4,2,2,2,1,12,13,12,15
PERALPHA n=16 alpha=12 k=7 q=8 num=247563 den=962361 par=0,1,2,2,2,1,6,6,6,1,10,10,10,1,14,14
PERALPHA n=16 alpha=13 k=7 q=9 num=806796 den=3370896 par=0,1,2,3,3,3,3,3,1,9,10,10,10,10,1,1
PERALPHA n=16 alpha=14 k=7 q=9 num=2724691 den=11874916 par=0,1,2,2,2,2,2,2,2,1,1,1,1,1,1,1
TOPQ n=16 alpha=14 k=9 q=9 num=999999 den=4008004 par=0,1,2,2,2,2,2,2,2,1,1,1,1,1,1,1
NEWTON n=16 alpha=12 k=8 q=8 num=3769740 den=4047732 par=0,1,2,2,2,1,6,6,6,1,10,10,10,1,14,14
NEWTONFAIL_DIST n=16 q_minus_k=0 trees=154
NEWTONFAIL_DIST n=16 q_minus_k=1 trees=53
NEWTONFAIL_DIST n=16 q_minus_k=2 trees=24
NEWTONFAIL_DIST n=16 q_minus_k=3 trees=7
NEWTONFAIL_DIST n=16 q_minus_k=4 trees=8
NEWTONFAIL_DIST n=16 q_minus_k=5 trees=3
VDBIN_FLOAT n=16 bin_lo=0 value=0.660078082304 k=6 alpha=9 q=6 lambda=2.00911623734 V=1.43202022754 delta=0.460941870518 par=0,1,2,3,3,2,6,2,8,1,10,11,10,13,10,15
VDBIN_FLOAT n=16 bin_lo=2 value=0.696627977833 k=7 alpha=10 q=7 lambda=2.24109086071 V=2.07478371981 delta=0.335759323337 par=0,1,2,3,4,5,5,3,3,1,10,11,12,11,14,1
STATS n=16 trees=3889 viol5=0 viol4=0 zero5=0 zero4=0 nonunimodal=0 sampled=398 newton_fail_trees=249
