SAMPLE n=16 alpha=10 par=0,1,2,3,4,5,6,6,6,6,6,1,12,13,14,15 poly=1,16,105,374,815,1167,1131,726,291,65,6
SAMPLE n=16 alpha=10 par=0,1,2,3,4,5,6,6,4,4,1,11,12,13,14,14 poly=1,16,105,369,767,996,843,476,176,39,4
SAMPLE n=16 alpha=9 par=0,1,2,3,4,5,6,6,3,9,9,1,12,13,14,15 poly=1,16,105,367,745,904,655,275,62,6
SAMPLE n=16 alpha=9 par=0,1,2,3,4,5,6,6,2,9,9,1,12,13,14,15 poly=1,16,105,367,745,904,656,279,64,6
SAMPLE n=16 alpha=10 par=0,1,2,3,4,5,6,6,1,9,10,11,12,11,11,11 poly=1,16,105,371,785,1052,915,511,173,31,2
SAMPLE n=16 alpha=9 par=0,1,2,3,4,5,6,6,1,9,10,11,12,10,14,9 poly=1,16,105,367,744,896,635,255,52,4
SAMPLE n=16 alpha=9 par=0,1,2,3,4,5,6,5,4,3,3,1,12,13,14,15 poly=1,16,105,369,762,956,726,318,70,5
SAMPLE n=16 alpha=9 par=0,1,2,3,4,5,6,5,4,3,1,11,12,13,14,12 poly=1,16,105,368,753,924,671,273,56,5
SAMPLE n=16 alpha=9 par=0,1,2,3,4,5,6,5,4,3,1,11,12,13,14,1 poly=1,16,105,368,753,925,675,278,58,5
SAMPLE n=16 alpha=9 par=0,1,2,3,4,5,6,5,2,2,2,1,12,13,14,15 poly=1,16,105,371,784,1046,899,486,150,20
SAMPLE n=16 alpha=9 par=0,1,2,3,4,5,6,4,8,9,1,11,12,13,14,15 poly=1,16,105,365,724,822,509,156,21,1
SAMPLE n=16 alpha=9 par=0,1,2,3,4,5,6,4,4,1,10,11,12,13,14,11 poly=1,16,105,368,755,941,722,338,89,10
SAMPLE n=16 alpha=10 par=0,1,2,3,4,5,6,4,2,1,10,11,12,13,11,1 poly=1,16,105,368,754,934,705,324,90,14,1
SAMPLE n=16 alpha=8 par=0,1,2,3,4,5,6,3,8,3,1,11,12,13,14,11 poly=1,16,105,368,753,925,673,268,45
SAMPLE n=16 alpha=9 par=0,1,2,3,4,5,6,2,8,8,1,11,12,13,14,15 poly=1,16,105,366,734,859,570,199,31,1
SAMPLE n=16 alpha=9 par=0,1,2,3,4,5,6,2,2,1,10,11,12,13,14,1 poly=1,16,105,368,753,926,679,283,60,5
SAMPLE n=16 alpha=11 par=0,1,2,3,4,5,5,5,5,4,4,4,1,13,14,15 poly=1,16,105,376,827,1192,1168,789,362,106,17,1
SAMPLE n=16 alpha=10 par=0,1,2,3,4,5,5,5,5,4,4,1,12,13,14,15 poly=1,16,105,373,801,1102,1000,600,230,51,5
SAMPLE n=16 alpha=11 par=0,1,2,3,4,5,5,5,5,4,2,1,12,13,14,14 poly=1,16,105,373,805,1129,1066,683,292,80,13,1
SAMPLE n=16 alpha=10 par=0,1,2,3,4,5,5,5,5,4,2,1,12,13,14,1 poly=1,16,105,373,803,1113,1020,614,231,48,4
SAMPLE n=16 alpha=11 par=0,1,2,3,4,5,5,5,5,4,1,11,12,13,13,13 poly=1,16,105,374,816,1173,1155,786,362,106,17,1
SAMPLE n=16 alpha=10 par=0,1,2,3,4,5,5,5,5,4,1,11,12,13,12,11 poly=1,16,105,373,803,1111,1013,603,221,43,3
SAMPLE n=16 alpha=10 par=0,1,2,3,4,5,5,5,4,9,9,1,12,13,14,15 poly=1,16,105,369,764,974,785,403,125,20,1
SAMPLE n=16 alpha=10 par=0,1,2,3,4,5,5,5,4,9,9,1,12,13,14,12 poly=1,16,105,370,774,1011,853,473,167,34,3
SAMPLE n=16 alpha=9 par=0,1,2,3,4,5,5,5,4,9,4,11,1,13,14,15 poly=1,16,105,370,769,974,752,345,86,8
SAMPLE n=16 alpha=10 par=0,1,2,3,4,5,5,5,4,9,4,4,1,13,14,15 poly=1,16,105,373,797,1074,928,510,171,31,2
SAMPLE n=16 alpha=10 par=0,1,2,3,4,5,5,5,4,9,3,2,1,13,14,15 poly=1,16,105,370,772,996,809,412,125,19,1
SAMPLE n=16 alpha=10 par=0,1,2,3,4,5,5,5,4,9,2,2,1,13,14,15 poly=1,16,105,371,784,1048,914,520,185,37,3
SAMPLE n=16 alpha=10 par=0,1,2,3,4,5,5,5,4,9,2,1,12,13,14,12 poly=1,16,105,370,774,1010,847,462,159,32,3
SAMPLE n=16 alpha=10 par=0,1,2,3,4,5,5,5,4,9,1,11,12,13,13,12 poly=1,16,105,370,774,1007,831,432,134,21,1
SAMPLE n=16 alpha=10 par=0,1,2,3,4,5,5,5,4,9,1,11,12,13,13,1 poly=1,16,105,370,775,1016,857,466,157,29,2
SAMPLE n=16 alpha=9 par=0,1,2,3,4,5,5,5,4,9,1,11,12,13,11,15 poly=1,16,105,369,763,963,749,354,93,10
SAMPLE n=16 alpha=11 par=0,1,2,3,4,5,5,5,4,1,10,11,12,12,10,10 poly=1,16,105,372,796,1099,1023,656,288,83,14,1
SAMPLE n=16 alpha=10 par=0,1,2,3,4,5,5,5,4,1,10,11,12,12,1,1 poly=1,16,105,372,796,1097,1006,616,244,57,6
SAMPLE n=16 alpha=11 par=0,1,2,3,4,5,5,5,3,1,10,11,12,12,10,1 poly=1,16,105,371,787,1071,982,622,270,77,13,1
SAMPLE n=16 alpha=10 par=0,1,2,3,4,5,5,5,3,1,10,11,12,10,14,14 poly=1,16,105,370,776,1025,887,510,189,41,4
SAMPLE n=16 alpha=10 par=0,1,2,3,4,5,5,5,1,9,10,11,12,12,10,15 poly=1,16,105,369,767,994,831,450,151,28,2
SAMPLE n=16 alpha=11 par=0,1,2,3,4,5,5,5,1,9,10,11,12,12,10,10 poly=1,16,105,371,788,1078,999,640,282,82,14,1
SAMPLE n=16 alpha=10 par=0,1,2,3,4,5,5,5,1,9,10,11,12,12,9,9 poly=1,16,105,371,788,1076,984,605,242,57,6
SAMPLE n=16 alpha=10 par=0,1,2,3,4,5,5,5,1,9,10,11,12,11,10,10 poly=1,16,105,371,785,1052,919,523,186,37,3
SAMPLE n=16 alpha=9 par=0,1,2,3,4,5,5,5,1,9,10,11,12,11,10,9 poly=1,16,105,370,775,1014,846,444,135,18
SAMPLE n=16 alpha=9 par=0,1,2,3,4,5,5,5,1,9,10,11,12,11,1,15 poly=1,16,105,369,766,984,796,400,115,14
SAMPLE n=16 alpha=10 par=0,1,2,3,4,5,5,5,1,9,10,11,12,10,14,15 poly=1,16,105,368,756,949,744,363,103,15,1
SAMPLE n=16 alpha=9 par=0,1,2,3,4,5,5,5,1,9,10,11,12,10,14,9 poly=1,16,105,369,765,978,787,395,113,14
SAMPLE n=16 alpha=9 par=0,1,2,3,4,5,5,5,1,9,10,11,12,9,14,15 poly=1,16,105,368,756,949,743,359,97,11
SAMPLE n=16 alpha=9 par=0,1,2,3,4,5,5,4,8,2,10,11,1,13,14,15 poly=1,16,105,367,743,889,617,236,45,3
SAMPLE n=16 alpha=9 par=0,1,2,3,4,5,5,4,8,2,10,1,12,13,14,14 poly=1,16,105,368,754,933,698,308,75,8
SAMPLE n=16 alpha=10 par=0,1,2,3,4,5,5,4,8,2,1,11,12,13,13,11 poly=1,16,105,369,765,980,800,427,148,31,3
SAMPLE n=16 alpha=11 par=0,1,2,3,4,5,5,4,4,2,2,1,12,13,14,12 poly=1,16,105,372,794,1087,996,627,271,77,13,1
SAMPLE n=16 alpha=10 par=0,1,2,3,4,5,5,4,4,2,1,11,12,13,14,14 poly=1,16,105,370,775,1016,857,469,163,33,3
SAMPLE n=16 alpha=10 par=0,1,2,3,4,5,5,4,4,2,1,11,12,13,14,13 poly=1,16,105,370,774,1007,829,430,137,25,2
SAMPLE n=16 alpha=10 par=0,1,2,3,4,5,5,4,2,1,10,11,12,13,11,10 poly=1,16,105,369,764,970,764,369,105,16,1
SAMPLE n=16 alpha=9 par=0,1,2,3,4,5,5,4,2,1,10,11,12,13,10,1 poly=1,16,105,369,763,962,739,332,78,7
SAMPLE n=16 alpha=9 par=0,1,2,3,4,5,5,3,8,8,2,1,12,13,14,1 poly=1,16,105,369,763,966,759,363,97,11
SAMPLE n=16 alpha=9 par=0,1,2,3,4,5,5,3,8,8,1,11,12,13,14,13 poly=1,16,105,368,755,941,720,331,84,9
SAMPLE n=16 alpha=11 par=0,1,2,3,4,5,5,3,3,3,3,1,12,13,14,13 poly=1,16,105,376,832,1226,1252,891,432,136,25,2
SAMPLE n=16 alpha=10 par=0,1,2,3,4,5,5,3,3,3,2,1,12,13,14,13 poly=1,16,105,373,802,1110,1024,636,259,63,7
SAMPLE n=16 alpha=11 par=0,1,2,3,4,5,5,3,3,3,1,11,12,13,14,12 poly=1,16,105,372,795,1095,1018,651,282,79,13,1
SAMPLE n=16 alpha=10 par=0,1,2,3,4,5,5,3,3,3,1,11,12,13,1,15 poly=1,16,105,372,794,1090,1007,632,259,63,7
SAMPLE n=16 alpha=10 par=0,1,2,3,4,5,5,3,2,2,2,1,12,13,14,15 poly=1,16,105,372,792,1072,948,547,199,42,4
SAMPLE n=16 alpha=10 par=0,1,2,3,4,5,5,3,2,2,2,1,12,13,14,1 poly=1,16,105,373,799,1089,966,556,201,42,4
SAMPLE n=16 alpha=10 par=0,1,2,3,4,5,5,3,2,2,1,11,12,13,14,11 poly=1,16,105,370,774,1011,849,462,159,32,3
SAMPLE n=16 alpha=9 par=0,1,2,3,4,5,5,2,8,9,10,1,12,13,14,13 poly=1,16,105,367,745,903,648,259,48,2
SAMPLE n=16 alpha=10 par=0,1,2,3,4,5,5,2,8,9,2,2,1,13,14,15 poly=1,16,105,371,782,1035,881,478,157,28,2
SAMPLE n=16 alpha=9 par=0,1,2,3,4,5,5,2,8,9,1,11,12,13,14,12 poly=1,16,105,367,745,904,656,278,63,6
SAMPLE n=16 alpha=9 par=0,1,2,3,4,5,5,2,8,9,1,11,12,13,1,15 poly=1,16,105,367,743,890,621,239,44,2
SAMPLE n=16 alpha=11 par=0,1,2,3,4,5,5,2,2,2,1,11,12,13,11,11 poly=1,16,105,374,815,1173,1170,819,397,127,24,2
SAMPLE n=16 alpha=10 par=0,1,2,3,4,5,5,1,8,9,10,11,11,1,14,14 poly=1,16,105,368,756,949,743,365,108,17,1
SAMPLE n=16 alpha=9 par=0,1,2,3,4,5,5,1,8,9,10,11,10,13,9,8 poly=1,16,105,368,753,925,676,281,59,4
SAMPLE n=16 alpha=9 par=0,1,2,3,4,5,5,1,8,9,10,11,10,10,9,15 poly=1,16,105,369,763,963,746,346,89,10
SAMPLE n=16 alpha=10 par=0,1,2,3,4,5,5,1,8,9,10,11,10,10,9,9 poly=1,16,105,371,782,1031,865,458,147,26,2
SAMPLE n=16 alpha=9 par=0,1,2,3,4,5,5,1,8,9,10,11,10,10,8,15 poly=1,16,105,369,765,978,784,388,110,14
SAMPLE n=16 alpha=9 par=0,1,2,3,4,5,5,1,8,9,10,11,10,1,14,15 poly=1,16,105,367,745,903,650,268,58,5
SAMPLE n=16 alpha=10 par=0,1,2,3,4,5,5,1,8,9,10,11,10,1,1,1 poly=1,16,105,372,795,1091,990,593,226,50,5
SAMPLE n=16 alpha=9 par=0,1,2,3,4,5,5,1,8,9,10,11,9,13,14,8 poly=1,16,105,367,744,897,640,262,55,4
SAMPLE n=16 alpha=9 par=0,1,2,3,4,5,5,1,8,9,10,11,9,13,13,8 poly=1,16,105,368,754,935,710,328,86,10
SAMPLE n=16 alpha=9 par=0,1,2,3,4,5,5,1,8,9,10,11,9,13,8,8 poly=1,16,105,369,763,965,757,365,100,12
SAMPLE n=16 alpha=9 par=0,1,2,3,4,5,5,1,8,9,10,11,9,8,14,8 poly=1,16,105,369,762,956,728,325,77,7
SAMPLE n=16 alpha=9 par=0,1,2,3,4,5,5,1,8,9,10,11,9,8,1,15 poly=1,16,105,368,753,926,681,290,66,6
SAMPLE n=16 alpha=9 par=0,1,2,3,4,5,5,1,8,9,10,11,8,13,14,15 poly=1,16,105,366,735,867,592,222,38,1
SAMPLE n=16 alpha=9 par=0,1,2,3,4,5,5,1,8,9,10,11,8,13,8,8 poly=1,16,105,371,782,1032,867,454,136,18
SAMPLE n=16 alpha=9 par=0,1,2,3,4,5,5,1,8,9,10,11,8,8,1,15 poly=1,16,105,369,763,965,756,363,99,12
SAMPLE n=16 alpha=9 par=0,1,2,3,4,5,5,1,8,9,10,11,8,1,14,14 poly=1,16,105,368,754,935,709,327,86,10
SAMPLE n=16 alpha=10 par=0,1,2,3,4,5,5,1,8,9,10,11,8,1,1,1 poly=1,16,105,372,792,1071,944,543,198,42,4
SAMPLE n=16 alpha=9 par=0,1,2,3,4,5,4,7,4,2,1,11,12,13,11,1 poly=1,16,105,370,771,984,766,348,83,8
SAMPLE n=16 alpha=9 par=0,1,2,3,4,5,4,7,3,2,10,11,1,13,14,15 poly=1,16,105,367,741,874,577,191,26,1
SAMPLE n=16 alpha=9 par=0,1,2,3,4,5,4,7,3,2,1,11,12,13,14,13 poly=1,16,105,368,752,916,648,244,40,2
SAMPLE n=16 alpha=8 par=0,1,2,3,4,5,4,7,2,1,10,11,12,13,12,11 poly=1,16,105,368,753,923,665,260,43
SAMPLE n=16 alpha=8 par=0,1,2,3,4,5,4,7,2,1,10,11,12,13,12,1 poly=1,16,105,368,753,923,663,255,40
SAMPLE n=16 alpha=9 par=0,1,2,3,4,5,4,7,2,1,10,11,12,13,11,10 poly=1,16,105,368,753,925,677,284,62,5
SAMPLE n=16 alpha=10 par=0,1,2,3,4,5,4,4,4,3,3,1,12,13,14,13 poly=1,16,105,374,808,1116,1005,586,213,44,4
SAMPLE n=16 alpha=10 par=0,1,2,3,4,5,4,4,4,3,1,11,12,13,12,1 poly=1,16,105,373,801,1098,981,567,204,42,4
SAMPLE n=16 alpha=10 par=0,1,2,3,4,5,4,4,2,2,2,1,12,13,14,1 poly=1,16,105,374,811,1142,1081,692,290,72,8
SAMPLE n=16 alpha=10 par=0,1,2,3,4,5,4,4,2,2,1,11,12,13,14,13 poly=1,16,105,371,785,1054,928,541,203,44,4
SAMPLE n=16 alpha=10 par=0,1,2,3,4,5,4,4,2,2,1,11,12,13,14,12 poly=1,16,105,371,785,1055,933,547,205,44,4
SAMPLE n=16 alpha=10 par=0,1,2,3,4,5,4,4,2,2,1,11,12,13,14,11 poly=1,16,105,371,785,1057,945,572,229,55,6
SAMPLE n=16 alpha=8 par=0,1,2,3,4,5,4,3,8,9,8,1,12,13,14,15 poly=1,16,105,367,742,881,593,202,25
SAMPLE n=16 alpha=8 par=0,1,2,3,4,5,4,3,8,9,3,11,1,13,14,15 poly=1,16,105,368,749,898,611,212,28
SAMPLE n=16 alpha=8 par=0,1,2,3,4,5,4,3,8,9,1,11,12,13,1,15 poly=1,16,105,367,742,881,593,202,25
SAMPLE n=16 alpha=9 par=0,1,2,3,4,5,4,3,8,1,10,11,12,10,14,14 poly=1,16,105,368,752,917,655,257,47,2
SAMPLE n=16 alpha=8 par=0,1,2,3,4,5,4,3,2,9,10,9,1,13,14,15 poly=1,16,105,368,751,911,638,233,33
SAMPLE n=16 alpha=8 par=0,1,2,3,4,5,4,3,2,9,10,1,12,13,14,13 poly=1,16,105,368,752,917,651,245,37
SAMPLE n=16 alpha=8 par=0,1,2,3,4,5,4,3,2,9,1,11,12,13,11,15 poly=1,16,105,368,751,910,635,230,32
SAMPLE n=16 alpha=9 par=0,1,2,3,4,5,4,3,1,9,10,11,9,13,14,9 poly=1,16,105,369,762,955,725,323,78,8
SAMPLE n=16 alpha=9 par=0,1,2,3,4,5,4,3,1,9,10,11,1,13,14,14 poly=1,16,105,368,754,934,703,316,80,9
SAMPLE n=16 alpha=9 par=0,1,2,3,4,5,4,3,1,9,10,11,1,13,14,1 poly=1,16,105,369,762,957,733,334,84,9
SAMPLE n=16 alpha=8 par=0,1,2,3,4,5,4,2,8,1,10,11,12,11,1,15 poly=1,16,105,368,752,918,656,252,40
SAMPLE n=16 alpha=10 par=0,1,2,3,4,5,4,2,8,1,10,11,12,10,10,10 poly=1,16,105,372,793,1079,969,575,215,45,4
SAMPLE n=16 alpha=10 par=0,1,2,3,4,5,4,2,1,9,10,11,9,13,13,13 poly=1,16,105,370,774,1010,844,450,146,26,2
SAMPLE n=16 alpha=9 par=0,1,2,3,4,5,4,2,1,9,10,11,9,13,9,15 poly=1,16,105,369,761,949,713,314,76,8
SAMPLE n=16 alpha=9 par=0,1,2,3,4,5,4,2,1,9,10,11,9,13,9,1 poly=1,16,105,370,770,979,758,343,82,8
SAMPLE n=16 alpha=9 par=0,1,2,3,4,5,3,7,8,1,10,11,12,13,11,15 poly=1,16,105,366,733,851,551,184,29,2
SAMPLE n=16 alpha=10 par=0,1,2,3,4,5,3,7,7,1,10,11,12,13,11,1 poly=1,16,105,368,754,935,711,333,94,15,1
SAMPLE n=16 alpha=9 par=0,1,2,3,4,5,3,7,7,1,10,11,12,13,10,15 poly=1,16,105,367,743,888,612,226,37,1
SAMPLE n=16 alpha=9 par=0,1,2,3,4,5,3,7,3,1,10,11,12,13,10,10 poly=1,16,105,370,773,1000,810,399,108,12
SAMPLE n=16 alpha=9 par=0,1,2,3,4,5,3,7,2,1,10,11,12,1,1,1 poly=1,16,105,372,789,1051,893,472,141,18
SAMPLE n=16 alpha=10 par=0,1,2,3,4,5,3,3,2,1,10,11,12,10,1,15 poly=1,16,105,370,770,981,769,365,101,15,1
SAMPLE n=16 alpha=8 par=0,1,2,3,4,5,2,7,8,9,2,1,12,13,14,1 poly=1,16,105,368,751,913,648,247,39
SAMPLE n=16 alpha=9 par=0,1,2,3,4,5,2,7,8,9,1,11,12,13,1,1 poly=1,16,105,368,752,921,671,276,55,3
SAMPLE n=16 alpha=8 par=0,1,2,3,4,5,2,7,2,9,1,11,12,13,14,11 poly=1,16,105,368,751,912,645,246,40
SAMPLE n=16 alpha=10 par=0,1,2,3,4,5,2,7,1,9,10,11,1,1,1,1 poly=1,16,105,375,816,1148,1071,651,240,46,3
SAMPLE n=16 alpha=8 par=0,1,2,3,4,5,2,1,8,9,10,11,8,1,14,15 poly=1,16,105,367,742,883,604,221,34
SAMPLE n=16 alpha=11 par=0,1,2,3,4,4,4,4,4,1,10,11,12,12,10,1 poly=1,16,105,377,845,1279,1351,997,504,167,33,3
SAMPLE n=16 alpha=10 par=0,1,2,3,4,4,4,4,4,1,10,11,12,11,14,1 poly=1,16,105,376,834,1233,1250,856,378,97,11
SAMPLE n=16 alpha=10 par=0,1,2,3,4,4,4,4,4,1,10,11,12,11,10,15 poly=1,16,105,376,833,1225,1232,836,363,91,10
SAMPLE n=16 alpha=11 par=0,1,2,3,4,4,4,4,3,1,10,11,12,12,1,1 poly=1,16,105,375,825,1205,1213,850,409,129,24,2
SAMPLE n=16 alpha=11 par=0,1,2,3,4,4,4,4,3,1,10,11,12,10,1,1 poly=1,16,105,375,822,1182,1152,765,339,95,15,1
SAMPLE n=16 alpha=11 par=0,1,2,3,4,4,4,4,2,1,10,11,11,11,10,15 poly=1,16,105,375,826,1214,1249,910,463,157,32,3
SAMPLE n=16 alpha=11 par=0,1,2,3,4,4,4,4,2,1,10,11,10,13,10,10 poly=1,16,105,377,843,1266,1333,999,526,186,40,4
SAMPLE n=16 alpha=10 par=0,1,2,3,4,4,4,4,2,1,10,11,10,13,10,1 poly=1,16,105,375,822,1182,1154,765,329,82,9
SAMPLE n=16 alpha=12 par=0,1,2,3,4,4,4,4,2,1,10,11,10,10,10,10 poly=1,16,105,381,883,1420,1653,1417,892,402,123,23,2
SAMPLE n=16 alpha=12 par=0,1,2,3,4,4,4,4,2,1,10,11,1,1,1,1 poly=1,16,105,381,879,1394,1579,1296,767,318,87,14,1
SAMPLE n=16 alpha=9 par=0,1,2,3,4,4,4,3,8,2,10,11,10,1,14,15 poly=1,16,105,370,771,990,794,392,110,13
SAMPLE n=16 alpha=10 par=0,1,2,3,4,4,4,3,8,2,10,10,1,13,14,1 poly=1,16,105,371,781,1030,877,487,170,34,3
SAMPLE n=16 alpha=10 par=0,1,2,3,4,4,4,3,8,2,10,2,2,1,14,15 poly=1,16,105,374,807,1118,1028,632,252,59,6
SAMPLE n=16 alpha=11 par=0,1,2,3,4,4,4,3,8,2,2,1,12,13,14,14 poly=1,16,105,372,793,1082,988,620,267,76,13,1
SAMPLE n=16 alpha=11 par=0,1,2,3,4,4,4,3,8,2,1,11,12,11,11,11 poly=1,16,105,375,822,1184,1168,803,382,121,23,2
SAMPLE n=16 alpha=10 par=0,1,2,3,4,4,4,3,8,2,1,11,12,11,1,15 poly=1,16,105,371,780,1019,842,441,142,25,2
SAMPLE n=16 alpha=10 par=0,1,2,3,4,4,4,3,8,2,1,11,12,11,1,1 poly=1,16,105,373,799,1087,961,551,197,39,3
SAMPLE n=16 alpha=11 par=0,1,2,3,4,4,4,3,3,1,10,11,12,12,12,10 poly=1,16,105,374,815,1167,1147,789,377,120,23,2
SAMPLE n=16 alpha=10 par=0,1,2,3,4,4,4,3,3,1,10,11,12,12,1,15 poly=1,16,105,372,793,1077,959,563,213,48,5
SAMPLE n=16 alpha=10 par=0,1,2,3,4,4,4,3,2,1,10,11,11,10,14,14 poly=1,16,105,372,793,1077,963,571,218,49,5
SAMPLE n=16 alpha=10 par=0,1,2,3,4,4,4,3,2,1,10,11,11,10,14,1 poly=1,16,105,372,791,1062,921,515,179,35,3
SAMPLE n=16 alpha=10 par=0,1,2,3,4,4,4,3,2,1,10,11,10,10,1,15 poly=1,16,105,373,800,1093,975,568,209,44,4
SAMPLE n=16 alpha=9 par=0,1,2,3,4,4,4,2,8,2,10,1,12,13,14,13 poly=1,16,105,371,783,1040,890,486,156,22
SAMPLE n=16 alpha=9 par=0,1,2,3,4,4,4,2,8,2,10,1,12,13,12,1 poly=1,16,105,372,790,1058,913,502,162,23
SAMPLE n=16 alpha=11 par=0,1,2,3,4,4,4,2,8,2,2,1,12,13,13,1 poly=1,16,105,375,821,1183,1171,810,387,122,23,2
SAMPLE n=16 alpha=11 par=0,1,2,3,4,4,4,2,8,2,1,11,12,13,13,13 poly=1,16,105,373,807,1146,1121,771,370,119,23,2
SAMPLE n=16 alpha=11 par=0,1,2,3,4,4,4,2,8,2,1,11,12,13,13,11 poly=1,16,105,372,796,1104,1047,699,328,105,21,2
SAMPLE n=16 alpha=10 par=0,1,2,3,4,4,4,2,8,2,1,11,12,13,12,11 poly=1,16,105,372,794,1086,988,605,242,57,6
SAMPLE n=16 alpha=10 par=0,1,2,3,4,4,4,2,8,2,1,11,12,13,1,1 poly=1,16,105,373,801,1105,1014,623,248,58,6
SAMPLE n=16 alpha=11 par=0,1,2,3,4,4,4,2,8,2,1,11,12,12,12,1 poly=1,16,105,374,815,1171,1162,810,392,126,24,2
SAMPLE n=16 alpha=10 par=0,1,2,3,4,4,4,2,8,2,1,11,12,1,14,14 poly=1,16,105,372,792,1076,972,592,236,56,6
SAMPLE n=16 alpha=11 par=0,1,2,3,4,4,4,2,2,1,10,11,11,1,14,14 poly=1,16,105,373,805,1137,1110,765,369,119,23,2
SAMPLE n=16 alpha=11 par=0,1,2,3,4,4,4,2,2,1,10,11,11,1,14,1 poly=1,16,105,374,812,1152,1119,761,360,114,22,2
SAMPLE n=16 alpha=11 par=0,1,2,3,4,4,4,2,2,1,10,11,10,1,1,1 poly=1,16,105,377,837,1231,1249,891,445,150,31,3
SAMPLE n=16 alpha=10 par=0,1,2,3,4,4,3,7,7,3,10,10,3,1,14,15 poly=1,16,105,373,792,1043,856,430,126,19,1
SAMPLE n=16 alpha=10 par=0,1,2,3,4,4,3,7,7,3,10,2,2,1,14,15 poly=1,16,105,372,785,1028,852,453,153,31,3
SAMPLE n=16 alpha=10 par=0,1,2,3,4,4,3,7,7,3,3,3,2,1,14,15 poly=1,16,105,377,827,1163,1064,626,227,46,4
SAMPLE n=16 alpha=10 par=0,1,2,3,4,4,3,7,7,3,3,2,12,1,14,15 poly=1,16,105,373,793,1049,867,436,125,18,1
SAMPLE n=16 alpha=10 par=0,1,2,3,4,4,3,7,7,3,3,1,12,13,14,1 poly=1,16,105,373,797,1075,933,519,179,35,3
SAMPLE n=16 alpha=10 par=0,1,2,3,4,4,3,7,7,3,3,1,12,13,1,15 poly=1,16,105,373,796,1067,909,485,155,27,2
SAMPLE n=16 alpha=10 par=0,1,2,3,4,4,3,7,7,3,2,2,2,1,14,15 poly=1,16,105,375,814,1137,1054,650,257,59,6
SAMPLE n=16 alpha=10 par=0,1,2,3,4,4,3,7,7,3,2,1,12,13,14,12 poly=1,16,105,371,779,1012,824,420,132,24,2
SAMPLE n=16 alpha=10 par=0,1,2,3,4,4,3,7,7,3,1,11,12,12,1,15 poly=1,16,105,371,781,1026,858,456,149,27,2
SAMPLE n=16 alpha=9 par=0,1,2,3,4,4,3,7,3,3,2,11,2,1,14,15 poly=1,16,105,374,801,1073,900,455,125,14
SAMPLE n=16 alpha=9 par=0,1,2,3,4,4,3,7,3,3,2,11,1,13,14,13 poly=1,16,105,373,795,1059,884,446,123,14
SAMPLE n=16 alpha=9 par=0,1,2,3,4,4,3,7,3,3,2,1,12,13,12,15 poly=1,16,105,373,795,1056,872,429,113,12
SAMPLE n=16 alpha=10 par=0,1,2,3,4,4,3,7,3,3,1,11,12,12,11,11 poly=1,16,105,375,818,1149,1057,629,231,47,4
SAMPLE n=16 alpha=10 par=0,1,2,3,4,4,3,7,3,3,1,11,12,11,1,1 poly=1,16,105,375,817,1148,1066,654,257,59,6
SAMPLE n=16 alpha=10 par=0,1,2,3,4,4,3,7,3,3,1,11,12,1,14,1 poly=1,16,105,374,807,1111,996,579,211,44,4
SAMPLE n=16 alpha=11 par=0,1,2,3,4,4,3,7,2,2,2,2,1,13,14,1 poly=1,16,105,377,832,1201,1172,777,342,95,15,1
SAMPLE n=16 alpha=11 par=0,1,2,3,4,4,3,7,2,2,2,1,12,13,12,12 poly=1,16,105,375,820,1177,1162,805,386,122,23,2
SAMPLE n=16 alpha=10 par=0,1,2,3,4,4,3,7,2,2,2,1,12,13,12,1 poly=1,16,105,374,806,1109,1001,595,226,50,5
SAMPLE n=16 alpha=11 par=0,1,2,3,4,4,3,7,2,2,1,11,12,13,13,11 poly=1,16,105,371,783,1044,920,559,237,68,12,1
SAMPLE n=16 alpha=10 par=0,1,2,3,4,4,3,7,2,2,1,11,12,13,12,1 poly=1,16,105,371,780,1019,840,435,138,25,2
SAMPLE n=16 alpha=11 par=0,1,2,3,4,4,3,7,2,2,1,11,12,13,11,11 poly=1,16,105,372,792,1075,974,611,265,76,13,1
SAMPLE n=16 alpha=11 par=0,1,2,3,4,4,3,7,2,2,1,11,12,11,11,11 poly=1,16,105,375,821,1180,1163,801,382,121,23,2
SAMPLE n=16 alpha=10 par=0,1,2,3,4,4,3,7,2,2,1,11,12,1,14,14 poly=1,16,105,371,779,1016,844,455,157,32,3
SAMPLE n=16 alpha=11 par=0,1,2,3,4,4,3,3,3,3,3,2,1,13,14,15 poly=1,16,105,381,866,1310,1350,943,432,121,18,1
SAMPLE n=16 alpha=11 par=0,1,2,3,4,4,3,3,3,3,3,2,1,13,14,13 poly=1,16,105,382,876,1347,1424,1034,503,155,27,2
SAMPLE n=16 alpha=11 par=0,1,2,3,4,4,3,3,3,3,3,1,12,13,14,13 poly=1,16,105,381,871,1338,1417,1032,503,155,27,2
SAMPLE n=16 alpha=12 par=0,1,2,3,4,4,3,3,3,3,3,1,12,13,13,1 poly=1,16,105,382,882,1390,1550,1239,709,286,78,13,1
SAMPLE n=16 alpha=11 par=0,1,2,3,4,4,3,3,3,3,1,11,12,13,11,1 poly=1,16,105,377,837,1226,1221,828,372,104,16,1
SAMPLE n=16 alpha=11 par=0,1,2,3,4,4,3,3,2,2,2,2,2,1,14,15 poly=1,16,105,383,884,1382,1506,1143,589,195,37,3
SAMPLE n=16 alpha=10 par=0,1,2,3,4,4,3,3,2,2,2,1,12,13,14,13 poly=1,16,105,375,817,1150,1071,656,253,55,5
SAMPLE n=16 alpha=11 par=0,1,2,3,4,4,3,3,2,2,2,1,12,13,12,12 poly=1,16,105,377,837,1230,1243,876,425,135,25,2
SAMPLE n=16 alpha=10 par=0,1,2,3,4,4,3,3,2,2,1,11,12,13,13,12 poly=1,16,105,373,800,1091,964,547,191,37,3
SAMPLE n=16 alpha=10 par=0,1,2,3,4,4,3,3,2,2,1,11,12,13,13,1 poly=1,16,105,373,799,1087,958,543,190,37,3
SAMPLE n=16 alpha=10 par=0,1,2,3,4,4,3,3,2,2,1,11,12,13,12,15 poly=1,16,105,372,789,1046,873,447,131,19,1
SAMPLE n=16 alpha=10 par=0,1,2,3,4,4,3,2,8,9,9,1,12,13,13,1 poly=1,16,105,370,774,1012,853,468,163,33,3
SAMPLE n=16 alpha=9 par=0,1,2,3,4,4,3,2,8,9,8,11,1,13,14,1 poly=1,16,105,369,760,944,701,298,66,6
SAMPLE n=16 alpha=9 par=0,1,2,3,4,4,3,2,8,9,8,2,1,13,14,15 poly=1,16,105,370,769,974,747,330,74,6
SAMPLE n=16 alpha=9 par=0,1,2,3,4,4,3,2,8,9,8,2,1,13,14,14 poly=1,16,105,371,780,1019,835,418,117,14
SAMPLE n=16 alpha=9 par=0,1,2,3,4,4,3,2,8,9,8,1,12,13,13,12 poly=1,16,105,370,772,993,790,375,96,10
SAMPLE n=16 alpha=9 par=0,1,2,3,4,4,3,2,8,9,8,1,12,13,12,1 poly=1,16,105,370,770,980,759,340,77,6
SAMPLE n=16 alpha=9 par=0,1,2,3,4,4,3,2,8,9,2,11,12,1,14,15 poly=1,16,105,369,759,939,694,295,66,6
SAMPLE n=16 alpha=10 par=0,1,2,3,4,4,3,2,8,9,2,1,12,13,13,1 poly=1,16,105,371,780,1021,848,446,144,26,2
SAMPLE n=16 alpha=9 par=0,1,2,3,4,4,3,2,8,9,2,1,12,13,12,15 poly=1,16,105,370,770,981,767,358,92,10
SAMPLE n=16 alpha=10 par=0,1,2,3,4,4,3,2,8,9,2,1,12,13,12,12 poly=1,16,105,372,791,1065,933,535,196,42,4
SAMPLE n=16 alpha=9 par=0,1,2,3,4,4,3,2,8,9,2,1,12,13,1,15 poly=1,16,105,370,768,969,741,332,80,8
SAMPLE n=16 alpha=9 par=0,1,2,3,4,4,3,2,8,9,1,11,12,13,12,11 poly=1,16,105,369,762,955,722,314,70,6
SAMPLE n=16 alpha=9 par=0,1,2,3,4,4,3,2,8,9,1,11,12,11,14,11 poly=1,16,105,370,771,985,769,351,84,8
SAMPLE n=16 alpha=9 par=0,1,2,3,4,4,3,2,8,9,1,11,12,11,1,15 poly=1,16,105,369,760,943,696,288,58,4
SAMPLE n=16 alpha=11 par=0,1,2,3,4,4,3,2,2,2,2,2,2,1,14,15 poly=1,16,105,387,919,1505,1737,1408,785,287,62,6
SAMPLE n=16 alpha=10 par=0,1,2,3,4,4,3,2,2,2,1,11,12,13,12,1 poly=1,16,105,374,808,1119,1016,601,222,46,4
SAMPLE n=16 alpha=10 par=0,1,2,3,4,4,3,2,2,2,1,11,12,12,1,15 poly=1,16,105,374,808,1123,1036,636,251,58,6
SAMPLE n=16 alpha=10 par=0,1,2,3,4,4,3,2,2,2,1,11,12,11,1,1 poly=1,16,105,376,823,1164,1089,672,264,60,6
SAMPLE n=16 alpha=10 par=0,1,2,3,4,4,3,1,8,9,10,10,9,1,14,14 poly=1,16,105,370,774,1007,826,420,125,19,1
SAMPLE n=16 alpha=10 par=0,1,2,3,4,4,3,1,8,9,10,10,8,13,13,1 poly=1,16,105,370,774,1010,844,452,149,27,2
SAMPLE n=16 alpha=11 par=0,1,2,3,4,4,3,1,8,9,10,10,8,8,8,1 poly=1,16,105,374,812,1148,1098,721,321,92,15,1
SAMPLE n=16 alpha=11 par=0,1,2,3,4,4,3,1,8,9,10,10,1,1,1,1 poly=1,16,105,377,842,1263,1314,948,463,145,26,2
SAMPLE n=16 alpha=9 par=0,1,2,3,4,4,3,1,8,9,10,9,12,8,14,1 poly=1,16,105,369,761,948,707,302,67,6
SAMPLE n=16 alpha=10 par=0,1,2,3,4,4,3,1,8,9,10,9,9,8,1,1 poly=1,16,105,373,801,1100,990,582,215,45,4
SAMPLE n=16 alpha=10 par=0,1,2,3,4,4,3,1,8,9,10,9,9,1,14,15 poly=1,16,105,370,774,1008,833,435,139,25,2
SAMPLE n=16 alpha=9 par=0,1,2,3,4,4,3,1,8,9,10,9,8,13,8,8 poly=1,16,105,373,798,1076,921,485,143,18
SAMPLE n=16 alpha=9 par=0,1,2,3,4,4,3,1,8,9,10,8,12,13,8,15 poly=1,16,105,369,761,948,707,302,67,6
SAMPLE n=16 alpha=9 par=0,1,2,3,4,4,3,1,8,9,10,8,12,13,1,15 poly=1,16,105,368,752,919,663,267,53,4
SAMPLE n=16 alpha=10 par=0,1,2,3,4,4,3,1,8,9,10,8,12,12,12,12 poly=1,16,105,373,803,1115,1031,633,246,54,5
SAMPLE n=16 alpha=10 par=0,1,2,3,4,4,3,1,8,9,10,8,8,1,14,1 poly=1,16,105,372,789,1049,887,472,152,27,2
SAMPLE n=16 alpha=10 par=0,1,2,3,4,4,3,1,8,9,10,8,1,13,14,1 poly=1,16,105,370,771,988,785,380,107,16,1
SAMPLE n=16 alpha=9 par=0,1,2,3,4,4,3,1,8,9,10,1,12,13,12,15 poly=1,16,105,368,752,918,657,258,48,3
SAMPLE n=16 alpha=10 par=0,1,2,3,4,4,3,1,8,9,10,1,12,12,12,12 poly=1,16,105,373,803,1116,1032,633,246,54,5
SAMPLE n=16 alpha=9 par=0,1,2,3,4,4,3,1,8,9,10,1,12,12,1,15 poly=1,16,105,370,770,980,761,346,83,8
SAMPLE n=16 alpha=10 par=0,1,2,3,4,4,2,7,8,1,10,11,12,12,10,15 poly=1,16,105,368,755,944,738,368,116,22,2
SAMPLE n=16 alpha=9 par=0,1,2,3,4,4,2,7,8,1,10,11,12,11,14,11 poly=1,16,105,369,763,962,741,339,85,9
SAMPLE n=16 alpha=10 par=0,1,2,3,4,4,2,7,8,1,10,11,12,10,10,1 poly=1,16,105,370,772,997,814,422,136,25,2
SAMPLE n=16 alpha=10 par=0,1,2,3,4,4,2,7,8,1,10,11,12,10,1,15 poly=1,16,105,368,752,922,680,301,81,13,1
SAMPLE n=16 alpha=10 par=0,1,2,3,4,4,2,7,7,1,10,11,10,13,1,1 poly=1,16,105,371,780,1022,854,457,150,27,2
SAMPLE n=16 alpha=9 par=0,1,2,3,4,4,2,7,1,9,10,11,11,1,14,1 poly=1,16,105,370,772,996,806,401,113,14
SAMPLE n=16 alpha=10 par=0,1,2,3,4,4,2,7,1,9,10,11,11,1,1,1 poly=1,16,105,373,802,1112,1029,634,251,58,6
SAMPLE n=16 alpha=9 par=0,1,2,3,4,4,2,7,1,9,10,11,9,13,1,15 poly=1,16,105,368,751,914,657,269,56,4
SAMPLE n=16 alpha=9 par=0,1,2,3,4,4,2,7,1,9,10,11,9,13,1,1 poly=1,16,105,370,770,983,778,376,102,12
SAMPLE n=16 alpha=10 par=0,1,2,3,4,4,2,7,1,9,10,11,1,13,13,13 poly=1,16,105,370,773,1006,840,452,151,28,2
SAMPLE n=16 alpha=9 par=0,1,2,3,4,4,2,7,1,9,10,11,1,13,1,1 poly=1,16,105,372,788,1045,880,460,137,18
SAMPLE n=16 alpha=11 par=0,1,2,3,4,4,2,2,1,9,10,11,11,9,1,15 poly=1,16,105,371,783,1045,923,562,238,68,12,1
SAMPLE n=16 alpha=11 par=0,1,2,3,4,4,2,2,1,9,10,11,10,10,10,10 poly=1,16,105,378,852,1296,1376,1028,535,187,40,4
SAMPLE n=16 alpha=10 par=0,1,2,3,4,4,2,2,1,9,10,11,10,9,14,15 poly=1,16,105,370,774,1012,856,476,170,35,3
SAMPLE n=16 alpha=10 par=0,1,2,3,4,4,2,2,1,9,10,11,10,9,14,1 poly=1,16,105,371,781,1027,863,465,156,29,2
SAMPLE n=16 alpha=10 par=0,1,2,3,4,4,2,2,1,9,10,11,10,1,14,1 poly=1,16,105,372,790,1059,920,522,190,41,4
SAMPLE n=16 alpha=10 par=0,1,2,3,4,4,2,2,1,9,10,11,9,13,14,1 poly=1,16,105,370,772,998,820,433,144,27,2
SAMPLE n=16 alpha=11 par=0,1,2,3,4,4,2,2,1,9,10,11,9,13,13,9 poly=1,16,105,372,793,1082,989,623,270,77,13,1
SAMPLE n=16 alpha=10 par=0,1,2,3,4,4,2,2,1,9,10,11,9,13,9,15 poly=1,16,105,371,782,1036,894,514,192,42,4
SAMPLE n=16 alpha=12 par=0,1,2,3,4,4,2,2,1,9,10,11,9,9,9,9 poly=1,16,105,378,852,1308,1438,1150,668,276,77,13,1
SAMPLE n=16 alpha=9 par=0,1,2,3,4,4,1,7,8,7,10,7,12,7,14,7 poly=1,16,105,375,810,1098,929,470,130,16
SAMPLE n=16 alpha=10 par=0,1,2,3,4,4,1,7,8,7,10,7,7,7,1,1 poly=1,16,105,378,840,1219,1182,763,316,76,8
SAMPLE n=16 alpha=9 par=0,1,2,3,4,4,1,7,8,7,10,1,12,13,12,1 poly=1,16,105,370,769,974,748,333,76,6
SAMPLE n=16 alpha=11 par=0,1,2,3,4,4,1,7,8,7,7,7,7,7,1,1 poly=1,16,105,383,886,1389,1521,1169,619,215,44,4
SAMPLE n=16 alpha=10 par=0,1,2,3,4,4,1,7,8,7,7,1,12,13,1,1 poly=1,16,105,374,806,1108,994,580,212,44,4
SAMPLE n=16 alpha=9 par=0,1,2,3,4,4,1,7,8,7,7,1,12,1,14,1 poly=1,16,105,374,803,1085,928,487,143,18
SAMPLE n=16 alpha=9 par=0,1,2,3,4,4,1,7,8,7,1,11,12,1,14,1 poly=1,16,105,372,786,1030,840,412,110,12
SAMPLE n=16 alpha=9 par=0,1,2,3,4,4,1,7,8,7,1,11,1,13,1,1 poly=1,16,105,376,820,1141,1020,567,178,24
SAMPLE n=16 alpha=10 par=0,1,2,3,4,4,1,7,8,1,10,11,1,13,13,13 poly=1,16,105,371,780,1023,858,461,153,28,2
SAMPLE n=16 alpha=11 par=0,1,2,3,4,4,1,7,8,1,10,10,10,10,10,1 poly=1,16,105,378,846,1264,1306,938,458,144,26,2
SAMPLE n=16 alpha=10 par=0,1,2,3,4,4,1,7,8,1,10,10,1,13,1,1 poly=1,16,105,376,821,1150,1051,620,226,46,4
SAMPLE n=16 alpha=11 par=0,1,2,3,4,4,1,7,8,1,10,10,1,1,1,1 poly=1,16,105,381,867,1319,1378,989,477,147,26,2
SAMPLE n=16 alpha=9 par=0,1,2,3,4,3,6,3,3,3,2,1,12,13,14,1 poly=1,16,105,376,822,1153,1048,599,196,28
SAMPLE n=16 alpha=10 par=0,1,2,3,4,3,6,3,3,3,1,11,12,13,11,1 poly=1,16,105,376,826,1178,1111,682,257,52,4
SAMPLE n=16 alpha=10 par=0,1,2,3,4,3,6,3,3,3,1,11,12,1,14,14 poly=1,16,105,376,826,1179,1113,683,257,52,4
SAMPLE n=16 alpha=10 par=0,1,2,3,4,3,6,2,8,9,2,2,1,13,14,13 poly=1,16,105,372,787,1040,876,472,157,28,2
SAMPLE n=16 alpha=9 par=0,1,2,3,4,3,6,2,8,9,2,1,12,13,14,1 poly=1,16,105,369,758,930,667,262,50,4
SAMPLE n=16 alpha=9 par=0,1,2,3,4,3,6,2,8,9,2,1,12,13,1,15 poly=1,16,105,369,757,924,655,254,50,4
SAMPLE n=16 alpha=9 par=0,1,2,3,4,3,6,2,8,9,1,11,12,13,12,11 poly=1,16,105,368,751,910,636,235,39,3
SAMPLE n=16 alpha=9 par=0,1,2,3,4,3,6,2,8,9,1,11,12,13,1,15 poly=1,16,105,367,740,868,564,177,19,1
SAMPLE n=16 alpha=9 par=0,1,2,3,4,3,6,2,8,9,1,11,12,11,11,1 poly=1,16,105,370,769,972,738,316,65,4
SAMPLE n=16 alpha=11 par=0,1,2,3,4,3,6,2,2,2,2,2,1,13,14,13 poly=1,16,105,381,869,1336,1427,1052,518,161,28,2
SAMPLE n=16 alpha=11 par=0,1,2,3,4,3,6,2,2,2,2,2,1,13,14,1 poly=1,16,105,381,864,1303,1340,932,422,116,17,1
SAMPLE n=16 alpha=11 par=0,1,2,3,4,3,6,2,2,2,1,11,12,13,11,11 poly=1,16,105,374,810,1138,1085,718,323,93,15,1
SAMPLE n=16 alpha=10 par=0,1,2,3,4,3,6,2,2,2,1,11,12,13,1,15 poly=1,16,105,372,786,1032,852,437,131,19,1
SAMPLE n=16 alpha=10 par=0,1,2,3,4,3,6,2,2,2,1,11,12,11,1,15 poly=1,16,105,373,795,1064,911,498,166,29,2
SAMPLE n=16 alpha=9 par=0,1,2,3,4,3,6,1,8,9,10,9,9,9,1,15 poly=1,16,105,372,792,1068,929,510,161,22
SAMPLE n=16 alpha=9 par=0,1,2,3,4,3,6,1,8,9,10,9,9,8,14,14 poly=1,16,105,370,771,986,777,369,99,12
SAMPLE n=16 alpha=10 par=0,1,2,3,4,3,6,1,8,9,10,9,9,1,1,1 poly=1,16,105,374,813,1157,1123,747,327,85,10
SAMPLE n=16 alpha=9 par=0,1,2,3,4,3,6,1,8,9,10,9,8,13,13,1 poly=1,16,105,369,761,950,718,323,83,10
SAMPLE n=16 alpha=9 par=0,1,2,3,4,3,6,1,8,9,10,9,8,8,8,1 poly=1,16,105,373,797,1071,912,478,141,18
SAMPLE n=16 alpha=9 par=0,1,2,3,4,3,6,1,8,9,10,9,1,13,13,1 poly=1,16,105,370,771,987,778,365,93,10
SAMPLE n=16 alpha=9 par=0,1,2,3,4,3,6,1,8,9,10,8,12,12,1,1 poly=1,16,105,370,771,990,797,400,116,15
SAMPLE n=16 alpha=10 par=0,1,2,3,4,3,6,1,8,9,10,1,12,12,12,12 poly=1,16,105,372,792,1071,941,529,176,28,1
SAMPLE n=16 alpha=9 par=0,1,2,3,4,3,6,1,8,9,10,1,12,12,1,1 poly=1,16,105,372,788,1043,870,444,126,15
SAMPLE n=16 alpha=10 par=0,1,2,3,4,3,3,3,3,1,10,11,10,1,14,15 poly=1,16,105,376,829,1200,1167,751,302,67,6
SAMPLE n=16 alpha=11 par=0,1,2,3,4,3,3,3,3,1,10,11,1,13,13,13 poly=1,16,105,378,850,1284,1343,974,479,151,27,2
SAMPLE n=16 alpha=10 par=0,1,2,3,4,3,3,3,1,9,10,11,10,10,9,1 poly=1,16,105,375,821,1173,1126,726,303,74,8
SAMPLE n=16 alpha=10 par=0,1,2,3,4,3,3,3,1,9,10,11,10,9,14,1 poly=1,16,105,373,801,1099,988,580,213,44,4
SAMPLE n=16 alpha=10 par=0,1,2,3,4,3,3,3,1,9,10,11,9,13,13,1 poly=1,16,105,373,802,1108,1016,621,245,57,6
SAMPLE n=16 alpha=11 par=0,1,2,3,4,3,3,3,1,9,10,11,9,9,1,1 poly=1,16,105,376,830,1209,1206,834,395,123,23,2
SAMPLE n=16 alpha=9 par=0,1,2,3,4,3,3,3,1,9,10,11,1,13,14,13 poly=1,16,105,372,792,1069,931,511,161,22
SAMPLE n=16 alpha=10 par=0,1,2,3,4,3,3,2,8,1,10,11,12,11,1,1 poly=1,16,105,372,790,1059,922,527,194,42,4
SAMPLE n=16 alpha=10 par=0,1,2,3,4,3,3,2,8,1,10,11,12,10,10,1 poly=1,16,105,372,789,1049,888,474,153,27,2
SAMPLE n=16 alpha=10 par=0,1,2,3,4,3,3,2,8,1,10,11,12,10,1,1 poly=1,16,105,372,788,1044,879,467,151,27,2
SAMPLE n=16 alpha=9 par=0,1,2,3,4,3,2,7,8,2,10,11,2,1,14,15 poly=1,16,105,371,775,988,767,351,87,9
SAMPLE n=16 alpha=9 par=0,1,2,3,4,3,2,7,8,2,10,2,1,13,14,15 poly=1,16,105,371,775,985,752,326,71,6
SAMPLE n=16 alpha=10 par=0,1,2,3,4,3,2,7,8,2,2,2,1,13,14,15 poly=1,16,105,375,813,1127,1019,594,211,40,3
SAMPLE n=16 alpha=9 par=0,1,2,3,4,3,2,7,8,2,2,1,12,13,14,13 poly=1,16,105,372,788,1042,867,441,125,15
SAMPLE n=16 alpha=9 par=0,1,2,3,4,3,2,7,8,2,1,11,12,1,14,15 poly=1,16,105,369,758,931,671,266,50,3
SAMPLE n=16 alpha=9 par=0,1,2,3,4,3,2,7,8,2,1,11,12,1,14,14 poly=1,16,105,370,768,970,746,340,85,9
SAMPLE n=16 alpha=9 par=0,1,2,3,4,3,2,7,7,1,10,11,12,11,10,15 poly=1,16,105,369,761,948,705,295,60,4
SAMPLE n=16 alpha=10 par=0,1,2,3,4,3,2,7,7,1,10,11,12,10,10,1 poly=1,16,105,371,780,1020,844,440,140,25,2
SAMPLE n=16 alpha=9 par=0,1,2,3,4,3,2,7,2,1,10,11,1,13,13,13 poly=1,16,105,372,788,1046,886,472,146,20
SAMPLE n=16 alpha=10 par=0,1,2,3,4,3,2,2,2,1,10,11,10,1,1,1 poly=1,16,105,378,838,1210,1166,750,313,78,9
SAMPLE n=16 alpha=10 par=0,1,2,3,4,3,2,2,2,1,10,11,1,13,13,1 poly=1,16,105,375,812,1121,1006,582,207,40,3
SAMPLE n=16 alpha=9 par=0,1,2,3,4,3,1,7,8,9,8,1,12,13,14,13 poly=1,16,105,368,754,933,696,303,72,8
SAMPLE n=16 alpha=9 par=0,1,2,3,4,3,1,7,8,9,8,1,12,13,14,12 poly=1,16,105,368,753,926,678,280,57,4
SAMPLE n=16 alpha=9 par=0,1,2,3,4,3,1,7,8,9,8,1,12,13,12,12 poly=1,16,105,370,772,993,788,369,90,8
SAMPLE n=16 alpha=9 par=0,1,2,3,4,3,1,7,8,9,8,1,12,12,1,15 poly=1,16,105,370,770,981,765,351,85,8
SAMPLE n=16 alpha=9 par=0,1,2,3,4,3,1,7,8,9,8,1,12,1,14,1 poly=1,16,105,372,788,1043,870,445,128,16
SAMPLE n=16 alpha=9 par=0,1,2,3,4,3,1,7,8,9,7,11,12,7,1,15 poly=1,16,105,369,760,944,703,303,70,7
SAMPLE n=16 alpha=9 par=0,1,2,3,4,3,1,7,8,9,7,11,12,1,14,1 poly=1,16,105,369,760,944,701,295,61,4
SAMPLE n=16 alpha=10 par=0,1,2,3,4,3,1,7,8,9,7,11,12,1,1,1 poly=1,16,105,372,790,1061,927,523,179,32,2
SAMPLE n=16 alpha=10 par=0,1,2,3,4,3,1,7,8,9,7,11,11,11,11,11 poly=1,16,105,376,830,1210,1200,801,342,84,9
SAMPLE n=16 alpha=9 par=0,1,2,3,4,3,1,7,8,9,7,11,11,11,7,15 poly=1,16,105,371,779,1012,821,408,115,14
SAMPLE n=16 alpha=10 par=0,1,2,3,4,3,1,7,8,9,7,11,11,7,1,1 poly=1,16,105,372,788,1045,884,475,156,28,2
SAMPLE n=16 alpha=9 par=0,1,2,3,4,3,1,7,8,9,7,11,11,1,14,15 poly=1,16,105,368,752,921,673,284,64,6
SAMPLE n=16 alpha=9 par=0,1,2,3,4,3,1,7,8,9,7,11,7,1,14,15 poly=1,16,105,369,760,943,696,288,58,4
SAMPLE n=16 alpha=8 par=0,1,2,3,4,3,1,7,8,9,7,11,1,13,14,15 poly=1,16,105,367,742,882,598,211,30
SAMPLE n=16 alpha=9 par=0,1,2,3,4,3,1,7,8,9,7,11,1,13,13,1 poly=1,16,105,370,769,975,753,341,82,8
SAMPLE n=16 alpha=11 par=0,1,2,3,4,3,1,7,8,9,7,7,7,7,1,1 poly=1,16,105,378,843,1243,1254,875,417,130,24,2
SAMPLE n=16 alpha=11 par=0,1,2,3,4,3,1,7,8,9,7,7,7,1,1,1 poly=1,16,105,377,834,1213,1205,833,399,127,24,2
SAMPLE n=16 alpha=9 par=0,1,2,3,4,3,1,7,8,9,7,1,12,12,1,15 poly=1,16,105,370,768,968,736,324,75,7
SAMPLE n=16 alpha=10 par=0,1,2,3,4,3,1,7,8,9,7,1,12,12,1,1 poly=1,16,105,373,796,1069,916,494,160,28,2
SAMPLE n=16 alpha=10 par=0,1,2,3,4,3,1,7,8,9,1,11,12,12,1,1 poly=1,16,105,372,792,1077,975,595,237,56,6
SAMPLE n=16 alpha=9 par=0,1,2,3,4,3,1,7,8,9,1,11,12,11,14,1 poly=1,16,105,369,760,944,702,301,68,6
SAMPLE n=16 alpha=10 par=0,1,2,3,4,3,1,7,8,9,1,11,11,1,1,1 poly=1,16,105,376,824,1172,1109,694,275,62,6
SAMPLE n=16 alpha=9 par=0,1,2,3,4,2,6,6,6,1,10,11,12,1,14,1 poly=1,16,105,371,780,1023,856,452,139,19
SAMPLE n=16 alpha=13 par=0,1,2,3,3,3,3,3,3,3,3,3,2,2,1,15 poly=1,16,105,403,1041,1912,2556,2514,1821,961,360,91,14,1
SAMPLE n=16 alpha=13 par=0,1,2,3,3,3,3,3,3,3,3,2,2,1,14,14 poly=1,16,105,396,994,1768,2291,2192,1555,813,307,80,13,1
SAMPLE n=16 alpha=12 par=0,1,2,3,3,3,3,3,3,3,3,2,1,13,1,1 poly=1,16,105,396,998,1784,2310,2178,1485,715,231,45,4
SAMPLE n=16 alpha=12 par=0,1,2,3,3,3,3,3,3,3,2,11,11,2,1,15 poly=1,16,105,389,936,1569,1877,1604,967,399,106,16,1
SAMPLE n=16 alpha=11 par=0,1,2,3,3,3,3,3,3,3,2,11,2,13,1,15 poly=1,16,105,388,925,1523,1771,1443,806,294,63,6
SAMPLE n=16 alpha=11 par=0,1,2,3,3,3,3,3,3,3,2,11,2,1,14,15 poly=1,16,105,388,927,1532,1792,1478,841,315,70,7
SAMPLE n=16 alpha=11 par=0,1,2,3,3,3,3,3,3,3,2,11,2,1,14,1 poly=1,16,105,389,935,1560,1848,1548,897,343,78,8
SAMPLE n=16 alpha=13 par=0,1,2,3,3,3,3,3,3,3,1,11,11,11,11,11 poly=1,16,105,395,1011,1867,2570,2669,2087,1211,506,144,25,2
SAMPLE n=16 alpha=12 par=0,1,2,3,3,3,3,3,2,2,2,2,1,13,14,14 poly=1,16,105,385,906,1477,1740,1507,955,431,131,24,2
SAMPLE n=16 alpha=12 par=0,1,2,3,3,3,3,3,2,2,2,2,1,13,1,15 poly=1,16,105,385,900,1442,1650,1372,824,346,95,15,1
SAMPLE n=16 alpha=12 par=0,1,2,3,3,3,3,3,2,2,2,1,12,12,1,1 poly=1,16,105,384,895,1428,1620,1326,779,320,87,14,1
SAMPLE n=16 alpha=12 par=0,1,2,3,3,3,3,3,2,2,1,11,12,12,1,1 poly=1,16,105,381,874,1368,1521,1219,702,285,78,13,1
SAMPLE n=16 alpha=12 par=0,1,2,3,3,3,3,3,2,2,1,11,11,1,14,14 poly=1,16,105,380,864,1329,1440,1119,626,250,69,12,1
SAMPLE n=16 alpha=11 par=0,1,2,3,3,3,3,3,2,2,1,11,1,13,1,1 poly=1,16,105,383,887,1396,1540,1195,638,222,45,4
SAMPLE n=16 alpha=11 par=0,1,2,3,3,3,3,2,8,8,8,8,2,1,14,1 poly=1,16,105,380,863,1329,1446,1124,615,226,50,5
SAMPLE n=16 alpha=12 par=0,1,2,3,3,3,3,2,8,8,8,1,12,13,13,1 poly=1,16,105,376,833,1242,1320,1025,584,240,68,12,1
SAMPLE n=16 alpha=11 par=0,1,2,3,3,3,3,2,8,8,8,1,12,13,12,12 poly=1,16,105,377,843,1273,1353,1023,542,192,41,4
SAMPLE n=16 alpha=12 par=0,1,2,3,3,3,3,2,8,8,8,1,12,12,12,1 poly=1,16,105,378,852,1309,1437,1149,668,276,77,13,1
SAMPLE n=16 alpha=12 par=0,1,2,3,3,3,3,2,8,8,8,1,12,12,1,1 poly=1,16,105,378,850,1299,1420,1135,662,275,77,13,1
SAMPLE n=16 alpha=10 par=0,1,2,3,3,3,3,2,8,8,2,11,2,1,14,15 poly=1,16,105,377,829,1182,1125,716,293,69,7
SAMPLE n=16 alpha=11 par=0,1,2,3,3,3,3,2,8,8,2,11,1,13,14,1 poly=1,16,105,375,814,1140,1071,686,293,80,13,1
SAMPLE n=16 alpha=11 par=0,1,2,3,3,3,3,2,8,8,2,11,1,13,13,1 poly=1,16,105,376,824,1178,1142,759,338,95,15,1
SAMPLE n=16 alpha=11 par=0,1,2,3,3,3,3,2,8,8,2,2,1,13,14,1 poly=1,16,105,378,839,1221,1204,811,365,103,16,1
SAMPLE n=16 alpha=11 par=0,1,2,3,3,3,3,2,8,8,2,2,1,13,13,1 poly=1,16,105,379,849,1260,1283,906,437,137,25,2
SAMPLE n=16 alpha=11 par=0,1,2,3,3,3,3,2,8,8,2,1,12,13,1,1 poly=1,16,105,377,834,1217,1221,854,410,129,24,2
SAMPLE n=16 alpha=12 par=0,1,2,3,3,3,3,2,8,8,2,1,12,12,12,12 poly=1,16,105,380,870,1368,1540,1260,746,311,86,14,1
SAMPLE n=16 alpha=10 par=0,1,2,3,3,3,3,2,8,8,2,1,12,1,14,1 poly=1,16,105,377,832,1201,1170,770,329,82,9
SAMPLE n=16 alpha=12 par=0,1,2,3,3,3,3,2,8,8,1,11,12,12,1,1 poly=1,16,105,376,832,1236,1309,1015,579,239,68,12,1
SAMPLE n=16 alpha=12 par=0,1,2,3,3,3,3,2,8,8,1,11,1,1,1,1 poly=1,16,105,382,885,1421,1653,1417,892,402,123,23,2
SAMPLE n=16 alpha=11 par=0,1,2,3,3,3,3,2,2,1,10,11,10,13,1,1 poly=1,16,105,377,834,1209,1185,790,350,97,15,1
SAMPLE n=16 alpha=11 par=0,1,2,3,3,3,3,2,2,1,10,11,1,13,14,1 poly=1,16,105,376,825,1180,1137,744,324,89,14,1
SAMPLE n=16 alpha=11 par=0,1,2,3,3,3,3,1,8,8,1,11,11,1,14,14 poly=1,16,105,376,830,1215,1231,867,416,130,24,2
SAMPLE n=16 alpha=12 par=0,1,2,3,3,3,3,1,8,8,1,11,11,1,1,1 poly=1,16,105,382,883,1400,1587,1305,772,319,87,14,1
SAMPLE n=16 alpha=10 par=0,1,2,3,3,3,2,7,2,9,2,11,2,2,1,15 poly=1,16,105,382,862,1266,1230,786,320,76,8
SAMPLE n=16 alpha=9 par=0,1,2,3,3,3,2,7,2,9,2,11,1,13,14,13 poly=1,16,105,374,801,1074,908,474,142,19
SAMPLE n=16 alpha=10 par=0,1,2,3,3,3,2,7,2,9,2,11,1,13,13,1 poly=1,16,105,375,808,1095,943,509,163,26,1
SAMPLE n=16 alpha=10 par=0,1,2,3,3,3,2,7,2,9,2,2,2,1,14,1 poly=1,16,105,383,872,1306,1313,883,385,100,12
SAMPLE n=16 alpha=10 par=0,1,2,3,3,3,2,7,2,9,2,2,1,13,13,1 poly=1,16,105,379,843,1218,1168,742,303,73,8
SAMPLE n=16 alpha=9 par=0,1,2,3,3,3,2,7,2,9,2,1,12,13,12,1 poly=1,16,105,375,810,1105,960,519,162,23
SAMPLE n=16 alpha=10 par=0,1,2,3,3,3,2,7,2,9,2,1,12,13,1,1 poly=1,16,105,376,818,1135,1026,606,228,50,5
SAMPLE n=16 alpha=10 par=0,1,2,3,3,3,2,7,2,9,2,1,12,12,12,1 poly=1,16,105,377,831,1191,1141,733,307,77,9
SAMPLE n=16 alpha=10 par=0,1,2,3,3,3,2,7,2,9,1,11,12,12,11,15 poly=1,16,105,372,788,1042,871,455,141,22,1
SAMPLE n=16 alpha=10 par=0,1,2,3,3,3,2,7,2,9,1,11,12,11,11,11 poly=1,16,105,376,828,1195,1166,769,331,85,10
SAMPLE n=16 alpha=10 par=0,1,2,3,3,3,2,7,2,9,1,11,11,1,14,14 poly=1,16,105,373,796,1074,945,551,208,47,5
SAMPLE n=16 alpha=11 par=0,1,2,3,3,3,2,7,2,9,1,11,11,1,1,1 poly=1,16,105,377,830,1188,1142,747,329,93,15,1
SAMPLE n=16 alpha=10 par=0,1,2,3,3,3,2,7,2,9,1,11,1,13,1,1 poly=1,16,105,376,819,1141,1038,615,229,48,4
SAMPLE n=16 alpha=11 par=0,1,2,3,3,3,2,7,1,9,1,11,1,1,1,1 poly=1,16,105,383,884,1381,1506,1153,610,213,44,4
SAMPLE n=16 alpha=11 par=0,1,2,3,3,3,2,2,1,9,9,1,12,1,1,1 poly=1,16,105,381,864,1301,1338,945,451,139,25,2
SAMPLE n=16 alpha=12 par=0,1,2,3,3,3,2,2,1,9,9,1,1,1,1,1 poly=1,16,105,386,909,1468,1681,1380,807,328,88,14,1
SAMPLE n=16 alpha=9 par=0,1,2,3,3,3,1,7,1,9,1,11,1,13,1,15 poly=1,16,105,377,827,1162,1061,621,216,33
SAMPLE n=16 alpha=11 par=0,1,2,3,3,2,6,6,1,9,10,10,9,13,1,1 poly=1,16,105,372,789,1056,929,561,237,68,12,1
SAMPLE n=16 alpha=9 par=0,1,2,3,3,2,6,6,1,9,10,9,12,9,14,9 poly=1,16,105,373,797,1070,907,470,136,17
SAMPLE n=16 alpha=10 par=0,1,2,3,3,2,6,6,1,9,10,9,9,9,1,15 poly=1,16,105,374,808,1122,1032,630,247,57,6
SAMPLE n=16 alpha=10 par=0,1,2,3,3,2,6,6,1,9,10,9,1,13,13,13 poly=1,16,105,372,791,1070,956,569,218,49,5
SAMPLE n=16 alpha=11 par=0,1,2,3,3,2,6,6,1,9,10,1,12,12,12,12 poly=1,16,105,374,811,1146,1099,718,313,87,14,1
SAMPLE n=16 alpha=12 par=0,1,2,3,3,2,6,6,1,9,10,1,1,1,1,1 poly=1,16,105,382,879,1382,1545,1238,709,286,78,13,1
SAMPLE n=16 alpha=11 par=0,1,2,3,3,2,6,2,2,2,2,1,12,1,1,1 poly=1,16,105,386,900,1415,1545,1180,621,215,44,4
SAMPLE n=16 alpha=10 par=0,1,2,3,3,2,6,2,2,2,1,11,12,1,14,14 poly=1,16,105,377,829,1179,1109,687,270,61,6
SAMPLE n=16 alpha=11 par=0,1,2,3,3,2,6,2,2,2,1,11,11,1,1,1 poly=1,16,105,382,869,1311,1348,950,452,139,25,2
SAMPLE n=16 alpha=11 par=0,1,2,3,3,2,6,1,8,9,9,8,8,8,1,1 poly=1,16,105,376,823,1164,1093,688,289,79,13,1
SAMPLE n=16 alpha=10 par=0,1,2,3,3,2,6,1,8,9,9,8,8,1,14,14 poly=1,16,105,372,789,1053,906,504,176,35,3
SAMPLE n=16 alpha=10 par=0,1,2,3,3,2,6,1,8,9,9,8,8,1,14,1 poly=1,16,105,373,795,1062,900,478,153,27,2
SAMPLE n=16 alpha=10 par=0,1,2,3,3,2,6,1,8,9,9,1,12,13,1,15 poly=1,16,105,370,769,979,777,390,123,23,2
SAMPLE n=16 alpha=9 par=0,1,2,3,3,2,6,1,8,9,8,11,8,13,1,15 poly=1,16,105,370,766,952,692,272,49,2
SAMPLE n=16 alpha=9 par=0,1,2,3,3,2,6,1,8,9,8,11,8,8,1,15 poly=1,16,105,373,795,1060,889,455,130,16
SAMPLE n=16 alpha=10 par=0,1,2,3,3,2,6,1,8,9,8,8,8,1,14,1 poly=1,16,105,375,813,1126,1016,593,215,44,4
SAMPLE n=16 alpha=11 par=0,1,2,3,3,2,6,1,8,9,8,8,8,1,1,1 poly=1,16,105,378,840,1225,1213,829,390,122,23,2
SAMPLE n=16 alpha=10 par=0,1,2,3,3,2,6,1,8,9,8,1,12,12,12,1 poly=1,16,105,373,796,1072,931,520,180,35,3
SAMPLE n=16 alpha=10 par=0,1,2,3,3,2,6,1,8,9,1,11,12,1,14,14 poly=1,16,105,370,767,965,740,343,93,14,1
SAMPLE n=16 alpha=11 par=0,1,2,3,3,2,2,2,1,9,10,10,1,13,13,13 poly=1,16,105,376,829,1209,1214,850,409,129,24,2
SAMPLE n=16 alpha=11 par=0,1,2,3,3,2,2,2,1,9,10,9,9,1,1,1 poly=1,16,105,380,856,1275,1293,900,425,131,24,2
SAMPLE n=16 alpha=9 par=0,1,2,3,2,5,2,7,1,9,10,9,12,9,14,1 poly=1,16,105,371,773,965,687,237,23,1
SAMPLE n=16 alpha=9 par=0,1,2,3,2,5,2,7,1,9,10,9,12,9,9,9 poly=1,16,105,377,833,1195,1127,678,236,36
SAMPLE n=16 alpha=9 par=0,1,2,3,2,5,2,7,1,9,10,9,12,9,9,1 poly=1,16,105,374,802,1073,885,419,93,4
SAMPLE n=16 alpha=9 par=0,1,2,3,2,5,2,7,1,9,10,9,12,9,1,1 poly=1,16,105,373,791,1031,811,358,75,5
SAMPLE n=16 alpha=9 par=0,1,2,3,2,5,2,7,1,9,10,9,12,1,14,1 poly=1,16,105,371,772,963,693,256,37,2
SAMPLE n=16 alpha=10 par=0,1,2,3,2,5,2,7,1,9,10,9,9,9,9,9 poly=1,16,105,382,881,1376,1486,1092,520,145,18
SAMPLE n=16 alpha=9 par=0,1,2,3,2,5,2,7,1,9,10,9,1,13,14,1 poly=1,16,105,371,773,971,715,282,49,3
SAMPLE n=16 alpha=10 par=0,1,2,3,2,5,2,2,1,9,10,9,9,9,9,1 poly=1,16,105,381,870,1332,1401,1005,471,130,16
SAMPLE n=16 alpha=10 par=0,1,2,3,2,5,2,2,1,9,10,1,12,12,12,12 poly=1,16,105,377,836,1226,1230,844,380,101,12
SAMPLE n=16 alpha=10 par=0,1,2,3,2,2,2,1,8,9,8,8,1,13,13,1 poly=1,16,105,377,831,1193,1146,736,305,74,8
SAMPLE n=16 alpha=10 par=0,1,2,3,2,2,2,1,8,9,8,8,1,13,1,1 poly=1,16,105,379,845,1230,1195,771,318,76,8
SAMPLE n=16 alpha=9 par=0,1,2,3,2,2,2,1,8,9,8,1,12,13,12,1 poly=1,16,105,375,812,1120,997,559,181,26
SAMPLE n=16 alpha=11 par=0,1,2,3,2,2,2,1,8,9,1,11,11,1,1,1 poly=1,16,105,381,861,1287,1312,921,440,137,25,2
SAMPLE n=16 alpha=12 par=0,1,2,2,2,2,2,1,8,8,8,1,12,12,1,15 poly=1,16,105,381,870,1353,1501,1204,696,284,78,13,1
SAMPLE n=16 alpha=12 par=0,1,2,2,2,2,2,1,8,8,1,11,11,1,14,14 poly=1,16,105,380,860,1315,1426,1113,625,250,69,12,1
SAMPLE n=16 alpha=10 par=0,1,2,2,2,2,2,1,8,1,10,1,12,1,14,1 poly=1,16,105,384,883,1356,1431,1036,492,137,17
TOP5 rank=0 n=16 alpha=13 k=7 q=9 num=824009 den=3448449 par=0,1,2,3,3,3,3,3,2,2,2,2,1,13,13,13 poly=1,16,105,387,927,1567,1960,1857,1339,726,287,78,13,1
TOP5 rank=1 n=16 alpha=13 k=7 q=9 num=825348 den=3448449 par=0,1,2,3,3,3,3,3,2,2,2,1,12,12,12,12 poly=1,16,105,386,924,1564,1959,1857,1339,726,287,78,13,1
TOP5 rank=2 n=16 alpha=13 k=7 q=9 num=806796 den=3370896 par=0,1,2,2,2,2,2,1,8,8,8,8,1,13,13,13 poly=1,16,105,384,909,1533,1925,1836,1332,725,287,78,13,1
TOP5 rank=3 n=16 alpha=13 k=7 q=9 num=887569 den=3655744 par=0,1,2,2,2,2,2,1,8,8,8,8,1,1,1,1 poly=1,16,105,390,945,1613,2025,1912,1367,734,288,78,13,1
TOP5 rank=4 n=16 alpha=13 k=6 q=9 num=998446 den=4080400 par=0,1,2,2,2,2,2,1,8,8,8,8,8,1,14,14 poly=1,16,105,386,926,1587,2020,1942,1409,760,296,79,13,1
TOP5 rank=5 n=16 alpha=13 k=7 q=9 num=943489 den=3853369 par=0,1,2,3,3,3,3,3,2,2,2,2,2,1,14,14 poly=1,16,105,390,946,1622,2055,1963,1416,761,296,79,13,1
TOP5 rank=6 n=16 alpha=13 k=7 q=9 num=965334 den=3932289 par=0,1,2,2,2,2,2,1,8,8,8,1,1,1,1,1 poly=1,16,105,392,957,1647,2085,1983,1423,762,296,79,13,1
TOP5 rank=7 n=16 alpha=13 k=6 q=9 num=1621877 den=6604900 par=0,1,2,3,3,3,3,3,3,3,1,11,11,11,11,11 poly=1,16,105,395,1011,1867,2570,2669,2087,1211,506,144,25,2
TOP5 rank=8 n=16 alpha=13 k=7 q=9 num=946644 den=3849444 par=0,1,2,3,3,3,3,3,2,2,1,11,11,11,11,11 poly=1,16,105,387,937,1612,2050,1962,1416,761,296,79,13,1
TOP5 rank=9 n=16 alpha=13 k=7 q=9 num=946644 den=3849444 par=0,1,2,3,3,3,3,1,8,8,8,1,1,1,1,1 poly=1,16,105,388,939,1613,2050,1962,1416,761,296,79,13,1
TOP5 rank=10 n=16 alpha=13 k=6 q=9 num=1619208 den=6584356 par=0,1,2,3,3,3,3,3,3,3,1,11,1,1,1,1 poly=1,16,105,395,1007,1861,2566,2668,2087,1211,506,144,25,2
TOP5 rank=11 n=16 alpha=13 k=6 q=9 num=1669645 den=6786025 par=0,1,2,2,2,2,2,1,8,1,1,1,1,1,1,1 poly=1,16,105,402,1032,1902,2605,2690,2094,1212,506,144,25,2
TOP4 rank=0 n=16 alpha=13 k=7 q=9 num=824009 den=3448449 par=0,1,2,3,3,3,3,3,2,2,2,2,1,13,13,13 poly=1,16,105,387,927,1567,1960,1857,1339,726,287,78,13,1
TOP4 rank=1 n=16 alpha=13 k=7 q=9 num=825348 den=3448449 par=0,1,2,3,3,3,3,3,2,2,2,1,12,12,12,12 poly=1,16,105,386,924,1564,1959,1857,1339,726,287,78,13,1
TOP4 rank=2 n=16 alpha=13 k=7 q=9 num=806796 den=3370896 par=0,1,2,2,2,2,2,1,8,8,8,8,1,13,13,13 poly=1,16,105,384,909,1533,1925,1836,1332,725,287,78,13,1
TOP4 rank=3 n=16 alpha=13 k=7 q=9 num=887569 den=3655744 par=0,1,2,2,2,2,2,1,8,8,8,8,1,1,1,1 poly=1,16,105,390,945,1613,2025,1912,1367,734,288,78,13,1
TOP4 rank=4 n=16 alpha=13 k=6 q=9 num=998446 den=4080400 par=0,1,2,2,2,2,2,1,8,8,8,8,8,1,14,14 poly=1,16,105,386,926,1587,2020,1942,1409,760,296,79,13,1
TOP4 rank=5 n=16 alpha=13 k=7 q=9 num=943489 den=3853369 par=0,1,2,3,3,3,3,3,2,2,2,2,2,1,14,14 poly=1,16,105,390,946,1622,2055,1963,1416,761,296,79,13,1
TOP4 rank=6 n=16 alpha=13 k=7 q=9 num=965334 den=3932289 par=0,1,2,2,2,2,2,1,8,8,8,1,1,1,1,1 poly=1,16,105,392,957,1647,2085,1983,1423,762,296,79,13,1
TOP4 rank=7 n=16 alpha=13 k=6 q=9 num=1621877 den=6604900 par=0,1,2,3,3,3,3,3,3,3,1,11,11,11,11,11 poly=1,16,105,395,1011,1867,2570,2669,2087,1211,506,144,25,2
TOP4 rank=8 n=16 alpha=13 k=7 q=9 num=946644 den=3849444 par=0,1,2,3,3,3,3,3,2,2,1,11,11,11,11,11 poly=1,16,105,387,937,1612,2050,1962,1416,761,296,79,13,1
TOP4 rank=9 n=16 alpha=13 k=7 q=9 num=946644 den=3849444 par=0,1,2,3,3,3,3,1,8,8,8,1,1,1,1,1 poly=1,16,105,388,939,1613,2050,1962,1416,761,296,79,13,1
TOP4 rank=10 n=16 alpha=13 k=6 q=9 num=1619208 den=6584356 par=0,1,2,3,3,3,3,3,3,3,1,11,1,1,1,1 poly=1,16,105,395,1007,1861,2566,2668,2087,1211,506,144,25,2
TOP4 rank=11 n=16 alpha=13 k=6 q=9 num=1669645 den=6786025 par=0,1,2,2,2,2,2,1,8,1,1,1,1,1,1,1 poly=1,16,105,402,1032,1902,2605,2690,2094,1212,506,144,25,2
VDMIN_FLOAT n=16 value=0.652261030656 k=6 alpha=9 q=6 lambda=2.29505119739 V=1.26548517815 delta=0.515423682488 par=0,1,2,3,2,5,2,7,1,9,10,9,12,9,14,1 poly=1,16,105,371,773,965,687,237,23,1
PERK n=16 alpha=13 k=4 q=9 num=278954 den=1014049 par=0,1,2,3,3,3,3,3,3,3,1,11,1,1,1,1
PERK n=16 alpha=13 k=5 q=9 num=879359 den=3463321 par=0,1,2,3,3,3,3,3,3,3,1,11,1,1,1,1
PERK n=16 alpha=13 k=6 q=9 num=891037 den=3705625 par=0,1,2,2,2,2,2,1,8,8,8,8,1,13,13,13
PERK n=16 alpha=13 k=7 q=9 num=824009 den=3448449 par=0,1,2,3,3,3,3,3,2,2,2,2,1,13,13,13
PERK n=16 alpha=13 k=8 q=9 num=444739 den=1792921 par=0,1,2,3,3,3,3,3,2,2,2,2,1,13,13,13
PERK n=16 alpha=13 k=9 q=9 num=145060 den=538756 par=0,1,2,2,2,2,2,1,8,8,8,8,1,1,1,1
PERALPHA n=16 alpha=8 k=4 q=5 num=234213 den=603729 par=0,1,2,3,4,3,6,1,8,9,10,1,12,1,14,1
PERALPHA n=16 alpha=9 k=5 q=6 num=489234 den=1428025 par=0,1,2,3,2,5,2,7,1,9,10,9,12,9,9,9
PERALPHA n=16 alpha=10 k=5 q=7 num=584210 den=1893376 par=0,1,2,3,2,5,2,7,1,9,10,9,9,9,9,9
PERALPHA n=16 alpha=11 k=6 q=7 num=562702 den=1999396 par=0,1,2,3,3,3,3,2,8,8,8,8,1,13,1,15
PERALPHA n=16 alpha=12 k=6 q=8 num=640244 den=2486929 par=0,1,2,3,3,3,3,2,8,8,8,1,12,1,1,1
PERALPHA n=16 alpha=13 k=7 q=9 num=824009 den=3448449 par=0,1,2,3,3,3,3,3,2,2,2,2,1,13,13,13
TOPQ n=16 alpha=13 k=9 q=9 num=145060 den=538756 par=0,1,2,2,2,2,2,1,8,8,8,8,1,1,1,1
NEWTON n=16 alpha=13 k=7 q=9 num=46144504 den=48278286 par=0,1,2,3,3,3,3,3,2,2,2,2,1,13,13,13
NEWTONFAIL_DIST n=16 q_minus_k=0 trees=117
NEWTONFAIL_DIST n=16 q_minus_k=1 trees=45
NEWTONFAIL_DIST n=16 q_minus_k=2 trees=14
NEWTONFAIL_DIST n=16 q_minus_k=3 trees=12
NEWTONFAIL_DIST n=16 q_minus_k=4 trees=5
NEWTONFAIL_DIST n=16 q_minus_k=5 trees=4
VDBIN_FLOAT n=16 bin_lo=0 value=0.652261030656 k=6 alpha=9 q=6 lambda=2.29505119739 V=1.26548517815 delta=0.515423682488 par=0,1,2,3,2,5,2,7,1,9,10,9,12,9,14,1
VDBIN_FLOAT n=16 bin_lo=2 value=0.693722958399 k=7 alpha=10 q=7 lambda=2.31654434945 V=2.02898331227 delta=0.341906685089 par=0,1,2,3,4,3,1,7,8,9,8,1,12,13,13,1
STATS n=16 trees=3888 viol5=0 viol4=0 zero5=0 zero4=0 nonunimodal=0 sampled=410 newton_fail_trees=197
