SAMPLE n=16 alpha=9 par=0,1,2,3,4,5,6,7,4,1,10,11,12,13,14,10 poly=1,16,105,366,735,866,587,216,39,3
SAMPLE n=16 alpha=9 par=0,1,2,3,4,5,6,7,3,1,10,11,12,13,14,1 poly=1,16,105,366,735,867,593,228,47,4
SAMPLE n=16 alpha=10 par=0,1,2,3,4,5,6,6,6,2,1,11,12,13,14,1 poly=1,16,105,369,766,985,802,411,125,19,1
SAMPLE n=16 alpha=9 par=0,1,2,3,4,5,6,6,5,4,2,1,12,13,14,15 poly=1,16,105,368,754,933,698,308,75,8
SAMPLE n=16 alpha=9 par=0,1,2,3,4,5,6,6,5,4,1,11,12,13,14,13 poly=1,16,105,368,754,931,687,287,59,4
SAMPLE n=16 alpha=9 par=0,1,2,3,4,5,6,6,4,9,1,11,12,13,14,15 poly=1,16,105,366,735,867,593,226,42,2
SAMPLE n=16 alpha=10 par=0,1,2,3,4,5,6,6,4,1,10,11,12,13,13,11 poly=1,16,105,368,757,958,774,412,143,30,3
SAMPLE n=16 alpha=9 par=0,1,2,3,4,5,6,6,4,1,10,11,12,13,12,11 poly=1,16,105,368,755,940,717,332,89,11
SAMPLE n=16 alpha=10 par=0,1,2,3,4,5,6,6,4,1,10,11,12,13,11,11 poly=1,16,105,369,766,987,817,444,155,32,3
SAMPLE n=16 alpha=9 par=0,1,2,3,4,5,6,6,1,9,10,11,12,13,11,15 poly=1,16,105,366,735,866,588,219,39,2
SAMPLE n=16 alpha=9 par=0,1,2,3,4,5,6,6,1,9,10,11,12,13,9,15 poly=1,16,105,366,735,866,587,216,38,2
SAMPLE n=16 alpha=9 par=0,1,2,3,4,5,6,5,8,2,1,11,12,13,14,13 poly=1,16,105,367,744,893,617,224,35,2
SAMPLE n=16 alpha=9 par=0,1,2,3,4,5,6,5,4,4,4,1,12,13,14,15 poly=1,16,105,371,781,1025,850,435,125,15
SAMPLE n=16 alpha=9 par=0,1,2,3,4,5,6,5,3,9,10,1,12,13,14,15 poly=1,16,105,366,734,859,570,199,32,2
SAMPLE n=16 alpha=8 par=0,1,2,3,4,5,6,5,3,9,1,11,12,13,14,11 poly=1,16,105,367,744,895,627,236,37
SAMPLE n=16 alpha=8 par=0,1,2,3,4,5,6,5,2,9,2,1,12,13,14,15 poly=1,16,105,368,753,924,667,260,42
SAMPLE n=16 alpha=9 par=0,1,2,3,4,5,6,5,1,9,10,11,12,10,14,14 poly=1,16,105,367,744,895,629,243,44,2
SAMPLE n=16 alpha=9 par=0,1,2,3,4,5,6,5,1,9,10,11,12,9,14,1 poly=1,16,105,367,743,887,606,216,33,2
SAMPLE n=16 alpha=9 par=0,1,2,3,4,5,6,5,1,9,10,11,12,1,14,15 poly=1,16,105,366,734,858,565,192,29,2
SAMPLE n=16 alpha=9 par=0,1,2,3,4,5,6,4,3,2,10,1,12,13,14,15 poly=1,16,105,367,742,881,594,207,30,1
SAMPLE n=16 alpha=9 par=0,1,2,3,4,5,6,2,8,9,1,11,12,13,14,1 poly=1,16,105,366,733,852,553,182,25,1
SAMPLE n=16 alpha=10 par=0,1,2,3,4,5,5,5,5,5,4,1,12,13,14,1 poly=1,16,105,376,831,1214,1207,811,352,89,10
SAMPLE n=16 alpha=11 par=0,1,2,3,4,5,5,5,5,5,3,1,12,13,14,12 poly=1,16,105,376,835,1245,1295,936,458,144,26,2
SAMPLE n=16 alpha=11 par=0,1,2,3,4,5,5,5,5,5,1,11,12,13,13,11 poly=1,16,105,376,836,1250,1305,952,478,159,32,3
SAMPLE n=16 alpha=10 par=0,1,2,3,4,5,5,5,5,1,10,11,12,12,11,15 poly=1,16,105,372,796,1097,1008,615,237,52,5
SAMPLE n=16 alpha=10 par=0,1,2,3,4,5,5,5,5,1,10,11,12,12,10,15 poly=1,16,105,372,797,1106,1035,652,266,64,7
SAMPLE n=16 alpha=10 par=0,1,2,3,4,5,5,5,4,1,10,11,12,13,13,10 poly=1,16,105,370,776,1022,868,474,159,29,2
SAMPLE n=16 alpha=9 par=0,1,2,3,4,5,5,5,4,1,10,11,12,13,10,1 poly=1,16,105,370,774,1006,823,415,119,15
SAMPLE n=16 alpha=10 par=0,1,2,3,4,5,5,5,2,1,10,11,12,12,11,15 poly=1,16,105,370,776,1022,868,473,157,28,2
SAMPLE n=16 alpha=10 par=0,1,2,3,4,5,5,5,2,1,10,11,12,10,14,14 poly=1,16,105,370,776,1024,878,486,165,30,2
SAMPLE n=16 alpha=9 par=0,1,2,3,4,5,5,5,2,1,10,11,12,10,14,1 poly=1,16,105,370,774,1008,833,429,126,16
SAMPLE n=16 alpha=9 par=0,1,2,3,4,5,5,4,8,3,10,1,12,13,14,1 poly=1,16,105,368,752,920,670,282,63,6
SAMPLE n=16 alpha=9 par=0,1,2,3,4,5,5,4,8,3,2,11,1,13,14,15 poly=1,16,105,368,751,912,647,256,54,5
SAMPLE n=16 alpha=10 par=0,1,2,3,4,5,5,4,8,3,1,11,12,13,13,1 poly=1,16,105,369,764,972,776,393,124,23,2
SAMPLE n=16 alpha=9 par=0,1,2,3,4,5,5,4,8,3,1,11,12,13,12,11 poly=1,16,105,369,762,954,721,318,76,8
SAMPLE n=16 alpha=9 par=0,1,2,3,4,5,5,4,4,3,10,11,1,13,14,15 poly=1,16,105,369,761,950,714,309,69,6
SAMPLE n=16 alpha=9 par=0,1,2,3,4,5,5,4,4,3,2,11,1,13,14,15 poly=1,16,105,370,770,979,756,338,78,7
SAMPLE n=16 alpha=9 par=0,1,2,3,4,5,5,4,4,3,2,1,12,13,14,1 poly=1,16,105,371,780,1016,822,398,104,11
SAMPLE n=16 alpha=10 par=0,1,2,3,4,5,5,4,4,3,1,11,12,13,13,11 poly=1,16,105,371,783,1038,885,487,169,34,3
SAMPLE n=16 alpha=10 par=0,1,2,3,4,5,5,4,4,3,1,11,12,13,12,12 poly=1,16,105,372,792,1065,919,502,165,29,2
SAMPLE n=16 alpha=10 par=0,1,2,3,4,5,5,4,3,3,3,3,1,13,14,15 poly=1,16,105,376,827,1192,1160,757,316,76,8
SAMPLE n=16 alpha=10 par=0,1,2,3,4,5,5,4,3,3,3,1,12,13,14,12 poly=1,16,105,373,801,1102,999,594,221,46,4
SAMPLE n=16 alpha=9 par=0,1,2,3,4,5,5,4,3,3,2,11,1,13,14,15 poly=1,16,105,370,770,981,767,358,92,10
SAMPLE n=16 alpha=10 par=0,1,2,3,4,5,5,4,3,3,2,2,1,13,14,15 poly=1,16,105,372,789,1050,890,475,153,27,2
SAMPLE n=16 alpha=10 par=0,1,2,3,4,5,5,4,3,3,1,11,12,13,13,1 poly=1,16,105,371,784,1048,916,528,195,42,4
SAMPLE n=16 alpha=9 par=0,1,2,3,4,5,5,4,3,3,1,11,12,13,12,15 poly=1,16,105,370,772,992,790,381,103,12
SAMPLE n=16 alpha=10 par=0,1,2,3,4,5,5,4,3,3,1,11,12,13,12,12 poly=1,16,105,372,793,1074,947,544,198,42,4
SAMPLE n=16 alpha=10 par=0,1,2,3,4,5,5,4,3,3,1,11,12,13,12,1 poly=1,16,105,371,783,1040,895,505,184,40,4
SAMPLE n=16 alpha=10 par=0,1,2,3,4,5,5,4,2,2,2,1,12,13,14,15 poly=1,16,105,372,794,1086,983,587,220,46,4
SAMPLE n=16 alpha=10 par=0,1,2,3,4,5,5,4,2,2,1,11,12,13,14,13 poly=1,16,105,370,775,1015,850,454,149,27,2
SAMPLE n=16 alpha=10 par=0,1,2,3,4,5,5,4,2,2,1,11,12,13,14,11 poly=1,16,105,370,775,1018,867,484,172,35,3
SAMPLE n=16 alpha=10 par=0,1,2,3,4,5,5,4,2,2,1,11,12,13,12,11 poly=1,16,105,371,784,1046,905,509,180,36,3
SAMPLE n=16 alpha=11 par=0,1,2,3,4,5,5,4,2,2,1,11,12,13,11,11 poly=1,16,105,372,795,1095,1019,657,291,84,14,1
SAMPLE n=16 alpha=10 par=0,1,2,3,4,5,5,4,2,2,1,11,12,13,11,1 poly=1,16,105,371,782,1032,869,464,151,27,2
SAMPLE n=16 alpha=10 par=0,1,2,3,4,5,5,3,8,9,9,1,12,13,14,13 poly=1,16,105,368,756,950,749,376,120,23,2
SAMPLE n=16 alpha=9 par=0,1,2,3,4,5,5,3,8,9,8,1,12,13,14,13 poly=1,16,105,368,754,933,697,303,69,6
SAMPLE n=16 alpha=9 par=0,1,2,3,4,5,5,3,8,9,2,1,12,13,14,13 poly=1,16,105,368,754,934,702,310,73,7
SAMPLE n=16 alpha=9 par=0,1,2,3,4,5,5,3,8,9,2,1,12,13,14,1 poly=1,16,105,368,753,928,690,301,71,7
SAMPLE n=16 alpha=10 par=0,1,2,3,4,5,5,3,8,9,1,11,12,13,11,1 poly=1,16,105,368,754,935,710,331,94,15,1
SAMPLE n=16 alpha=9 par=0,1,2,3,4,5,5,3,8,9,1,11,12,13,1,15 poly=1,16,105,367,744,898,645,272,65,7
SAMPLE n=16 alpha=9 par=0,1,2,3,4,5,5,3,8,1,10,11,12,10,14,1 poly=1,16,105,368,753,927,688,303,74,8
SAMPLE n=16 alpha=10 par=0,1,2,3,4,5,5,3,2,9,10,10,1,13,14,15 poly=1,16,105,368,755,944,736,361,107,17,1
SAMPLE n=16 alpha=9 par=0,1,2,3,4,5,5,3,2,9,2,1,12,13,14,13 poly=1,16,105,370,772,993,791,379,101,12
SAMPLE n=16 alpha=10 par=0,1,2,3,4,5,5,3,2,9,2,1,12,13,14,12 poly=1,16,105,370,772,996,809,415,132,24,2
SAMPLE n=16 alpha=9 par=0,1,2,3,4,5,5,3,2,9,1,11,12,13,12,11 poly=1,16,105,369,763,963,746,348,92,11
SAMPLE n=16 alpha=10 par=0,1,2,3,4,5,5,3,1,9,10,11,11,1,14,15 poly=1,16,105,368,756,951,755,387,126,24,2
SAMPLE n=16 alpha=10 par=0,1,2,3,4,5,5,3,1,9,10,11,10,10,10,9 poly=1,16,105,373,802,1106,1006,606,236,55,6
SAMPLE n=16 alpha=10 par=0,1,2,3,4,5,5,3,1,9,10,11,10,9,14,14 poly=1,16,105,369,764,972,776,392,124,23,2
SAMPLE n=16 alpha=10 par=0,1,2,3,4,5,5,3,1,9,10,11,10,9,9,1 poly=1,16,105,371,782,1032,872,474,163,33,3
SAMPLE n=16 alpha=10 par=0,1,2,3,4,5,5,3,1,9,10,11,9,13,14,9 poly=1,16,105,369,764,973,782,403,130,24,2
SAMPLE n=16 alpha=9 par=0,1,2,3,4,5,5,3,1,9,10,11,1,13,14,15 poly=1,16,105,367,745,906,668,301,80,10
SAMPLE n=16 alpha=11 par=0,1,2,3,4,5,5,3,1,9,10,11,1,1,1,1 poly=1,16,105,376,832,1228,1261,907,452,151,31,3
SAMPLE n=16 alpha=10 par=0,1,2,3,4,5,5,2,8,1,10,11,12,12,1,1 poly=1,16,105,370,774,1010,842,447,145,26,2
SAMPLE n=16 alpha=9 par=0,1,2,3,4,5,5,2,8,1,10,11,12,11,14,10 poly=1,16,105,368,753,925,676,282,61,5
SAMPLE n=16 alpha=9 par=0,1,2,3,4,5,5,2,8,1,10,11,12,11,10,10 poly=1,16,105,370,773,1001,815,410,118,15
SAMPLE n=16 alpha=9 par=0,1,2,3,4,5,5,2,1,9,10,11,10,13,9,15 poly=1,16,105,368,753,926,681,287,60,4
SAMPLE n=16 alpha=10 par=0,1,2,3,4,5,5,2,1,9,10,11,10,13,9,9 poly=1,16,105,370,773,1003,829,441,146,27,2
SAMPLE n=16 alpha=9 par=0,1,2,3,4,5,5,2,1,9,10,11,10,13,1,1 poly=1,16,105,370,773,1001,814,408,117,15
SAMPLE n=16 alpha=9 par=0,1,2,3,4,5,5,2,1,9,10,11,10,9,14,14 poly=1,16,105,369,764,972,772,375,102,12
SAMPLE n=16 alpha=10 par=0,1,2,3,4,5,5,2,1,9,10,11,10,9,9,9 poly=1,16,105,373,802,1110,1024,633,253,59,6
SAMPLE n=16 alpha=9 par=0,1,2,3,4,5,5,2,1,9,10,11,10,9,9,1 poly=1,16,105,371,781,1024,845,428,122,15
SAMPLE n=16 alpha=10 par=0,1,2,3,4,5,5,2,1,9,10,11,9,13,13,13 poly=1,16,105,370,775,1018,865,473,159,29,2
SAMPLE n=16 alpha=9 par=0,1,2,3,4,5,5,2,1,9,10,11,9,1,14,15 poly=1,16,105,368,753,928,691,304,72,7
SAMPLE n=16 alpha=10 par=0,1,2,3,4,5,5,2,1,9,10,11,9,1,1,1 poly=1,16,105,373,799,1088,962,549,194,38,3
SAMPLE n=16 alpha=9 par=0,1,2,3,4,5,4,7,4,3,3,2,1,13,14,15 poly=1,16,105,371,777,996,773,342,74,5
SAMPLE n=16 alpha=9 par=0,1,2,3,4,5,4,7,4,3,3,1,12,13,14,12 poly=1,16,105,371,779,1009,807,385,99,10
SAMPLE n=16 alpha=8 par=0,1,2,3,4,5,4,7,4,3,2,11,1,13,14,15 poly=1,16,105,369,759,933,663,243,33
SAMPLE n=16 alpha=9 par=0,1,2,3,4,5,4,7,4,3,2,2,1,13,14,15 poly=1,16,105,371,779,1010,808,382,95,9
SAMPLE n=16 alpha=10 par=0,1,2,3,4,5,4,7,3,3,3,2,1,13,14,15 poly=1,16,105,372,787,1037,860,441,131,19,1
SAMPLE n=16 alpha=10 par=0,1,2,3,4,5,4,7,3,3,2,2,1,13,14,15 poly=1,16,105,371,778,1005,802,386,107,16,1
SAMPLE n=16 alpha=9 par=0,1,2,3,4,5,4,7,3,3,2,1,12,13,14,13 poly=1,16,105,370,770,978,753,335,77,7
SAMPLE n=16 alpha=10 par=0,1,2,3,4,5,4,7,3,3,2,1,12,13,14,12 poly=1,16,105,370,770,980,765,360,99,15,1
SAMPLE n=16 alpha=9 par=0,1,2,3,4,5,4,7,2,2,1,11,12,13,14,1 poly=1,16,105,369,762,956,726,319,71,5
SAMPLE n=16 alpha=9 par=0,1,2,3,4,5,4,7,2,2,1,11,12,13,11,15 poly=1,16,105,369,763,965,756,361,95,10
SAMPLE n=16 alpha=9 par=0,1,2,3,4,5,4,7,2,2,1,11,12,13,11,1 poly=1,16,105,370,771,987,780,370,96,10
SAMPLE n=16 alpha=10 par=0,1,2,3,4,5,4,4,4,4,3,1,12,13,14,1 poly=1,16,105,376,827,1186,1133,713,282,63,6
SAMPLE n=16 alpha=10 par=0,1,2,3,4,5,4,4,4,4,1,11,12,13,12,1 poly=1,16,105,376,831,1211,1192,783,327,78,8
SAMPLE n=16 alpha=10 par=0,1,2,3,4,5,4,4,4,4,1,11,12,13,1,1 poly=1,16,105,377,841,1249,1266,869,388,102,12
SAMPLE n=16 alpha=9 par=0,1,2,3,4,5,4,4,3,9,3,3,1,13,14,15 poly=1,16,105,373,795,1060,889,455,130,16
SAMPLE n=16 alpha=9 par=0,1,2,3,4,5,4,4,3,9,1,11,12,13,14,11 poly=1,16,105,369,762,955,723,316,71,6
SAMPLE n=16 alpha=9 par=0,1,2,3,4,5,4,4,2,9,9,1,12,13,14,15 poly=1,16,105,369,764,971,765,363,94,10
SAMPLE n=16 alpha=9 par=0,1,2,3,4,5,4,4,2,9,2,1,12,13,14,1 poly=1,16,105,371,781,1025,849,434,126,16
SAMPLE n=16 alpha=9 par=0,1,2,3,4,5,4,4,2,9,1,11,12,13,14,13 poly=1,16,105,369,764,969,756,350,86,8
SAMPLE n=16 alpha=9 par=0,1,2,3,4,5,4,4,2,9,1,11,12,13,14,1 poly=1,16,105,369,763,963,743,336,78,6
SAMPLE n=16 alpha=9 par=0,1,2,3,4,5,4,4,1,9,10,11,10,9,14,15 poly=1,16,105,369,763,961,736,328,75,6
SAMPLE n=16 alpha=9 par=0,1,2,3,4,5,4,4,1,9,10,11,10,9,1,15 poly=1,16,105,370,772,990,777,354,81,6
SAMPLE n=16 alpha=9 par=0,1,2,3,4,5,4,4,1,9,10,11,9,13,14,1 poly=1,16,105,369,763,962,740,332,76,6
SAMPLE n=16 alpha=10 par=0,1,2,3,4,5,4,4,1,9,10,11,9,13,9,9 poly=1,16,105,373,801,1097,980,570,209,44,4
SAMPLE n=16 alpha=9 par=0,1,2,3,4,5,4,4,1,9,10,11,9,13,9,1 poly=1,16,105,371,781,1021,833,410,110,12
SAMPLE n=16 alpha=9 par=0,1,2,3,4,5,4,4,1,9,10,11,1,13,14,14 poly=1,16,105,369,765,978,784,388,110,14
SAMPLE n=16 alpha=9 par=0,1,2,3,4,5,4,4,1,9,10,11,1,13,14,1 poly=1,16,105,370,773,1000,809,397,107,12
SAMPLE n=16 alpha=9 par=0,1,2,3,4,5,4,4,1,9,10,11,1,13,13,1 poly=1,16,105,371,782,1029,852,430,120,14
SAMPLE n=16 alpha=9 par=0,1,2,3,4,5,4,3,8,1,10,11,12,13,11,11 poly=1,16,105,369,763,962,744,347,91,10
SAMPLE n=16 alpha=10 par=0,1,2,3,4,5,4,3,3,1,10,11,12,11,1,1 poly=1,16,105,372,793,1079,972,589,235,56,6
SAMPLE n=16 alpha=9 par=0,1,2,3,4,5,4,3,1,9,10,11,12,11,9,9 poly=1,16,105,370,774,1007,828,423,124,16
SAMPLE n=16 alpha=8 par=0,1,2,3,4,5,4,3,1,9,10,11,12,9,1,15 poly=1,16,105,368,752,917,652,248,39
SAMPLE n=16 alpha=9 par=0,1,2,3,4,5,4,2,8,1,10,11,12,13,12,10 poly=1,16,105,368,754,933,698,307,74,8
SAMPLE n=16 alpha=8 par=0,1,2,3,4,5,4,2,8,1,10,11,12,13,12,1 poly=1,16,105,368,753,924,668,262,43
SAMPLE n=16 alpha=9 par=0,1,2,3,4,5,4,2,8,1,10,11,12,13,11,10 poly=1,16,105,368,753,925,675,277,56,4
SAMPLE n=16 alpha=9 par=0,1,2,3,4,5,4,2,1,9,10,11,12,10,14,14 poly=1,16,105,368,754,933,699,309,75,8
SAMPLE n=16 alpha=9 par=0,1,2,3,4,5,4,2,1,9,10,11,12,10,14,9 poly=1,16,105,368,753,926,683,296,72,8
SAMPLE n=16 alpha=10 par=0,1,2,3,4,5,4,2,1,9,10,11,12,10,10,10 poly=1,16,105,372,794,1084,977,579,215,45,4
SAMPLE n=16 alpha=10 par=0,1,2,3,4,5,4,2,1,9,10,11,12,10,9,9 poly=1,16,105,370,773,1002,823,430,140,26,2
SAMPLE n=16 alpha=9 par=0,1,2,3,4,5,4,2,1,9,10,11,12,1,14,14 poly=1,16,105,368,753,927,686,299,73,8
SAMPLE n=16 alpha=9 par=0,1,2,3,4,5,3,7,8,2,10,11,1,13,14,15 poly=1,16,105,366,732,846,542,176,25,1
SAMPLE n=16 alpha=9 par=0,1,2,3,4,5,3,7,8,2,10,1,12,13,14,15 poly=1,16,105,366,732,845,537,168,21,1
SAMPLE n=16 alpha=9 par=0,1,2,3,4,5,3,7,8,2,10,1,12,13,14,1 poly=1,16,105,367,741,876,588,209,36,3
SAMPLE n=16 alpha=9 par=0,1,2,3,4,5,3,7,8,2,1,11,12,13,11,15 poly=1,16,105,367,742,882,601,220,37,2
SAMPLE n=16 alpha=9 par=0,1,2,3,4,5,3,7,7,2,10,1,12,13,14,1 poly=1,16,105,368,751,914,656,265,52,3
SAMPLE n=16 alpha=9 par=0,1,2,3,4,5,3,7,7,2,1,11,12,13,11,15 poly=1,16,105,368,752,920,671,285,65,6
SAMPLE n=16 alpha=10 par=0,1,2,3,4,5,3,7,3,2,2,1,12,13,14,12 poly=1,16,105,371,779,1013,828,426,136,25,2
SAMPLE n=16 alpha=9 par=0,1,2,3,4,5,3,7,3,2,1,11,12,13,11,1 poly=1,16,105,370,769,972,740,322,71,6
SAMPLE n=16 alpha=8 par=0,1,2,3,4,5,3,7,2,1,10,11,12,13,11,15 poly=1,16,105,367,742,880,591,204,28
SAMPLE n=16 alpha=10 par=0,1,2,3,4,5,3,3,2,1,10,11,12,13,11,10 poly=1,16,105,370,772,993,795,390,112,17,1
SAMPLE n=16 alpha=10 par=0,1,2,3,4,5,3,3,2,1,10,11,12,13,10,10 poly=1,16,105,371,783,1040,893,496,172,34,3
SAMPLE n=16 alpha=10 par=0,1,2,3,4,5,3,2,8,8,2,2,1,13,14,15 poly=1,16,105,372,786,1030,840,415,117,17,1
SAMPLE n=16 alpha=9 par=0,1,2,3,4,5,2,7,8,1,10,11,12,13,1,1 poly=1,16,105,368,752,921,672,280,60,5
SAMPLE n=16 alpha=10 par=0,1,2,3,4,5,2,7,7,1,10,11,12,1,1,1 poly=1,16,105,372,790,1062,932,533,189,37,3
SAMPLE n=16 alpha=9 par=0,1,2,3,4,5,2,7,1,9,10,11,12,9,9,9 poly=1,16,105,371,783,1042,898,491,154,21
SAMPLE n=16 alpha=10 par=0,1,2,3,4,5,2,7,1,9,10,11,12,1,1,1 poly=1,16,105,371,780,1021,846,437,131,19,1
SAMPLE n=16 alpha=9 par=0,1,2,3,4,5,2,2,1,9,10,11,12,9,1,15 poly=1,16,105,369,761,952,726,332,84,9
SAMPLE n=16 alpha=9 par=0,1,2,3,4,5,2,2,1,9,10,11,12,1,14,14 poly=1,16,105,369,762,960,748,358,98,12
SAMPLE n=16 alpha=11 par=0,1,2,3,4,4,4,4,4,2,10,11,2,1,14,15 poly=1,16,105,377,843,1273,1351,1006,514,172,34,3
SAMPLE n=16 alpha=11 par=0,1,2,3,4,4,4,4,4,2,10,11,1,13,14,1 poly=1,16,105,376,833,1231,1254,871,398,112,17,1
SAMPLE n=16 alpha=11 par=0,1,2,3,4,4,4,4,4,2,10,10,1,13,14,1 poly=1,16,105,377,843,1269,1329,962,469,146,26,2
SAMPLE n=16 alpha=11 par=0,1,2,3,4,4,4,4,4,2,10,1,12,13,13,12 poly=1,16,105,377,844,1274,1341,981,484,152,27,2
SAMPLE n=16 alpha=10 par=0,1,2,3,4,4,4,4,4,2,10,1,12,13,12,15 poly=1,16,105,376,833,1229,1246,856,378,97,11
SAMPLE n=16 alpha=10 par=0,1,2,3,4,4,4,4,4,2,10,1,12,13,1,15 poly=1,16,105,376,832,1223,1232,836,363,91,10
SAMPLE n=16 alpha=11 par=0,1,2,3,4,4,4,4,4,2,2,1,12,13,12,15 poly=1,16,105,378,854,1317,1445,1131,620,227,50,5
SAMPLE n=16 alpha=11 par=0,1,2,3,4,4,4,4,4,2,2,1,12,13,12,1 poly=1,16,105,379,862,1339,1475,1156,631,229,50,5
SAMPLE n=16 alpha=11 par=0,1,2,3,4,4,4,4,4,2,1,11,12,13,12,12 poly=1,16,105,378,855,1318,1435,1106,590,207,43,4
SAMPLE n=16 alpha=12 par=0,1,2,3,4,4,4,4,4,2,1,11,12,12,12,12 poly=1,16,105,381,887,1447,1715,1496,953,431,131,24,2
SAMPLE n=16 alpha=11 par=0,1,2,3,4,4,4,4,4,2,1,11,12,12,11,1 poly=1,16,105,378,853,1304,1398,1051,540,180,35,3
SAMPLE n=16 alpha=11 par=0,1,2,3,4,4,4,4,4,2,1,11,12,11,11,1 poly=1,16,105,379,862,1334,1455,1121,596,208,43,4
SAMPLE n=16 alpha=11 par=0,1,2,3,4,4,4,4,4,2,1,11,12,11,1,15 poly=1,16,105,377,842,1260,1309,941,454,140,25,2
SAMPLE n=16 alpha=11 par=0,1,2,3,4,4,4,4,4,2,1,11,12,1,14,14 poly=1,16,105,377,843,1269,1337,986,499,166,33,3
SAMPLE n=16 alpha=10 par=0,1,2,3,4,4,4,4,3,2,10,11,10,1,14,15 poly=1,16,105,373,801,1102,995,582,206,37,2
SAMPLE n=16 alpha=10 par=0,1,2,3,4,4,4,4,3,2,10,10,2,1,14,15 poly=1,16,105,375,819,1166,1115,714,293,69,7
SAMPLE n=16 alpha=10 par=0,1,2,3,4,4,4,4,3,2,10,10,1,13,14,15 poly=1,16,105,373,802,1110,1019,618,237,52,5
SAMPLE n=16 alpha=10 par=0,1,2,3,4,4,4,4,3,2,10,10,1,13,14,13 poly=1,16,105,374,812,1147,1087,690,282,67,7
SAMPLE n=16 alpha=10 par=0,1,2,3,4,4,4,4,3,2,10,2,1,13,14,15 poly=1,16,105,374,810,1134,1055,647,247,51,4
SAMPLE n=16 alpha=11 par=0,1,2,3,4,4,4,4,3,2,10,1,12,13,13,1 poly=1,16,105,374,812,1148,1096,712,309,86,14,1
SAMPLE n=16 alpha=10 par=0,1,2,3,4,4,4,4,3,2,10,1,12,13,12,1 poly=1,16,105,374,810,1131,1043,628,232,45,3
SAMPLE n=16 alpha=10 par=0,1,2,3,4,4,4,4,3,2,1,11,12,13,12,11 poly=1,16,105,374,812,1144,1078,678,272,62,6
SAMPLE n=16 alpha=11 par=0,1,2,3,4,4,4,4,3,2,1,11,12,13,11,11 poly=1,16,105,375,823,1192,1189,829,399,127,24,2
SAMPLE n=16 alpha=11 par=0,1,2,3,4,4,4,4,3,2,1,11,12,12,11,11 poly=1,16,105,376,832,1220,1231,864,415,130,24,2
SAMPLE n=16 alpha=10 par=0,1,2,3,4,4,4,4,3,2,1,11,12,1,14,14 poly=1,16,105,374,811,1140,1074,679,277,66,7
SAMPLE n=16 alpha=12 par=0,1,2,3,4,4,4,4,2,1,10,11,12,12,12,10 poly=1,16,105,375,829,1238,1319,1025,584,240,68,12,1
SAMPLE n=16 alpha=11 par=0,1,2,3,4,4,4,4,2,1,10,11,12,12,12,1 poly=1,16,105,375,828,1227,1273,935,479,163,33,3
SAMPLE n=16 alpha=11 par=0,1,2,3,4,4,4,4,2,1,10,11,12,12,11,1 poly=1,16,105,374,816,1174,1158,787,358,102,16,1
SAMPLE n=16 alpha=12 par=0,1,2,3,4,4,4,4,2,1,10,11,12,10,10,10 poly=1,16,105,377,846,1292,1414,1131,661,275,77,13,1
SAMPLE n=16 alpha=11 par=0,1,2,3,4,4,4,4,2,1,10,11,12,1,1,1 poly=1,16,105,377,843,1268,1332,986,506,171,34,3
SAMPLE n=16 alpha=10 par=0,1,2,3,4,4,4,3,8,3,10,2,1,13,14,13 poly=1,16,105,372,787,1037,864,455,147,26,2
SAMPLE n=16 alpha=10 par=0,1,2,3,4,4,4,3,8,3,10,1,12,13,14,14 poly=1,16,105,371,780,1019,842,439,137,22,1
SAMPLE n=16 alpha=9 par=0,1,2,3,4,4,4,3,8,3,10,1,12,13,12,15 poly=1,16,105,371,778,1002,791,371,95,9
SAMPLE n=16 alpha=10 par=0,1,2,3,4,4,4,3,8,3,10,1,12,13,12,12 poly=1,16,105,373,799,1084,948,530,181,33,2
SAMPLE n=16 alpha=11 par=0,1,2,3,4,4,4,3,8,3,3,3,1,13,14,14 poly=1,16,105,378,842,1234,1229,843,396,123,23,2
SAMPLE n=16 alpha=10 par=0,1,2,3,4,4,4,3,8,3,3,3,1,13,14,13 poly=1,16,105,378,841,1225,1197,784,334,85,10
SAMPLE n=16 alpha=10 par=0,1,2,3,4,4,4,3,8,3,3,1,12,13,14,14 poly=1,16,105,374,808,1119,1021,617,241,56,6
SAMPLE n=16 alpha=10 par=0,1,2,3,4,4,4,3,8,3,3,1,12,13,14,12 poly=1,16,105,374,807,1111,997,582,214,45,4
SAMPLE n=16 alpha=10 par=0,1,2,3,4,4,4,3,8,3,2,1,12,13,13,12 poly=1,16,105,373,799,1086,957,545,193,38,3
SAMPLE n=16 alpha=10 par=0,1,2,3,4,4,4,3,8,3,2,1,12,13,13,1 poly=1,16,105,373,799,1089,971,570,215,48,5
SAMPLE n=16 alpha=9 par=0,1,2,3,4,4,4,3,8,3,2,1,12,13,12,15 poly=1,16,105,372,788,1041,866,445,131,17
SAMPLE n=16 alpha=10 par=0,1,2,3,4,4,4,3,8,3,2,1,12,13,1,1 poly=1,16,105,374,807,1113,1006,597,226,50,5
SAMPLE n=16 alpha=9 par=0,1,2,3,4,4,4,3,8,3,1,11,12,13,11,15 poly=1,16,105,371,780,1016,826,410,115,14
SAMPLE n=16 alpha=9 par=0,1,2,3,4,4,4,3,8,3,1,11,12,13,1,15 poly=1,16,105,371,780,1018,833,418,119,15
SAMPLE n=16 alpha=10 par=0,1,2,3,4,4,4,3,3,2,10,10,2,1,14,15 poly=1,16,105,374,806,1108,993,578,211,44,4
SAMPLE n=16 alpha=10 par=0,1,2,3,4,4,4,3,3,2,10,1,12,13,14,1 poly=1,16,105,372,789,1051,897,490,167,33,3
SAMPLE n=16 alpha=10 par=0,1,2,3,4,4,4,3,3,2,2,1,12,13,12,1 poly=1,16,105,375,816,1143,1054,637,243,53,5
SAMPLE n=16 alpha=10 par=0,1,2,3,4,4,4,3,3,2,1,11,12,13,13,12 poly=1,16,105,373,801,1098,983,573,210,44,4
SAMPLE n=16 alpha=11 par=0,1,2,3,4,4,4,3,3,2,1,11,12,12,12,11 poly=1,16,105,375,821,1174,1133,745,329,93,15,1
SAMPLE n=16 alpha=10 par=0,1,2,3,4,4,4,3,2,1,10,11,12,12,11,10 poly=1,16,105,372,793,1075,952,552,203,43,4
SAMPLE n=16 alpha=10 par=0,1,2,3,4,4,4,3,2,1,10,11,12,12,10,1 poly=1,16,105,372,793,1077,960,565,214,48,5
SAMPLE n=16 alpha=10 par=0,1,2,3,4,4,4,3,2,1,10,11,12,10,1,15 poly=1,16,105,371,781,1025,853,448,143,25,2
SAMPLE n=16 alpha=9 par=0,1,2,3,4,4,4,3,2,1,10,11,12,1,14,1 poly=1,16,105,372,790,1055,898,477,146,20
SAMPLE n=16 alpha=10 par=0,1,2,3,4,4,4,3,2,1,10,11,12,1,1,1 poly=1,16,105,375,820,1171,1126,730,309,78,9
SAMPLE n=16 alpha=11 par=0,1,2,3,4,4,4,2,8,8,8,8,1,13,14,15 poly=1,16,105,374,815,1171,1155,786,362,106,17,1
SAMPLE n=16 alpha=11 par=0,1,2,3,4,4,4,2,8,8,8,2,1,13,14,14 poly=1,16,105,374,814,1165,1146,789,377,120,23,2
SAMPLE n=16 alpha=10 par=0,1,2,3,4,4,4,2,8,8,8,1,12,13,14,1 poly=1,16,105,372,795,1096,1016,635,259,63,7
SAMPLE n=16 alpha=10 par=0,1,2,3,4,4,4,2,8,8,2,11,2,1,14,15 poly=1,16,105,374,808,1124,1041,646,259,60,6
SAMPLE n=16 alpha=11 par=0,1,2,3,4,4,4,2,8,8,2,2,1,13,14,14 poly=1,16,105,375,822,1190,1188,831,402,128,24,2
SAMPLE n=16 alpha=11 par=0,1,2,3,4,4,4,2,8,8,2,1,12,13,13,12 poly=1,16,105,373,804,1125,1064,691,304,86,14,1
SAMPLE n=16 alpha=11 par=0,1,2,3,4,4,4,2,8,8,1,11,12,13,13,11 poly=1,16,105,371,787,1072,984,620,267,76,13,1
SAMPLE n=16 alpha=10 par=0,1,2,3,4,4,4,2,8,8,1,11,12,13,12,15 poly=1,16,105,370,775,1016,855,459,146,23,1
SAMPLE n=16 alpha=10 par=0,1,2,3,4,4,4,2,8,8,1,11,12,13,1,15 poly=1,16,105,370,774,1012,851,456,145,23,1
SAMPLE n=16 alpha=10 par=0,1,2,3,4,4,4,2,8,8,1,11,12,12,11,1 poly=1,16,105,372,794,1086,985,594,229,51,5
SAMPLE n=16 alpha=10 par=0,1,2,3,4,4,4,2,8,8,1,11,12,11,14,1 poly=1,16,105,371,783,1041,896,498,168,30,2
SAMPLE n=16 alpha=10 par=0,1,2,3,4,4,4,2,8,8,1,11,12,1,14,15 poly=1,16,105,370,774,1013,857,468,156,28,2
SAMPLE n=16 alpha=11 par=0,1,2,3,4,4,4,2,2,1,10,11,12,12,10,15 poly=1,16,105,372,797,1112,1070,728,348,112,22,2
SAMPLE n=16 alpha=11 par=0,1,2,3,4,4,4,2,2,1,10,11,12,11,11,11 poly=1,16,105,376,836,1250,1311,979,516,184,40,4
SAMPLE n=16 alpha=10 par=0,1,2,3,4,4,4,2,2,1,10,11,12,11,10,1 poly=1,16,105,373,803,1117,1043,662,278,70,8
SAMPLE n=16 alpha=10 par=0,1,2,3,4,4,4,2,2,1,10,11,12,10,14,1 poly=1,16,105,372,793,1081,981,601,241,57,6
SAMPLE n=16 alpha=10 par=0,1,2,3,4,4,4,1,8,9,9,8,12,8,14,1 poly=1,16,105,372,790,1055,905,497,165,29,2
SAMPLE n=16 alpha=12 par=0,1,2,3,4,4,4,1,8,9,9,8,8,8,8,8 poly=1,16,105,383,893,1429,1625,1330,780,320,87,14,1
SAMPLE n=16 alpha=11 par=0,1,2,3,4,4,4,1,8,9,9,8,8,8,8,1 poly=1,16,105,379,856,1295,1359,1000,509,171,34,3
SAMPLE n=16 alpha=10 par=0,1,2,3,4,4,4,1,8,9,9,1,12,13,12,12 poly=1,16,105,372,795,1092,998,611,243,57,6
SAMPLE n=16 alpha=11 par=0,1,2,3,4,4,4,1,8,9,9,1,12,12,1,1 poly=1,16,105,375,822,1187,1175,809,384,121,23,2
SAMPLE n=16 alpha=9 par=0,1,2,3,4,4,4,1,8,9,8,11,1,13,14,13 poly=1,16,105,370,773,1001,815,410,117,14
SAMPLE n=16 alpha=11 par=0,1,2,3,4,4,4,1,8,9,8,8,8,8,8,1 poly=1,16,105,383,892,1421,1597,1274,710,264,59,6
SAMPLE n=16 alpha=10 par=0,1,2,3,4,4,4,1,8,9,8,8,1,13,14,1 poly=1,16,105,373,801,1101,995,590,220,46,4
SAMPLE n=16 alpha=9 par=0,1,2,3,4,4,4,1,8,9,8,1,12,1,14,1 poly=1,16,105,374,807,1109,984,551,179,26
SAMPLE n=16 alpha=10 par=0,1,2,3,4,4,4,1,8,9,1,11,12,1,14,15 poly=1,16,105,370,773,1004,832,440,141,25,2
SAMPLE n=16 alpha=9 par=0,1,2,3,4,4,3,7,3,9,3,11,1,13,14,14 poly=1,16,105,372,784,1013,795,365,92,10
SAMPLE n=16 alpha=9 par=0,1,2,3,4,4,3,7,3,9,3,2,1,13,14,15 poly=1,16,105,372,783,1007,778,338,71,5
SAMPLE n=16 alpha=9 par=0,1,2,3,4,4,3,7,3,9,2,11,1,13,14,14 poly=1,16,105,370,768,967,734,325,78,8
SAMPLE n=16 alpha=10 par=0,1,2,3,4,4,3,7,3,9,2,2,2,1,14,15 poly=1,16,105,374,803,1091,960,547,192,37,3
SAMPLE n=16 alpha=10 par=0,1,2,3,4,4,3,7,3,9,2,2,1,13,14,14 poly=1,16,105,372,787,1038,868,459,147,26,2
SAMPLE n=16 alpha=9 par=0,1,2,3,4,4,3,7,3,9,2,1,12,13,12,15 poly=1,16,105,370,767,957,703,286,59,5
SAMPLE n=16 alpha=9 par=0,1,2,3,4,4,3,7,3,9,1,11,12,13,12,11 poly=1,16,105,370,769,968,723,297,56,3
SAMPLE n=16 alpha=9 par=0,1,2,3,4,4,3,7,3,9,1,11,12,13,1,15 poly=1,16,105,369,759,934,670,257,42,1
SAMPLE n=16 alpha=9 par=0,1,2,3,4,4,3,7,3,9,1,11,12,12,11,1 poly=1,16,105,371,779,1008,804,383,100,11
SAMPLE n=16 alpha=10 par=0,1,2,3,4,4,3,7,2,9,10,10,1,13,14,15 poly=1,16,105,368,753,929,697,319,88,14,1
SAMPLE n=16 alpha=10 par=0,1,2,3,4,4,3,7,2,9,10,1,12,13,13,12 poly=1,16,105,369,762,957,734,339,92,14,1
SAMPLE n=16 alpha=10 par=0,1,2,3,4,4,3,7,2,9,9,2,1,13,14,13 poly=1,16,105,371,779,1014,830,425,133,24,2
SAMPLE n=16 alpha=10 par=0,1,2,3,4,4,3,7,2,9,9,1,12,13,12,12 poly=1,16,105,371,782,1033,873,468,152,27,2
SAMPLE n=16 alpha=10 par=0,1,2,3,4,4,3,7,2,9,2,2,2,1,14,15 poly=1,16,105,376,822,1161,1087,671,262,59,6
SAMPLE n=16 alpha=10 par=0,1,2,3,4,4,3,7,2,9,2,2,1,13,14,15 poly=1,16,105,372,787,1039,870,460,149,27,2
SAMPLE n=16 alpha=10 par=0,1,2,3,4,4,3,7,2,9,2,1,12,13,12,12 poly=1,16,105,372,790,1058,917,518,187,40,4
SAMPLE n=16 alpha=10 par=0,1,2,3,4,4,3,7,2,9,2,1,12,13,1,1 poly=1,16,105,372,786,1032,853,442,140,25,2
SAMPLE n=16 alpha=10 par=0,1,2,3,4,4,3,7,2,9,1,11,12,13,11,11 poly=1,16,105,370,772,996,812,422,136,25,2
SAMPLE n=16 alpha=9 par=0,1,2,3,4,4,3,7,2,9,1,11,12,12,11,15 poly=1,16,105,369,761,949,713,314,76,8
SAMPLE n=16 alpha=10 par=0,1,2,3,4,4,3,7,1,9,10,10,9,9,9,1 poly=1,16,105,374,808,1115,1002,583,212,44,4
SAMPLE n=16 alpha=9 par=0,1,2,3,4,4,3,7,1,9,10,10,9,1,14,15 poly=1,16,105,369,762,956,728,326,79,8
SAMPLE n=16 alpha=10 par=0,1,2,3,4,4,3,7,1,9,10,9,12,9,9,9 poly=1,16,105,376,826,1174,1095,658,241,48,4
SAMPLE n=16 alpha=9 par=0,1,2,3,4,4,3,7,1,9,10,9,12,1,14,15 poly=1,16,105,368,751,911,642,247,47,3
SAMPLE n=16 alpha=9 par=0,1,2,3,4,4,3,7,1,9,10,9,1,13,1,1 poly=1,16,105,373,797,1072,916,483,143,18
SAMPLE n=16 alpha=9 par=0,1,2,3,4,4,3,7,1,9,10,1,12,12,1,15 poly=1,16,105,370,769,973,746,334,80,8
SAMPLE n=16 alpha=11 par=0,1,2,3,4,4,3,7,1,9,10,1,1,1,1,1 poly=1,16,105,381,874,1363,1485,1122,574,189,36,3
SAMPLE n=16 alpha=10 par=0,1,2,3,4,4,3,3,2,9,10,10,9,1,14,15 poly=1,16,105,371,780,1019,835,420,122,18,1
SAMPLE n=16 alpha=10 par=0,1,2,3,4,4,3,3,2,9,10,10,2,1,14,15 poly=1,16,105,372,789,1053,905,502,175,35,3
SAMPLE n=16 alpha=10 par=0,1,2,3,4,4,3,3,2,9,10,2,1,13,14,15 poly=1,16,105,371,778,1006,806,391,109,16,1
SAMPLE n=16 alpha=10 par=0,1,2,3,4,4,3,3,2,9,10,2,1,13,14,13 poly=1,16,105,372,788,1044,877,462,147,26,2
SAMPLE n=16 alpha=10 par=0,1,2,3,4,4,3,3,2,9,10,1,12,13,14,14 poly=1,16,105,370,772,995,803,401,118,18,1
SAMPLE n=16 alpha=10 par=0,1,2,3,4,4,3,3,2,9,10,1,12,13,13,12 poly=1,16,105,371,781,1024,845,430,127,19,1
SAMPLE n=16 alpha=10 par=0,1,2,3,4,4,3,3,2,9,10,1,12,13,12,12 poly=1,16,105,372,791,1062,916,501,165,29,2
SAMPLE n=16 alpha=9 par=0,1,2,3,4,4,3,3,2,9,10,1,12,13,12,1 poly=1,16,105,371,779,1011,813,391,102,11
SAMPLE n=16 alpha=11 par=0,1,2,3,4,4,3,3,2,9,9,9,1,13,14,1 poly=1,16,105,373,800,1101,1012,636,273,77,13,1
SAMPLE n=16 alpha=10 par=0,1,2,3,4,4,3,3,2,9,9,2,1,13,14,14 poly=1,16,105,373,798,1082,948,533,185,36,3
SAMPLE n=16 alpha=10 par=0,1,2,3,4,4,3,3,2,9,9,1,12,13,14,13 poly=1,16,105,371,781,1025,851,443,140,25,2
SAMPLE n=16 alpha=10 par=0,1,2,3,4,4,3,3,2,9,9,1,12,13,12,15 poly=1,16,105,371,780,1018,832,417,121,18,1
SAMPLE n=16 alpha=10 par=0,1,2,3,4,4,3,3,2,9,2,11,1,13,14,1 poly=1,16,105,372,784,1017,810,384,103,15,1
SAMPLE n=16 alpha=10 par=0,1,2,3,4,4,3,3,2,9,2,2,2,1,14,15 poly=1,16,105,378,838,1210,1162,735,292,65,6
SAMPLE n=16 alpha=10 par=0,1,2,3,4,4,3,3,2,9,2,1,12,13,13,12 poly=1,16,105,373,798,1079,935,511,167,29,2
SAMPLE n=16 alpha=9 par=0,1,2,3,4,4,3,3,2,9,2,1,12,13,12,1 poly=1,16,105,373,795,1059,883,443,120,13
SAMPLE n=16 alpha=10 par=0,1,2,3,4,4,3,3,2,9,2,1,12,13,1,1 poly=1,16,105,374,804,1094,958,536,185,36,3
SAMPLE n=16 alpha=10 par=0,1,2,3,4,4,3,3,2,9,1,11,12,13,12,12 poly=1,16,105,372,791,1059,905,486,156,27,2
SAMPLE n=16 alpha=9 par=0,1,2,3,4,4,3,3,2,9,1,11,12,13,12,11 poly=1,16,105,371,780,1015,819,395,103,11
SAMPLE n=16 alpha=10 par=0,1,2,3,4,4,3,3,2,9,1,11,12,13,12,1 poly=1,16,105,371,780,1018,835,427,133,24,2
SAMPLE n=16 alpha=10 par=0,1,2,3,4,4,3,3,1,9,10,10,1,13,14,13 poly=1,16,105,371,783,1039,886,485,166,33,3
SAMPLE n=16 alpha=11 par=0,1,2,3,4,4,3,3,1,9,10,10,1,13,1,1 poly=1,16,105,375,821,1181,1164,801,382,121,23,2
SAMPLE n=16 alpha=10 par=0,1,2,3,4,4,3,3,1,9,10,9,9,1,14,15 poly=1,16,105,372,791,1061,912,495,161,28,2
SAMPLE n=16 alpha=10 par=0,1,2,3,4,4,3,3,1,9,10,9,9,1,14,14 poly=1,16,105,373,801,1100,990,582,215,45,4
SAMPLE n=16 alpha=9 par=0,1,2,3,4,4,3,3,1,9,10,9,1,13,14,13 poly=1,16,105,371,781,1023,839,417,114,13
SAMPLE n=16 alpha=10 par=0,1,2,3,4,4,3,3,1,9,10,1,12,12,1,15 poly=1,16,105,372,789,1049,888,474,153,27,2
SAMPLE n=16 alpha=9 par=0,1,2,3,4,4,3,2,8,1,10,11,10,13,10,15 poly=1,16,105,370,769,969,725,296,52,1
SAMPLE n=16 alpha=10 par=0,1,2,3,4,4,3,2,8,1,10,11,1,13,13,13 poly=1,16,105,371,781,1028,865,461,146,23,1
SAMPLE n=16 alpha=9 par=0,1,2,3,4,4,3,2,1,9,10,9,12,9,1,1 poly=1,16,105,373,796,1064,894,456,128,15
SAMPLE n=16 alpha=10 par=0,1,2,3,4,4,3,2,1,9,10,9,9,9,1,15 poly=1,16,105,374,808,1118,1014,600,222,46,4
SAMPLE n=16 alpha=9 par=0,1,2,3,4,4,3,2,1,9,10,9,9,1,14,1 poly=1,16,105,373,796,1065,898,462,132,16
SAMPLE n=16 alpha=9 par=0,1,2,3,4,4,3,2,1,9,10,9,1,13,1,1 poly=1,16,105,374,804,1090,937,494,145,18
SAMPLE n=16 alpha=10 par=0,1,2,3,4,4,2,7,8,2,10,10,1,13,14,1 poly=1,16,105,370,769,979,775,381,111,17,1
SAMPLE n=16 alpha=11 par=0,1,2,3,4,4,2,7,8,2,2,2,1,13,14,13 poly=1,16,105,376,828,1205,1212,852,410,129,24,2
SAMPLE n=16 alpha=10 par=0,1,2,3,4,4,2,7,8,2,2,1,12,13,14,13 poly=1,16,105,372,792,1074,961,573,221,50,5
SAMPLE n=16 alpha=11 par=0,1,2,3,4,4,2,7,8,2,2,1,12,13,14,12 poly=1,16,105,372,792,1078,985,624,271,77,13,1
SAMPLE n=16 alpha=10 par=0,1,2,3,4,4,2,7,8,2,2,1,12,13,12,1 poly=1,16,105,373,798,1086,970,575,221,50,5
SAMPLE n=16 alpha=10 par=0,1,2,3,4,4,2,7,8,2,1,11,12,13,13,1 poly=1,16,105,370,773,1005,837,452,156,32,3
SAMPLE n=16 alpha=10 par=0,1,2,3,4,4,2,7,8,2,1,11,12,13,12,11 poly=1,16,105,370,773,1004,834,452,159,33,3
SAMPLE n=16 alpha=10 par=0,1,2,3,4,4,2,7,8,2,1,11,12,13,12,1 poly=1,16,105,370,772,997,814,422,136,25,2
SAMPLE n=16 alpha=11 par=0,1,2,3,4,4,2,7,7,1,10,11,12,12,10,10 poly=1,16,105,371,786,1066,973,612,265,76,13,1
SAMPLE n=16 alpha=10 par=0,1,2,3,4,4,2,7,7,1,10,11,12,12,10,1 poly=1,16,105,370,774,1012,854,469,163,33,3
SAMPLE n=16 alpha=10 par=0,1,2,3,4,4,2,7,7,1,10,11,12,11,11,11 poly=1,16,105,373,804,1120,1039,642,255,59,6
SAMPLE n=16 alpha=9 par=0,1,2,3,4,4,2,7,7,1,10,11,12,11,1,15 poly=1,16,105,369,763,966,759,363,97,11
SAMPLE n=16 alpha=10 par=0,1,2,3,4,4,2,7,7,1,10,11,12,1,1,1 poly=1,16,105,373,801,1108,1026,636,254,59,6
SAMPLE n=16 alpha=10 par=0,1,2,3,4,4,2,7,2,1,10,11,10,13,1,1 poly=1,16,105,372,787,1038,866,455,146,26,2
SAMPLE n=16 alpha=9 par=0,1,2,3,4,4,2,7,2,1,10,11,10,1,14,15 poly=1,16,105,370,770,984,782,382,108,14
SAMPLE n=16 alpha=11 par=0,1,2,3,4,4,2,2,2,1,10,11,10,10,10,1 poly=1,16,105,378,848,1277,1345,1005,527,186,40,4
SAMPLE n=16 alpha=10 par=0,1,2,3,4,4,1,7,8,9,9,1,12,13,14,14 poly=1,16,105,368,757,957,762,378,111,17,1
SAMPLE n=16 alpha=10 par=0,1,2,3,4,4,1,7,8,9,9,1,12,12,1,1 poly=1,16,105,373,801,1102,995,586,216,45,4
SAMPLE n=16 alpha=10 par=0,1,2,3,4,4,1,7,8,9,8,11,8,8,8,8 poly=1,16,105,380,861,1298,1328,912,403,104,12
SAMPLE n=16 alpha=10 par=0,1,2,3,4,4,1,7,8,9,8,11,8,8,8,7 poly=1,16,105,376,824,1165,1080,647,238,48,4
SAMPLE n=16 alpha=9 par=0,1,2,3,4,4,1,7,8,9,8,11,8,7,14,7 poly=1,16,105,371,778,1003,793,370,93,10
SAMPLE n=16 alpha=9 par=0,1,2,3,4,4,1,7,8,9,8,11,8,7,7,1 poly=1,16,105,372,788,1041,863,436,123,15
SAMPLE n=16 alpha=9 par=0,1,2,3,4,4,1,7,8,9,8,11,8,1,14,15 poly=1,16,105,369,763,963,744,341,84,8
SAMPLE n=16 alpha=9 par=0,1,2,3,4,4,1,7,8,9,8,11,8,1,14,1 poly=1,16,105,371,782,1031,861,444,129,16
SAMPLE n=16 alpha=9 par=0,1,2,3,4,4,1,7,8,9,8,11,1,13,14,14 poly=1,16,105,368,755,942,725,342,92,11
SAMPLE n=16 alpha=10 par=0,1,2,3,4,4,1,7,8,9,8,8,8,8,7,1 poly=1,16,105,377,837,1226,1217,814,352,89,10
SAMPLE n=16 alpha=10 par=0,1,2,3,4,4,1,7,8,9,8,8,7,13,7,7 poly=1,16,105,374,806,1105,982,563,202,42,4
SAMPLE n=16 alpha=9 par=0,1,2,3,4,4,1,7,8,9,8,7,12,13,7,15 poly=1,16,105,369,760,943,699,298,67,6
SAMPLE n=16 alpha=9 par=0,1,2,3,4,4,1,7,8,9,8,7,12,7,7,1 poly=1,16,105,373,796,1066,903,471,139,18
SAMPLE n=16 alpha=9 par=0,1,2,3,4,4,1,7,8,9,8,7,12,7,1,15 poly=1,16,105,370,769,973,744,327,73,6
SAMPLE n=16 alpha=9 par=0,1,2,3,4,4,1,7,8,9,8,7,12,7,1,1 poly=1,16,105,372,788,1043,872,449,130,16
SAMPLE n=16 alpha=10 par=0,1,2,3,4,4,1,7,8,9,8,7,7,7,7,1 poly=1,16,105,377,834,1208,1177,770,326,81,9
SAMPLE n=16 alpha=10 par=0,1,2,3,4,4,1,7,8,9,8,7,7,1,14,14 poly=1,16,105,371,781,1027,861,461,155,31,3
SAMPLE n=16 alpha=11 par=0,1,2,3,4,4,1,7,8,9,7,11,11,11,11,7 poly=1,16,105,374,810,1136,1070,684,292,80,13,1
SAMPLE n=16 alpha=11 par=0,1,2,3,4,4,1,7,8,9,7,11,11,7,7,7 poly=1,16,105,376,825,1177,1125,727,314,87,14,1
SAMPLE n=16 alpha=10 par=0,1,2,3,4,4,1,7,8,9,7,11,7,13,7,7 poly=1,16,105,375,814,1129,1017,590,213,44,4
SAMPLE n=16 alpha=10 par=0,1,2,3,4,4,1,7,8,9,7,11,7,7,1,1 poly=1,16,105,374,806,1107,991,577,211,44,4
SAMPLE n=16 alpha=10 par=0,1,2,3,4,4,1,7,8,9,7,7,1,13,13,1 poly=1,16,105,372,789,1052,901,496,171,34,3
SAMPLE n=16 alpha=10 par=0,1,2,3,4,4,1,7,8,9,7,1,12,12,1,15 poly=1,16,105,370,769,975,755,350,94,14,1
SAMPLE n=16 alpha=9 par=0,1,2,3,4,4,1,7,8,9,1,11,12,13,1,1 poly=1,16,105,371,782,1035,878,464,139,18
SAMPLE n=16 alpha=10 par=0,1,2,3,4,4,1,7,8,9,1,11,12,12,12,1 poly=1,16,105,371,786,1066,969,596,240,57,6
SAMPLE n=16 alpha=9 par=0,1,2,3,4,4,1,7,8,9,1,11,12,11,1,15 poly=1,16,105,369,760,943,695,284,53,2
SAMPLE n=16 alpha=10 par=0,1,2,3,4,4,1,7,8,9,1,11,12,1,1,1 poly=1,16,105,375,818,1161,1103,693,275,62,6
SAMPLE n=16 alpha=10 par=0,1,2,3,4,4,1,7,8,9,1,11,11,1,14,14 poly=1,16,105,370,770,983,777,375,106,16,1
SAMPLE n=16 alpha=8 par=0,1,2,3,4,3,6,3,8,1,10,11,10,13,1,15 poly=1,16,105,369,758,924,638,215,22
SAMPLE n=16 alpha=8 par=0,1,2,3,4,3,6,3,8,1,10,11,10,1,14,15 poly=1,16,105,369,759,932,659,238,31
SAMPLE n=16 alpha=8 par=0,1,2,3,4,3,6,3,8,1,10,11,1,13,1,15 poly=1,16,105,370,767,956,694,263,38
SAMPLE n=16 alpha=9 par=0,1,2,3,4,3,6,3,2,9,10,9,9,1,14,15 poly=1,16,105,371,778,1005,798,372,90,8
SAMPLE n=16 alpha=8 par=0,1,2,3,4,3,6,3,2,9,10,1,12,13,14,13 poly=1,16,105,369,760,940,681,263,41
SAMPLE n=16 alpha=9 par=0,1,2,3,4,3,6,3,2,9,9,1,12,13,14,1 poly=1,16,105,370,769,976,760,357,96,12
SAMPLE n=16 alpha=9 par=0,1,2,3,4,3,6,3,2,9,2,11,1,13,14,1 poly=1,16,105,371,773,971,716,285,52,4
SAMPLE n=16 alpha=9 par=0,1,2,3,4,3,6,3,2,9,2,1,12,13,12,12 poly=1,16,105,373,797,1072,917,487,148,20
SAMPLE n=16 alpha=8 par=0,1,2,3,4,3,6,3,2,9,1,11,12,13,12,15 poly=1,16,105,369,759,931,656,235,30
SAMPLE n=16 alpha=10 par=0,1,2,3,4,3,6,3,1,9,10,9,9,9,9,9 poly=1,16,105,382,883,1381,1489,1092,520,145,18
SAMPLE n=16 alpha=10 par=0,1,2,3,4,3,6,3,1,9,10,9,9,9,9,1 poly=1,16,105,378,845,1244,1231,810,338,80,8
SAMPLE n=16 alpha=9 par=0,1,2,3,4,3,6,3,1,9,10,9,9,1,14,15 poly=1,16,105,371,780,1015,816,386,94,8
SAMPLE n=16 alpha=9 par=0,1,2,3,4,3,6,3,1,9,10,9,9,1,14,1 poly=1,16,105,373,797,1070,907,469,134,16
SAMPLE n=16 alpha=9 par=0,1,2,3,4,3,6,3,1,9,10,9,1,13,13,1 poly=1,16,105,372,788,1040,857,424,113,12
SAMPLE n=16 alpha=9 par=0,1,2,3,4,3,6,2,8,1,10,11,10,13,1,1 poly=1,16,105,370,767,960,716,305,69,6
SAMPLE n=16 alpha=9 par=0,1,2,3,4,3,6,2,8,1,10,11,10,10,1,1 poly=1,16,105,372,786,1028,832,402,106,12
SAMPLE n=16 alpha=9 par=0,1,2,3,4,3,6,2,8,1,10,11,1,13,13,13 poly=1,16,105,370,770,983,777,372,97,10
SAMPLE n=16 alpha=9 par=0,1,2,3,4,3,6,2,1,9,10,9,9,1,14,15 poly=1,16,105,370,769,973,744,328,74,6
SAMPLE n=16 alpha=10 par=0,1,2,3,4,3,6,2,1,9,10,1,12,13,1,1 poly=1,16,105,372,786,1031,847,429,127,19,1
SAMPLE n=16 alpha=10 par=0,1,2,3,4,3,3,3,3,1,10,11,12,10,14,1 poly=1,16,105,376,829,1200,1172,765,318,76,8
SAMPLE n=16 alpha=11 par=0,1,2,3,4,3,3,3,3,1,10,11,12,10,10,10 poly=1,16,105,380,870,1355,1480,1139,607,213,44,4
SAMPLE n=16 alpha=10 par=0,1,2,3,4,3,3,3,3,1,10,11,12,10,1,15 poly=1,16,105,376,829,1200,1168,752,302,67,6
SAMPLE n=16 alpha=9 par=0,1,2,3,4,3,3,2,8,2,10,2,1,13,14,1 poly=1,16,105,374,799,1060,868,418,105,10
SAMPLE n=16 alpha=9 par=0,1,2,3,4,3,3,2,8,2,10,1,12,13,14,12 poly=1,16,105,371,777,998,785,366,93,10
SAMPLE n=16 alpha=9 par=0,1,2,3,4,3,3,2,8,2,10,1,12,13,14,1 poly=1,16,105,371,775,985,753,329,73,6
SAMPLE n=16 alpha=9 par=0,1,2,3,4,3,3,2,8,2,1,11,12,11,1,15 poly=1,16,105,372,785,1022,817,382,92,8
SAMPLE n=16 alpha=9 par=0,1,2,3,4,3,2,7,8,7,1,11,12,13,12,1 poly=1,16,105,369,761,950,715,313,74,8
SAMPLE n=16 alpha=9 par=0,1,2,3,4,3,2,7,8,7,1,11,12,13,11,11 poly=1,16,105,370,772,995,802,396,110,13
SAMPLE n=16 alpha=10 par=0,1,2,3,4,3,2,7,7,2,10,10,1,13,14,1 poly=1,16,105,371,775,990,780,381,117,22,2
SAMPLE n=16 alpha=10 par=0,1,2,3,4,3,2,7,7,2,2,2,1,13,14,13 poly=1,16,105,377,830,1184,1119,697,275,62,6
SAMPLE n=16 alpha=8 par=0,1,2,3,4,3,2,7,2,1,10,11,12,11,1,15 poly=1,16,105,370,768,965,720,293,50
SAMPLE n=16 alpha=10 par=0,1,2,3,4,3,2,2,2,1,10,11,12,11,1,1 poly=1,16,105,375,815,1138,1045,631,244,56,6
SAMPLE n=16 alpha=9 par=0,1,2,3,4,2,6,7,2,1,10,11,12,1,14,15 poly=1,16,105,368,750,908,644,258,55,5
SAMPLE n=16 alpha=10 par=0,1,2,3,4,2,6,6,6,2,10,10,2,1,14,15 poly=1,16,105,374,802,1085,945,529,184,36,3
SAMPLE n=16 alpha=11 par=0,1,2,3,4,2,2,2,2,1,10,11,12,10,1,15 poly=1,16,105,376,825,1182,1146,755,327,89,14,1
SAMPLE n=16 alpha=10 par=0,1,2,3,4,1,6,7,8,1,10,11,11,11,11,11 poly=1,16,105,375,824,1201,1201,811,352,89,10
SAMPLE n=16 alpha=10 par=0,1,2,3,4,1,6,7,8,1,10,11,11,11,11,1 poly=1,16,105,373,805,1135,1094,721,311,79,9
SAMPLE n=16 alpha=8 par=0,1,2,3,4,1,6,7,8,1,10,11,10,13,10,15 poly=1,16,105,368,748,890,587,183,17
SAMPLE n=16 alpha=8 par=0,1,2,3,4,1,6,7,8,1,10,11,10,13,10,1 poly=1,16,105,370,767,960,711,287,49
SAMPLE n=16 alpha=9 par=0,1,2,3,4,1,6,7,8,1,10,11,1,13,14,1 poly=1,16,105,370,768,971,751,347,87,9
SAMPLE n=16 alpha=9 par=0,1,2,3,4,1,6,7,8,1,10,10,1,13,1,1 poly=1,16,105,375,810,1105,956,506,148,18
SAMPLE n=16 alpha=8 par=0,1,2,3,4,1,6,7,8,1,10,1,12,1,14,1 poly=1,16,105,374,799,1057,850,381,73
SAMPLE n=16 alpha=12 par=0,1,2,3,3,3,3,3,2,9,9,9,2,1,14,14 poly=1,16,105,381,874,1373,1536,1239,717,291,79,13,1
SAMPLE n=16 alpha=12 par=0,1,2,3,3,3,3,3,2,9,9,9,1,13,14,1 poly=1,16,105,379,859,1331,1477,1188,690,283,78,13,1
SAMPLE n=16 alpha=12 par=0,1,2,3,3,3,3,3,2,9,9,9,1,13,13,13 poly=1,16,105,381,882,1424,1665,1430,898,403,123,23,2
SAMPLE n=16 alpha=12 par=0,1,2,3,3,3,3,3,2,9,9,9,1,13,13,1 poly=1,16,105,380,869,1368,1546,1269,751,312,86,14,1
SAMPLE n=16 alpha=11 par=0,1,2,3,3,3,3,3,2,9,9,2,12,12,1,15 poly=1,16,105,379,851,1279,1342,987,499,166,33,3
SAMPLE n=16 alpha=12 par=0,1,2,3,3,3,3,3,2,9,9,2,2,1,14,14 poly=1,16,105,382,878,1374,1525,1220,702,285,78,13,1
SAMPLE n=16 alpha=12 par=0,1,2,3,3,3,3,3,2,9,9,2,1,13,13,13 poly=1,16,105,381,876,1383,1560,1275,752,312,86,14,1
SAMPLE n=16 alpha=10 par=0,1,2,3,3,3,3,3,2,9,2,11,2,1,14,15 poly=1,16,105,380,856,1279,1307,911,414,110,13
SAMPLE n=16 alpha=10 par=0,1,2,3,3,3,3,3,2,9,2,11,1,13,1,15 poly=1,16,105,378,840,1227,1214,806,338,80,8
SAMPLE n=16 alpha=11 par=0,1,2,3,3,3,3,3,2,9,2,1,12,13,13,12 poly=1,16,105,379,855,1292,1352,983,484,152,27,2
SAMPLE n=16 alpha=11 par=0,1,2,3,3,3,3,3,2,9,2,1,12,13,12,12 poly=1,16,105,380,865,1331,1434,1090,575,201,42,4
SAMPLE n=16 alpha=10 par=0,1,2,3,3,3,3,3,2,9,1,11,12,11,14,11 poly=1,16,105,378,848,1269,1303,911,414,110,13
SAMPLE n=16 alpha=11 par=0,1,2,3,3,3,3,3,2,9,1,11,12,11,14,1 poly=1,16,105,377,837,1229,1233,841,373,101,15,1
SAMPLE n=16 alpha=11 par=0,1,2,3,3,3,3,3,2,9,1,11,12,1,14,15 poly=1,16,105,376,828,1201,1188,796,347,93,14,1
SAMPLE n=16 alpha=12 par=0,1,2,3,3,3,3,3,2,9,1,11,11,11,11,11 poly=1,16,105,385,920,1552,1910,1737,1158,550,176,34,3
SAMPLE n=16 alpha=11 par=0,1,2,3,3,3,3,3,2,9,1,11,11,1,14,14 poly=1,16,105,378,848,1278,1344,988,499,166,33,3
SAMPLE n=16 alpha=12 par=0,1,2,3,3,3,3,3,1,9,9,1,12,1,1,1 poly=1,16,105,385,914,1519,1833,1620,1037,467,140,25,2
SAMPLE n=16 alpha=13 par=0,1,2,3,3,3,3,2,2,2,2,2,2,2,1,15 poly=1,16,105,398,1001,1787,2341,2283,1660,890,342,89,14,1
SAMPLE n=16 alpha=12 par=0,1,2,3,3,3,3,2,2,2,2,2,1,13,14,13 poly=1,16,105,386,912,1492,1760,1522,961,432,131,24,2
SAMPLE n=16 alpha=12 par=0,1,2,3,3,3,3,2,2,2,2,2,1,13,13,1 poly=1,16,105,387,917,1502,1770,1527,962,432,131,24,2
SAMPLE n=16 alpha=12 par=0,1,2,3,3,3,3,2,2,2,2,1,12,13,13,13 poly=1,16,105,383,893,1437,1665,1416,884,397,122,23,2
SAMPLE n=16 alpha=12 par=0,1,2,3,3,3,3,2,2,2,2,1,12,12,12,1 poly=1,16,105,384,897,1443,1669,1417,884,397,122,23,2
SAMPLE n=16 alpha=12 par=0,1,2,3,3,3,3,2,2,2,1,11,12,12,12,11 poly=1,16,105,380,867,1343,1474,1171,675,277,77,13,1
SAMPLE n=16 alpha=11 par=0,1,2,3,3,3,3,2,2,2,1,11,12,11,14,1 poly=1,16,105,378,842,1235,1232,844,390,114,18,1
SAMPLE n=16 alpha=11 par=0,1,2,3,3,3,3,2,2,2,1,11,12,11,1,15 poly=1,16,105,378,842,1238,1246,872,421,134,25,2
SAMPLE n=16 alpha=11 par=0,1,2,3,3,3,3,2,2,2,1,11,12,1,14,1 poly=1,16,105,379,849,1258,1276,897,432,136,25,2
SAMPLE n=16 alpha=12 par=0,1,2,3,3,3,3,2,2,2,1,11,11,11,1,1 poly=1,16,105,382,879,1374,1519,1211,697,284,78,13,1
SAMPLE n=16 alpha=12 par=0,1,2,3,3,3,3,1,8,9,9,9,8,13,1,1 poly=1,16,105,377,844,1282,1395,1110,646,269,76,13,1
SAMPLE n=16 alpha=11 par=0,1,2,3,3,3,3,1,8,9,9,9,8,8,1,15 poly=1,16,105,377,842,1261,1317,968,492,165,33,3
SAMPLE n=16 alpha=12 par=0,1,2,3,3,3,3,1,8,9,9,9,8,8,1,1 poly=1,16,105,379,861,1334,1475,1185,689,283,78,13,1
SAMPLE n=16 alpha=11 par=0,1,2,3,3,3,3,1,8,9,9,9,8,1,14,15 poly=1,16,105,375,825,1207,1224,869,424,135,25,2
SAMPLE n=16 alpha=11 par=0,1,2,3,3,3,3,1,8,9,9,9,1,13,14,13 poly=1,16,105,375,827,1222,1263,925,474,162,33,3
SAMPLE n=16 alpha=12 par=0,1,2,3,3,3,3,1,8,9,9,9,1,13,13,1 poly=1,16,105,377,846,1295,1419,1135,662,275,77,13,1
SAMPLE n=16 alpha=13 par=0,1,2,3,3,3,3,1,8,9,9,9,1,1,1,1 poly=1,16,105,383,905,1527,1921,1835,1332,725,287,78,13,1
SAMPLE n=16 alpha=11 par=0,1,2,3,3,3,3,1,8,9,9,8,12,12,8,8 poly=1,16,105,378,849,1274,1320,949,463,145,26,2
SAMPLE n=16 alpha=12 par=0,1,2,3,3,3,3,1,8,9,9,8,1,1,1,1 poly=1,16,105,382,889,1443,1705,1486,948,430,131,24,2
SAMPLE n=16 alpha=12 par=0,1,2,3,3,3,3,1,8,9,9,1,12,12,12,12 poly=1,16,105,378,856,1330,1474,1185,689,283,78,13,1
SAMPLE n=16 alpha=11 par=0,1,2,3,3,3,3,1,8,9,8,11,8,13,1,1 poly=1,16,105,376,829,1204,1200,830,386,113,18,1
SAMPLE n=16 alpha=11 par=0,1,2,3,3,3,3,1,8,9,8,11,1,13,13,1 poly=1,16,105,375,821,1181,1160,781,349,97,15,1
SAMPLE n=16 alpha=12 par=0,1,2,3,3,3,3,1,8,9,8,11,1,1,1,1 poly=1,16,105,381,878,1398,1609,1352,820,346,95,15,1
SAMPLE n=16 alpha=10 par=0,1,2,3,3,3,3,1,8,9,8,8,1,13,14,13 poly=1,16,105,375,823,1192,1177,789,344,88,10
SAMPLE n=16 alpha=11 par=0,1,2,3,3,3,3,1,8,9,8,8,1,13,1,1 poly=1,16,105,379,857,1308,1403,1069,568,200,42,4
SAMPLE n=16 alpha=11 par=0,1,2,3,3,3,3,1,8,9,8,1,12,12,12,12 poly=1,16,105,378,854,1316,1436,1119,614,226,50,5
SAMPLE n=16 alpha=12 par=0,1,2,3,3,3,3,1,8,9,1,11,11,11,1,1 poly=1,16,105,379,859,1325,1457,1164,674,277,77,13,1
SAMPLE n=16 alpha=11 par=0,1,2,3,3,3,2,7,1,9,10,10,10,9,14,1 poly=1,16,105,373,801,1104,1017,642,276,78,13,1
SAMPLE n=16 alpha=11 par=0,1,2,3,3,3,2,7,1,9,10,10,10,1,14,15 poly=1,16,105,372,794,1089,1004,636,275,78,13,1
SAMPLE n=16 alpha=10 par=0,1,2,3,3,3,2,7,1,9,10,10,9,13,13,9 poly=1,16,105,373,800,1093,975,568,209,44,4
SAMPLE n=16 alpha=10 par=0,1,2,3,3,3,2,7,1,9,10,10,9,13,1,15 poly=1,16,105,371,780,1021,851,454,149,27,2
SAMPLE n=16 alpha=10 par=0,1,2,3,3,3,2,7,1,9,10,10,9,9,1,15 poly=1,16,105,373,799,1089,970,566,209,44,4
SAMPLE n=16 alpha=11 par=0,1,2,3,3,3,2,7,1,9,10,10,1,13,13,1 poly=1,16,105,373,800,1101,1013,637,273,77,13,1
SAMPLE n=16 alpha=10 par=0,1,2,3,3,3,2,7,1,9,10,9,12,9,9,9 poly=1,16,105,378,846,1254,1262,858,380,100,12
SAMPLE n=16 alpha=10 par=0,1,2,3,3,3,2,7,1,9,10,9,9,9,1,15 poly=1,16,105,375,818,1159,1101,703,292,72,8
SAMPLE n=16 alpha=11 par=0,1,2,3,3,3,2,7,1,9,10,9,9,9,1,1 poly=1,16,105,377,835,1216,1206,827,390,122,23,2
SAMPLE n=16 alpha=10 par=0,1,2,3,3,3,2,7,1,9,10,9,1,13,13,13 poly=1,16,105,373,801,1107,1023,637,259,63,7
SAMPLE n=16 alpha=10 par=0,1,2,3,3,3,2,2,1,9,10,9,12,9,14,9 poly=1,16,105,376,826,1177,1113,698,283,69,8
SAMPLE n=16 alpha=10 par=0,1,2,3,3,3,2,2,1,9,10,9,12,9,1,1 poly=1,16,105,376,823,1161,1077,653,249,54,5
SAMPLE n=16 alpha=11 par=0,1,2,3,3,3,2,2,1,9,10,9,12,1,1,1 poly=1,16,105,377,832,1198,1161,764,336,94,15,1
SAMPLE n=16 alpha=11 par=0,1,2,3,3,3,2,2,1,9,10,9,9,9,9,1 poly=1,16,105,381,873,1352,1461,1109,582,202,42,4
SAMPLE n=16 alpha=10 par=0,1,2,3,3,3,2,2,1,9,10,9,9,1,14,15 poly=1,16,105,374,808,1121,1026,621,242,56,6
SAMPLE n=16 alpha=10 par=0,1,2,3,3,3,2,2,1,9,10,9,1,13,1,15 poly=1,16,105,374,803,1087,939,510,166,29,2
SAMPLE n=16 alpha=11 par=0,1,2,3,3,3,2,2,1,9,10,9,1,1,1,1 poly=1,16,105,381,867,1322,1396,1029,521,173,34,3
SAMPLE n=16 alpha=10 par=0,1,2,3,3,3,2,2,1,9,10,1,12,1,14,1 poly=1,16,105,376,820,1145,1042,613,224,46,4
SAMPLE n=16 alpha=11 par=0,1,2,3,3,3,1,7,7,1,10,1,12,1,1,1 poly=1,16,105,383,883,1374,1492,1142,607,213,44,4
SAMPLE n=16 alpha=11 par=0,1,2,3,3,2,6,6,2,1,10,1,1,1,1,1 poly=1,16,105,384,891,1404,1547,1193,630,217,44,4
SAMPLE n=16 alpha=11 par=0,1,2,3,3,2,6,2,1,9,9,1,1,1,1,1 poly=1,16,105,384,888,1384,1496,1124,574,189,36,3
SAMPLE n=16 alpha=11 par=0,1,2,3,3,2,1,7,8,8,1,11,11,11,11,1 poly=1,16,105,376,828,1202,1195,824,390,122,23,2
SAMPLE n=16 alpha=10 par=0,1,2,3,3,2,1,7,8,7,10,7,7,7,7,1 poly=1,16,105,382,874,1332,1377,954,423,108,12
SAMPLE n=16 alpha=9 par=0,1,2,3,3,2,1,7,8,7,10,7,7,1,14,15 poly=1,16,105,373,796,1067,904,468,134,16
SAMPLE n=16 alpha=10 par=0,1,2,3,3,2,1,7,8,7,10,7,7,1,14,14 poly=1,16,105,374,806,1108,993,578,211,44,4
SAMPLE n=16 alpha=9 par=0,1,2,3,3,2,1,7,8,7,10,7,7,1,14,1 poly=1,16,105,375,811,1110,967,519,156,20
SAMPLE n=16 alpha=10 par=0,1,2,3,3,2,1,7,8,7,10,7,1,13,13,13 poly=1,16,105,373,799,1092,980,579,217,46,4
SAMPLE n=16 alpha=9 par=0,1,2,3,3,2,1,7,8,7,10,7,1,13,1,15 poly=1,16,105,372,783,1009,785,345,72,4
SAMPLE n=16 alpha=10 par=0,1,2,3,3,2,1,7,8,7,10,1,12,13,1,1 poly=1,16,105,373,794,1058,896,480,157,28,2
SAMPLE n=16 alpha=10 par=0,1,2,3,3,2,1,7,8,7,7,7,1,13,1,1 poly=1,16,105,378,838,1210,1165,746,307,74,8
SAMPLE n=16 alpha=10 par=0,1,2,3,3,2,1,7,8,7,7,1,12,12,1,1 poly=1,16,105,376,820,1146,1045,616,225,46,4
SAMPLE n=16 alpha=10 par=0,1,2,3,3,2,1,7,8,7,1,11,11,1,1,1 poly=1,16,105,378,836,1198,1135,706,277,62,6
SAMPLE n=16 alpha=10 par=0,1,2,3,3,2,1,7,8,1,10,11,1,13,13,13 poly=1,16,105,372,787,1042,883,477,157,28,2
SAMPLE n=16 alpha=9 par=0,1,2,3,3,2,1,7,8,1,10,11,1,13,1,15 poly=1,16,105,372,782,1005,783,354,84,8
SAMPLE n=16 alpha=9 par=0,1,2,3,3,2,1,7,8,1,10,1,12,1,14,1 poly=1,16,105,376,815,1111,951,491,138,16
SAMPLE n=16 alpha=8 par=0,1,2,3,2,5,2,7,2,1,10,1,12,1,14,1 poly=1,16,105,376,812,1090,892,408,80
SAMPLE n=16 alpha=9 par=0,1,2,3,2,5,2,7,2,1,10,1,12,1,1,1 poly=1,16,105,380,848,1223,1150,685,236,36
SAMPLE n=16 alpha=10 par=0,1,2,3,2,5,1,7,8,7,7,7,7,1,14,15 poly=1,16,105,376,824,1171,1100,667,241,43,2
SAMPLE n=16 alpha=9 par=0,1,2,3,2,5,1,7,8,7,7,1,12,13,1,15 poly=1,16,105,371,774,980,743,318,66,4
SAMPLE n=16 alpha=8 par=0,1,2,3,2,5,1,7,8,7,1,11,12,11,1,15 poly=1,16,105,370,764,941,668,245,34
SAMPLE n=16 alpha=9 par=0,1,2,3,2,5,1,7,8,7,1,11,11,1,14,1 poly=1,16,105,373,789,1023,802,358,79,6
SAMPLE n=16 alpha=9 par=0,1,2,3,2,5,1,7,8,1,10,10,1,13,1,15 poly=1,16,105,372,779,985,734,301,60,4
SAMPLE n=16 alpha=10 par=0,1,2,3,2,2,2,2,1,9,10,1,12,13,1,15 poly=1,16,105,377,829,1180,1111,682,257,52,4
SAMPLE n=16 alpha=11 par=0,1,2,3,2,2,2,2,1,9,10,1,12,13,1,1 poly=1,16,105,380,855,1273,1295,909,435,136,25,2
SAMPLE n=16 alpha=10 par=0,1,2,3,1,5,6,1,8,9,1,11,11,11,1,15 poly=1,16,105,373,791,1041,862,449,142,25,2
SAMPLE n=16 alpha=11 par=0,1,2,3,1,5,6,1,8,9,1,11,1,1,1,1 poly=1,16,105,385,893,1390,1483,1077,518,157,27,2
SAMPLE n=16 alpha=12 par=0,1,2,3,1,5,6,1,8,9,1,1,1,1,1,1 poly=1,16,105,392,953,1605,1910,1605,945,380,99,15,1
SAMPLE n=16 alpha=11 par=0,1,2,3,1,5,6,1,8,8,8,8,8,8,1,15 poly=1,16,105,382,876,1358,1464,1087,539,168,29,2
SAMPLE n=16 alpha=11 par=0,1,2,3,1,5,6,1,8,8,1,11,1,1,1,1 poly=1,16,105,386,898,1398,1487,1077,518,157,27,2
SAMPLE n=16 alpha=12 par=0,1,2,3,1,5,6,1,8,8,1,1,1,1,1,1 poly=1,16,105,393,957,1609,1910,1605,945,380,99,15,1
SAMPLE n=16 alpha=10 par=0,1,2,3,1,5,6,1,8,1,10,1,12,1,1,1 poly=1,16,105,385,887,1348,1365,903,370,84,8
SAMPLE n=16 alpha=12 par=0,1,2,2,2,2,2,2,1,9,9,9,1,13,13,1 poly=1,16,105,386,915,1513,1806,1570,988,440,132,24,2
SAMPLE n=16 alpha=13 par=0,1,2,2,2,2,2,2,1,9,9,9,1,1,1,1 poly=1,16,105,392,960,1662,2116,2017,1444,769,297,79,13,1
SAMPLE n=16 alpha=12 par=0,1,2,2,2,2,2,2,1,9,9,1,12,1,1,1 poly=1,16,105,390,939,1574,1903,1676,1065,475,141,25,2
SAMPLE n=16 alpha=11 par=0,1,2,2,2,1,6,6,1,9,9,1,12,12,1,15 poly=1,16,105,376,815,1122,1012,615,254,70,12,1
SAMPLE n=16 alpha=10 par=0,1,2,2,1,5,1,7,1,9,1,11,1,1,1,1 poly=1,16,105,393,943,1518,1655,1201,552,144,16
TOP5 rank=0 n=16 alpha=15 k=7 q=10 num=9202050 den=41409225 par=0,1,1,1,1,1,1,1,1,1,1,1,1,1,1,1 poly=1,16,105,455,1365,3003,5005,6435,6435,5005,3003,1365,455,105,15,1
TOP5 rank=1 n=16 alpha=13 k=7 q=9 num=767454 den=3240000 par=0,1,2,3,3,3,3,1,8,9,9,9,9,1,1,1 poly=1,16,105,382,898,1506,1886,1800,1311,718,286,78,13,1
TOP5 rank=2 n=16 alpha=13 k=7 q=9 num=825652 den=3444736 par=0,1,2,3,3,3,3,2,2,2,2,1,12,12,12,12 poly=1,16,105,386,923,1561,1956,1856,1339,726,287,78,13,1
TOP5 rank=3 n=16 alpha=13 k=7 q=9 num=808453 den=3367225 par=0,1,2,3,3,3,3,1,8,9,9,9,1,1,1,1 poly=1,16,105,383,905,1527,1921,1835,1332,725,287,78,13,1
TOP5 rank=4 n=16 alpha=13 k=7 q=9 num=866464 den=3579664 par=0,1,2,3,3,3,3,2,2,2,2,2,1,13,13,13 poly=1,16,105,388,934,1588,1995,1892,1360,733,288,78,13,1
TOP5 rank=5 n=16 alpha=13 k=6 q=9 num=1599705 den=6579225 par=0,1,2,2,2,2,2,2,1,9,1,1,1,1,1,1 poly=1,16,105,400,1020,1872,2565,2660,2082,1210,506,144,25,2
TOP5 rank=6 n=16 alpha=13 k=7 q=9 num=869481 den=3575881 par=0,1,2,3,3,3,3,3,1,9,9,9,9,1,1,1 poly=1,16,105,386,927,1579,1990,1891,1360,733,288,78,13,1
TOP5 rank=7 n=16 alpha=13 k=7 q=9 num=870841 den=3575881 par=0,1,2,2,2,2,2,2,1,9,9,9,1,13,13,13 poly=1,16,105,386,924,1576,1989,1891,1360,733,288,78,13,1
TOP5 rank=8 n=16 alpha=13 k=6 q=9 num=1587292 den=6502500 par=0,1,2,3,3,3,3,3,1,9,1,1,1,1,1,1 poly=1,16,105,395,1005,1852,2550,2654,2081,1210,506,144,25,2
TOP5 rank=9 n=16 alpha=13 k=6 q=9 num=1587292 den=6502500 par=0,1,2,2,2,2,2,2,1,9,9,9,9,9,9,1 poly=1,16,105,395,1005,1852,2550,2654,2081,1210,506,144,25,2
TOP5 rank=10 n=16 alpha=13 k=7 q=9 num=948385 den=3845521 par=0,1,2,3,3,3,3,3,1,9,9,9,1,1,1,1 poly=1,16,105,387,935,1607,2046,1961,1416,761,296,79,13,1
TOP5 rank=11 n=16 alpha=13 k=7 q=9 num=948385 den=3845521 par=0,1,2,2,2,2,2,2,1,9,9,9,9,1,14,14 poly=1,16,105,387,933,1606,2046,1961,1416,761,296,79,13,1
TOP4 rank=0 n=16 alpha=15 k=7 q=10 num=9202050 den=41409225 par=0,1,1,1,1,1,1,1,1,1,1,1,1,1,1,1 poly=1,16,105,455,1365,3003,5005,6435,6435,5005,3003,1365,455,105,15,1
TOP4 rank=1 n=16 alpha=13 k=7 q=9 num=767454 den=3240000 par=0,1,2,3,3,3,3,1,8,9,9,9,9,1,1,1 poly=1,16,105,382,898,1506,1886,1800,1311,718,286,78,13,1
TOP4 rank=2 n=16 alpha=13 k=7 q=9 num=825652 den=3444736 par=0,1,2,3,3,3,3,2,2,2,2,1,12,12,12,12 poly=1,16,105,386,923,1561,1956,1856,1339,726,287,78,13,1
TOP4 rank=3 n=16 alpha=13 k=7 q=9 num=808453 den=3367225 par=0,1,2,3,3,3,3,1,8,9,9,9,1,1,1,1 poly=1,16,105,383,905,1527,1921,1835,1332,725,287,78,13,1
TOP4 rank=4 n=16 alpha=13 k=7 q=9 num=866464 den=3579664 par=0,1,2,3,3,3,3,2,2,2,2,2,1,13,13,13 poly=1,16,105,388,934,1588,1995,1892,1360,733,288,78,13,1
TOP4 rank=5 n=16 alpha=13 k=6 q=9 num=1599705 den=6579225 par=0,1,2,2,2,2,2,2,1,9,1,1,1,1,1,1 poly=1,16,105,400,1020,1872,2565,2660,2082,1210,506,144,25,2
TOP4 rank=6 n=16 alpha=13 k=7 q=9 num=869481 den=3575881 par=0,1,2,3,3,3,3,3,1,9,9,9,9,1,1,1 poly=1,16,105,386,927,1579,1990,1891,1360,733,288,78,13,1
TOP4 rank=7 n=16 alpha=13 k=7 q=9 num=870841 den=3575881 par=0,1,2,2,2,2,2,2,1,9,9,9,1,13,13,13 poly=1,16,105,386,924,1576,1989,1891,1360,733,288,78,13,1
TOP4 rank=8 n=16 alpha=13 k=6 q=9 num=1587292 den=6502500 par=0,1,2,3,3,3,3,3,1,9,1,1,1,1,1,1 poly=1,16,105,395,1005,1852,2550,2654,2081,1210,506,144,25,2
TOP4 rank=9 n=16 alpha=13 k=6 q=9 num=1587292 den=6502500 par=0,1,2,2,2,2,2,2,1,9,9,9,9,9,9,1 poly=1,16,105,395,1005,1852,2550,2654,2081,1210,506,144,25,2
TOP4 rank=10 n=16 alpha=13 k=7 q=9 num=948385 den=3845521 par=0,1,2,3,3,3,3,3,1,9,9,9,1,1,1,1 poly=1,16,105,387,935,1607,2046,1961,1416,761,296,79,13,1
TOP4 rank=11 n=16 alpha=13 k=7 q=9 num=948385 den=3845521 par=0,1,2,2,2,2,2,2,1,9,9,9,9,1,14,14 poly=1,16,105,387,933,1606,2046,1961,1416,761,296,79,13,1
VDMIN_FLOAT n=16 value=0.655225386354 k=6 alpha=9 q=6 lambda=1.87345876197 V=1.41531475 delta=0.462953831544 par=0,1,2,2,1,5,1,7,1,9,1,11,1,13,1,15 poly=1,16,105,380,836,1142,936,412,72,1
PERK n=16 alpha=15 k=4 q=10 num=496860 den=1863225 par=0,1,1,1,1,1,1,1,1,1,1,1,1,1,1,1
PERK n=16 alpha=15 k=5 q=10 num=2186184 den=9018009 par=0,1,1,1,1,1,1,1,1,1,1,1,1,1,1,1
PERK n=16 alpha=15 k=6 q=10 num=5725720 den=25050025 par=0,1,1,1,1,1,1,1,1,1,1,1,1,1,1,1
PERK n=16 alpha=15 k=7 q=10 num=9202050 den=41409225 par=0,1,1,1,1,1,1,1,1,1,1,1,1,1,1,1
PERK n=16 alpha=15 k=8 q=10 num=9202050 den=41409225 par=0,1,1,1,1,1,1,1,1,1,1,1,1,1,1,1
PERK n=16 alpha=15 k=9 q=10 num=5725720 den=25050025 par=0,1,1,1,1,1,1,1,1,1,1,1,1,1,1,1
PERK n=16 alpha=15 k=10 q=10 num=2186184 den=9018009 par=0,1,1,1,1,1,1,1,1,1,1,1,1,1,1,1
PERALPHA n=16 alpha=8 k=4 q=5 num=249504 den=659344 par=0,1,2,3,2,5,2,7,2,1,10,1,12,1,14,1
PERALPHA n=16 alpha=9 k=5 q=6 num=517890 den=1500625 par=0,1,2,3,4,1,6,7,8,1,10,1,12,1,1,1
PERALPHA n=16 alpha=10 k=5 q=7 num=538744 den=1763584 par=0,1,2,3,3,3,3,3,1,9,1,11,1,13,1,15
PERALPHA n=16 alpha=11 k=6 q=7 num=664831 den=2356225 par=0,1,2,3,3,3,3,1,8,9,8,1,12,1,1,1
PERALPHA n=16 alpha=12 k=6 q=8 num=640665 den=2480625 par=0,1,2,3,3,3,3,1,8,9,9,9,1,13,1,1
PERALPHA n=16 alpha=13 k=7 q=9 num=767454 den=3240000 par=0,1,2,3,3,3,3,1,8,9,9,9,9,1,1,1
PERALPHA n=16 alpha=15 k=7 q=10 num=9202050 den=41409225 par=0,1,1,1,1,1,1,1,1,1,1,1,1,1,1,1
TOPQ n=16 alpha=15 k=10 q=10 num=2186184 den=9018009 par=0,1,1,1,1,1,1,1,1,1,1,1,1,1,1,1
NEWTON n=16 alpha=12 k=8 q=8 num=3792645 den=4033237 par=0,1,2,3,4,4,4,2,2,1,10,11,12,12,12,10
NEWTONFAIL_DIST n=16 q_minus_k=0 trees=80
NEWTONFAIL_DIST n=16 q_minus_k=1 trees=50
NEWTONFAIL_DIST n=16 q_minus_k=2 trees=31
NEWTONFAIL_DIST n=16 q_minus_k=3 trees=12
NEWTONFAIL_DIST n=16 q_minus_k=4 trees=8
NEWTONFAIL_DIST n=16 q_minus_k=5 trees=2
VDBIN_FLOAT n=16 bin_lo=0 value=0.655225386354 k=6 alpha=9 q=6 lambda=1.87345876197 V=1.41531475 delta=0.462953831544 par=0,1,2,2,1,5,1,7,1,9,1,11,1,13,1,15
VDBIN_FLOAT n=16 bin_lo=2 value=0.691196646603 k=7 alpha=10 q=7 lambda=2.42305574518 V=2.00455266888 delta=0.344813412655 par=0,1,2,3,4,5,5,3,8,9,3,1,12,13,14,1
STATS n=16 trees=4032 viol5=0 viol4=0 zero5=0 zero4=0 nonunimodal=0 sampled=466 newton_fail_trees=183
