SAMPLE n=16 alpha=9 par=0,1,2,3,4,5,6,7,7,1,10,11,12,13,14,15 poly=1,16,105,365,726,837,546,190,30,1
SAMPLE n=16 alpha=10 par=0,1,2,3,4,5,6,6,6,4,1,11,12,13,14,13 poly=1,16,105,369,767,994,831,452,153,28,2
SAMPLE n=16 alpha=9 par=0,1,2,3,4,5,6,6,5,9,5,1,12,13,14,15 poly=1,16,105,368,752,917,653,252,44,2
SAMPLE n=16 alpha=9 par=0,1,2,3,4,5,6,6,5,9,1,11,12,13,14,13 poly=1,16,105,367,744,894,624,237,42,2
SAMPLE n=16 alpha=9 par=0,1,2,3,4,5,6,6,5,1,10,11,12,13,14,12 poly=1,16,105,367,745,902,646,263,56,5
SAMPLE n=16 alpha=9 par=0,1,2,3,4,5,6,6,4,2,10,1,12,13,14,15 poly=1,16,105,367,745,905,663,294,76,9
SAMPLE n=16 alpha=9 par=0,1,2,3,4,5,6,6,3,2,2,1,12,13,14,15 poly=1,16,105,369,764,971,766,368,100,12
SAMPLE n=16 alpha=9 par=0,1,2,3,4,5,6,5,8,4,1,11,12,13,14,13 poly=1,16,105,367,743,886,602,212,32,2
SAMPLE n=16 alpha=9 par=0,1,2,3,4,5,6,5,8,4,1,11,12,13,14,1 poly=1,16,105,367,743,887,607,220,36,2
SAMPLE n=16 alpha=9 par=0,1,2,3,4,5,6,5,5,5,1,11,12,13,14,15 poly=1,16,105,370,774,1007,825,412,112,12
SAMPLE n=16 alpha=9 par=0,1,2,3,4,5,6,5,5,1,10,11,12,13,10,15 poly=1,16,105,368,754,931,687,285,55,2
SAMPLE n=16 alpha=8 par=0,1,2,3,4,5,6,5,4,1,10,11,12,13,14,1 poly=1,16,105,367,744,894,622,230,35
SAMPLE n=16 alpha=8 par=0,1,2,3,4,5,6,4,8,4,10,1,12,13,14,15 poly=1,16,105,367,741,873,573,185,22
SAMPLE n=16 alpha=9 par=0,1,2,3,4,5,6,4,8,4,1,11,12,13,14,11 poly=1,16,105,368,753,925,677,284,63,6
SAMPLE n=16 alpha=10 par=0,1,2,3,4,5,6,4,4,4,4,1,12,13,14,15 poly=1,16,105,374,811,1141,1073,665,256,55,5
SAMPLE n=16 alpha=9 par=0,1,2,3,4,5,6,3,1,9,10,11,12,13,9,9 poly=1,16,105,368,755,941,718,324,77,7
SAMPLE n=16 alpha=10 par=0,1,2,3,4,5,5,5,5,2,10,1,12,13,14,12 poly=1,16,105,372,796,1098,1010,616,237,52,5
SAMPLE n=16 alpha=11 par=0,1,2,3,4,5,5,5,5,2,1,11,12,13,13,11 poly=1,16,105,373,808,1152,1131,772,363,114,22,2
SAMPLE n=16 alpha=10 par=0,1,2,3,4,5,5,5,5,2,1,11,12,13,12,11 poly=1,16,105,373,806,1134,1073,678,272,62,6
SAMPLE n=16 alpha=10 par=0,1,2,3,4,5,5,5,5,2,1,11,12,13,11,15 poly=1,16,105,372,796,1098,1010,612,231,48,4
SAMPLE n=16 alpha=9 par=0,1,2,3,4,5,5,5,4,3,10,3,1,13,14,15 poly=1,16,105,371,781,1026,854,442,131,17
SAMPLE n=16 alpha=9 par=0,1,2,3,4,5,5,5,4,3,10,1,12,13,14,13 poly=1,16,105,370,773,1000,810,401,111,13
SAMPLE n=16 alpha=9 par=0,1,2,3,4,5,5,5,4,3,1,11,12,13,12,11 poly=1,16,105,371,783,1036,873,460,140,19
SAMPLE n=16 alpha=10 par=0,1,2,3,4,5,5,5,4,3,1,11,12,13,1,1 poly=1,16,105,372,794,1085,984,598,237,56,6
SAMPLE n=16 alpha=11 par=0,1,2,3,4,5,5,5,3,3,1,11,12,13,14,12 poly=1,16,105,371,787,1072,987,630,275,78,13,1
SAMPLE n=16 alpha=11 par=0,1,2,3,4,5,5,5,3,3,1,11,12,13,13,13 poly=1,16,105,373,809,1162,1168,838,426,147,31,3
SAMPLE n=16 alpha=10 par=0,1,2,3,4,5,5,5,3,3,1,11,12,13,11,15 poly=1,16,105,371,786,1064,963,592,239,57,6
SAMPLE n=16 alpha=10 par=0,1,2,3,4,5,5,5,2,2,1,11,12,13,14,11 poly=1,16,105,371,787,1070,971,590,233,55,6
SAMPLE n=16 alpha=9 par=0,1,2,3,4,5,5,4,8,8,4,3,1,13,14,15 poly=1,16,105,370,769,974,751,342,85,9
SAMPLE n=16 alpha=10 par=0,1,2,3,4,5,5,4,8,8,3,2,1,13,14,15 poly=1,16,105,369,762,959,745,358,105,17,1
SAMPLE n=16 alpha=10 par=0,1,2,3,4,5,5,4,8,8,3,1,12,13,14,13 poly=1,16,105,369,763,965,760,378,120,23,2
SAMPLE n=16 alpha=10 par=0,1,2,3,4,5,5,4,8,8,3,1,12,13,14,12 poly=1,16,105,369,763,966,766,389,126,24,2
SAMPLE n=16 alpha=10 par=0,1,2,3,4,5,5,4,8,8,2,1,12,13,14,14 poly=1,16,105,369,765,980,797,415,135,25,2
SAMPLE n=16 alpha=9 par=0,1,2,3,4,5,5,4,8,8,2,1,12,13,14,1 poly=1,16,105,369,763,964,751,354,94,11
SAMPLE n=16 alpha=9 par=0,1,2,3,4,5,5,4,8,8,1,11,12,13,11,15 poly=1,16,105,368,753,926,685,301,74,8
SAMPLE n=16 alpha=9 par=0,1,2,3,4,5,5,4,8,1,10,11,12,11,14,1 poly=1,16,105,368,753,924,672,276,58,5
SAMPLE n=16 alpha=9 par=0,1,2,3,4,5,5,4,8,1,10,11,12,11,11,10 poly=1,16,105,370,772,990,781,366,93,10
SAMPLE n=16 alpha=10 par=0,1,2,3,4,5,5,4,8,1,10,11,12,11,11,1 poly=1,16,105,370,774,1007,831,434,139,25,2
SAMPLE n=16 alpha=10 par=0,1,2,3,4,5,5,4,4,1,10,11,12,12,1,1 poly=1,16,105,372,795,1089,982,580,215,45,4
SAMPLE n=16 alpha=9 par=0,1,2,3,4,5,5,4,4,1,10,11,12,11,14,1 poly=1,16,105,370,773,998,801,387,102,11
SAMPLE n=16 alpha=10 par=0,1,2,3,4,5,5,4,4,1,10,11,12,11,11,11 poly=1,16,105,374,813,1147,1079,674,268,61,6
SAMPLE n=16 alpha=10 par=0,1,2,3,4,5,5,4,4,1,10,11,12,11,11,10 poly=1,16,105,372,792,1064,915,496,161,28,2
SAMPLE n=16 alpha=10 par=0,1,2,3,4,5,5,4,4,1,10,11,12,11,11,1 poly=1,16,105,372,794,1081,964,563,208,44,4
SAMPLE n=16 alpha=9 par=0,1,2,3,4,5,5,4,4,1,10,11,12,10,14,1 poly=1,16,105,370,772,991,785,371,95,10
SAMPLE n=16 alpha=10 par=0,1,2,3,4,5,5,4,4,1,10,11,12,10,10,1 poly=1,16,105,372,792,1066,925,515,178,35,3
SAMPLE n=16 alpha=10 par=0,1,2,3,4,5,5,4,3,1,10,11,12,12,10,1 poly=1,16,105,370,774,1008,835,440,143,26,2
SAMPLE n=16 alpha=10 par=0,1,2,3,4,5,5,4,3,1,10,11,12,12,1,1 poly=1,16,105,371,785,1054,927,536,197,42,4
SAMPLE n=16 alpha=10 par=0,1,2,3,4,5,5,4,3,1,10,11,12,11,11,11 poly=1,16,105,373,803,1110,1009,599,222,46,4
SAMPLE n=16 alpha=10 par=0,1,2,3,4,5,5,4,3,1,10,11,12,10,1,1 poly=1,16,105,371,782,1031,866,461,150,27,2
SAMPLE n=16 alpha=10 par=0,1,2,3,4,5,5,4,1,9,10,11,12,12,1,1 poly=1,16,105,370,776,1022,867,475,164,33,3
SAMPLE n=16 alpha=9 par=0,1,2,3,4,5,5,4,1,9,10,11,12,11,10,15 poly=1,16,105,368,753,923,666,263,47,2
SAMPLE n=16 alpha=9 par=0,1,2,3,4,5,5,4,1,9,10,11,12,11,1,15 poly=1,16,105,368,754,930,680,274,50,2
SAMPLE n=16 alpha=9 par=0,1,2,3,4,5,5,4,1,9,10,11,12,10,14,14 poly=1,16,105,368,754,932,694,300,68,6
SAMPLE n=16 alpha=9 par=0,1,2,3,4,5,5,3,8,2,1,11,12,13,14,12 poly=1,16,105,368,754,934,704,317,78,8
SAMPLE n=16 alpha=9 par=0,1,2,3,4,5,5,3,8,2,1,11,12,13,11,1 poly=1,16,105,369,762,957,733,333,82,8
SAMPLE n=16 alpha=10 par=0,1,2,3,4,5,5,3,3,1,10,11,12,13,12,15 poly=1,16,105,369,765,979,794,413,132,22,1
SAMPLE n=16 alpha=10 par=0,1,2,3,4,5,5,3,3,1,10,11,12,13,10,1 poly=1,16,105,370,775,1019,874,499,186,41,4
SAMPLE n=16 alpha=10 par=0,1,2,3,4,5,5,3,2,1,10,11,12,12,1,15 poly=1,16,105,369,764,972,773,383,114,18,1
SAMPLE n=16 alpha=10 par=0,1,2,3,4,5,5,3,2,1,10,11,12,11,10,10 poly=1,16,105,371,783,1039,889,492,171,34,3
SAMPLE n=16 alpha=10 par=0,1,2,3,4,5,5,3,2,1,10,11,12,11,1,1 poly=1,16,105,371,783,1041,898,508,185,40,4
SAMPLE n=16 alpha=10 par=0,1,2,3,4,5,5,3,2,1,10,11,12,10,1,15 poly=1,16,105,369,762,958,740,350,99,15,1
SAMPLE n=16 alpha=9 par=0,1,2,3,4,5,5,3,2,1,10,11,12,1,14,15 poly=1,16,105,368,753,928,691,305,75,8
SAMPLE n=16 alpha=9 par=0,1,2,3,4,5,5,2,8,2,1,11,12,13,1,1 poly=1,16,105,371,780,1019,836,421,120,15
SAMPLE n=16 alpha=9 par=0,1,2,3,4,5,5,2,2,1,10,11,12,11,14,11 poly=1,16,105,371,784,1043,886,468,140,18
SAMPLE n=16 alpha=10 par=0,1,2,3,4,5,5,2,2,1,10,11,12,10,14,14 poly=1,16,105,370,775,1018,864,470,156,28,2
SAMPLE n=16 alpha=8 par=0,1,2,3,4,5,4,7,4,9,3,11,1,13,14,15 poly=1,16,105,368,748,889,584,180,16
SAMPLE n=16 alpha=9 par=0,1,2,3,4,5,4,7,4,9,3,1,12,13,14,13 poly=1,16,105,369,759,931,657,239,35,2
SAMPLE n=16 alpha=8 par=0,1,2,3,4,5,4,7,4,9,2,11,1,13,14,15 poly=1,16,105,368,750,902,612,203,21
SAMPLE n=16 alpha=8 par=0,1,2,3,4,5,4,7,4,9,2,1,12,13,14,15 poly=1,16,105,368,751,910,636,235,37
SAMPLE n=16 alpha=9 par=0,1,2,3,4,5,4,7,4,9,2,1,12,13,14,12 poly=1,16,105,369,761,948,709,311,78,9
SAMPLE n=16 alpha=9 par=0,1,2,3,4,5,4,7,4,9,1,11,12,13,14,1 poly=1,16,105,368,751,908,625,216,27,1
SAMPLE n=16 alpha=9 par=0,1,2,3,4,5,4,7,4,1,10,11,12,11,10,10 poly=1,16,105,371,781,1019,825,400,106,12
SAMPLE n=16 alpha=9 par=0,1,2,3,4,5,4,7,4,1,10,11,12,10,14,15 poly=1,16,105,368,752,916,650,250,46,4
SAMPLE n=16 alpha=9 par=0,1,2,3,4,5,4,7,4,1,10,11,12,1,1,1 poly=1,16,105,373,802,1104,990,564,186,27
SAMPLE n=16 alpha=9 par=0,1,2,3,4,5,4,7,3,1,10,11,12,11,10,15 poly=1,16,105,368,751,908,628,224,33,2
SAMPLE n=16 alpha=9 par=0,1,2,3,4,5,4,7,3,1,10,11,12,11,10,1 poly=1,16,105,369,761,946,697,286,58,5
SAMPLE n=16 alpha=9 par=0,1,2,3,4,5,4,7,3,1,10,11,12,10,14,15 poly=1,16,105,367,742,880,592,209,35,2
SAMPLE n=16 alpha=9 par=0,1,2,3,4,5,4,7,3,1,10,11,12,10,14,10 poly=1,16,105,369,761,946,698,288,58,4
SAMPLE n=16 alpha=9 par=0,1,2,3,4,5,4,7,3,1,10,11,12,1,14,14 poly=1,16,105,368,752,918,659,264,53,4
SAMPLE n=16 alpha=9 par=0,1,2,3,4,5,4,7,1,9,10,11,12,11,14,1 poly=1,16,105,367,743,885,595,198,23,1
SAMPLE n=16 alpha=9 par=0,1,2,3,4,5,4,7,1,9,10,11,12,11,10,1 poly=1,16,105,368,753,923,665,262,48,3
SAMPLE n=16 alpha=9 par=0,1,2,3,4,5,4,7,1,9,10,11,12,10,10,9 poly=1,16,105,369,762,954,720,315,73,7
SAMPLE n=16 alpha=9 par=0,1,2,3,4,5,4,4,3,1,10,11,12,13,11,15 poly=1,16,105,369,762,953,714,302,62,4
SAMPLE n=16 alpha=9 par=0,1,2,3,4,5,4,4,3,1,10,11,12,13,10,1 poly=1,16,105,370,772,991,782,363,88,8
SAMPLE n=16 alpha=8 par=0,1,2,3,4,5,4,3,8,3,10,1,12,13,14,1 poly=1,16,105,369,759,935,675,264,44
SAMPLE n=16 alpha=9 par=0,1,2,3,4,5,4,3,8,3,3,1,12,13,14,13 poly=1,16,105,372,788,1039,854,421,112,12
SAMPLE n=16 alpha=9 par=0,1,2,3,4,5,4,3,8,3,2,2,1,13,14,15 poly=1,16,105,371,777,998,783,359,86,8
SAMPLE n=16 alpha=9 par=0,1,2,3,4,5,4,3,3,2,10,11,1,13,14,15 poly=1,16,105,369,760,943,696,288,57,3
SAMPLE n=16 alpha=9 par=0,1,2,3,4,5,4,3,3,2,10,10,1,13,14,15 poly=1,16,105,370,770,982,772,367,99,12
SAMPLE n=16 alpha=9 par=0,1,2,3,4,5,4,3,3,2,10,1,12,13,14,15 poly=1,16,105,369,760,942,692,283,55,3
SAMPLE n=16 alpha=9 par=0,1,2,3,4,5,4,3,3,2,10,1,12,13,14,12 poly=1,16,105,370,770,980,763,352,88,9
SAMPLE n=16 alpha=9 par=0,1,2,3,4,5,4,3,3,2,2,1,12,13,14,13 poly=1,16,105,372,789,1047,875,446,126,15
SAMPLE n=16 alpha=9 par=0,1,2,3,4,5,4,3,3,2,2,1,12,13,14,1 poly=1,16,105,372,787,1035,848,417,111,12
SAMPLE n=16 alpha=8 par=0,1,2,3,4,5,4,3,2,1,10,11,12,13,12,1 poly=1,16,105,369,762,953,710,290,50
SAMPLE n=16 alpha=9 par=0,1,2,3,4,5,4,3,2,1,10,11,12,13,11,11 poly=1,16,105,370,773,999,807,398,110,13
SAMPLE n=16 alpha=8 par=0,1,2,3,4,5,4,3,2,1,10,11,12,13,10,15 poly=1,16,105,368,752,917,652,247,38
SAMPLE n=16 alpha=9 par=0,1,2,3,4,5,4,2,8,8,8,1,12,13,14,13 poly=1,16,105,370,774,1008,830,424,124,16
SAMPLE n=16 alpha=10 par=0,1,2,3,4,5,4,2,8,8,8,1,12,13,14,12 poly=1,16,105,370,774,1010,841,444,142,25,2
SAMPLE n=16 alpha=9 par=0,1,2,3,4,5,4,2,8,8,2,11,1,13,14,15 poly=1,16,105,369,760,943,696,289,59,4
SAMPLE n=16 alpha=9 par=0,1,2,3,4,5,4,2,8,8,1,11,12,13,14,13 poly=1,16,105,368,754,932,691,292,61,4
SAMPLE n=16 alpha=9 par=0,1,2,3,4,5,4,2,8,8,1,11,12,13,1,1 poly=1,16,105,370,772,997,811,409,118,15
SAMPLE n=16 alpha=10 par=0,1,2,3,4,5,4,1,8,9,10,8,12,13,8,8 poly=1,16,105,371,781,1026,859,459,151,27,2
SAMPLE n=16 alpha=9 par=0,1,2,3,4,5,4,1,8,9,10,8,12,13,8,1 poly=1,16,105,369,761,949,711,307,70,7
SAMPLE n=16 alpha=9 par=0,1,2,3,4,5,4,1,8,9,10,8,12,12,8,15 poly=1,16,105,369,760,941,690,284,58,4
SAMPLE n=16 alpha=9 par=0,1,2,3,4,5,4,1,8,9,10,8,12,12,8,1 poly=1,16,105,370,770,979,758,342,80,7
SAMPLE n=16 alpha=9 par=0,1,2,3,4,5,4,1,8,9,10,8,12,8,14,8 poly=1,16,105,371,778,1001,784,356,84,8
SAMPLE n=16 alpha=10 par=0,1,2,3,4,5,4,1,8,9,10,8,12,8,8,8 poly=1,16,105,375,817,1148,1062,639,237,48,4
SAMPLE n=16 alpha=9 par=0,1,2,3,4,5,4,1,8,9,10,8,8,1,14,15 poly=1,16,105,369,762,957,733,334,84,9
SAMPLE n=16 alpha=8 par=0,1,2,3,4,5,4,1,8,9,10,1,12,13,12,15 poly=1,16,105,367,742,880,588,196,23
SAMPLE n=16 alpha=9 par=0,1,2,3,4,5,3,7,7,7,1,11,12,13,14,11 poly=1,16,105,369,764,972,773,379,106,13
SAMPLE n=16 alpha=10 par=0,1,2,3,4,5,3,7,7,7,1,11,12,13,11,11 poly=1,16,105,371,784,1047,913,525,194,42,4
SAMPLE n=16 alpha=10 par=0,1,2,3,4,5,3,7,7,7,1,11,12,13,1,1 poly=1,16,105,371,784,1049,918,523,186,37,3
SAMPLE n=16 alpha=9 par=0,1,2,3,4,5,3,7,3,9,3,3,1,13,14,15 poly=1,16,105,374,803,1084,923,478,136,16
SAMPLE n=16 alpha=8 par=0,1,2,3,4,5,3,7,3,9,2,11,1,13,14,15 poly=1,16,105,368,748,891,594,196,24
SAMPLE n=16 alpha=9 par=0,1,2,3,4,5,3,7,3,9,2,2,1,13,14,15 poly=1,16,105,370,767,961,720,309,69,6
SAMPLE n=16 alpha=9 par=0,1,2,3,4,5,3,7,3,9,1,11,12,13,11,11 poly=1,16,105,370,771,985,773,362,93,10
SAMPLE n=16 alpha=9 par=0,1,2,3,4,5,3,7,2,9,10,10,1,13,14,15 poly=1,16,105,367,743,891,627,251,52,4
SAMPLE n=16 alpha=9 par=0,1,2,3,4,5,3,7,2,9,9,1,12,13,14,15 poly=1,16,105,367,742,883,605,225,39,2
SAMPLE n=16 alpha=9 par=0,1,2,3,4,5,3,7,2,9,1,11,12,13,11,1 poly=1,16,105,368,750,905,629,233,39,2
SAMPLE n=16 alpha=10 par=0,1,2,3,4,5,3,7,1,9,10,11,9,9,9,1 poly=1,16,105,372,790,1056,906,495,164,29,2
SAMPLE n=16 alpha=9 par=0,1,2,3,4,5,3,7,1,9,10,11,9,1,14,15 poly=1,16,105,367,742,882,600,218,37,2
SAMPLE n=16 alpha=9 par=0,1,2,3,4,5,3,7,1,9,10,11,1,13,14,14 poly=1,16,105,367,744,898,645,272,63,6
SAMPLE n=16 alpha=10 par=0,1,2,3,4,5,3,3,2,9,9,1,12,13,14,12 poly=1,16,105,370,772,998,820,433,142,26,2
SAMPLE n=16 alpha=10 par=0,1,2,3,4,5,3,3,1,9,10,11,9,1,14,15 poly=1,16,105,369,763,966,762,375,110,17,1
SAMPLE n=16 alpha=9 par=0,1,2,3,4,5,3,2,8,1,10,11,12,1,14,1 poly=1,16,105,369,759,937,685,283,61,6
SAMPLE n=16 alpha=9 par=0,1,2,3,4,5,3,2,1,9,10,11,1,13,13,1 poly=1,16,105,370,769,974,748,333,77,7
SAMPLE n=16 alpha=8 par=0,1,2,3,4,5,2,7,8,7,10,1,12,13,14,15 poly=1,16,105,366,732,844,531,158,16
SAMPLE n=16 alpha=8 par=0,1,2,3,4,5,2,7,2,1,10,11,12,13,10,1 poly=1,16,105,369,760,942,690,275,46
SAMPLE n=16 alpha=11 par=0,1,2,3,4,4,4,4,4,4,4,1,12,13,14,1 poly=1,16,105,386,921,1529,1792,1478,841,315,70,7
SAMPLE n=16 alpha=11 par=0,1,2,3,4,4,4,4,4,4,3,11,11,1,14,15 poly=1,16,105,381,874,1368,1505,1157,609,210,43,4
SAMPLE n=16 alpha=11 par=0,1,2,3,4,4,4,4,4,4,3,11,1,13,14,14 poly=1,16,105,381,875,1370,1506,1157,609,210,43,4
SAMPLE n=16 alpha=11 par=0,1,2,3,4,4,4,4,4,4,3,2,12,1,14,15 poly=1,16,105,381,873,1355,1457,1072,519,153,23,1
SAMPLE n=16 alpha=11 par=0,1,2,3,4,4,4,4,4,4,3,2,2,1,14,15 poly=1,16,105,383,893,1435,1634,1317,736,272,60,6
SAMPLE n=16 alpha=12 par=0,1,2,3,4,4,4,4,4,4,3,1,12,13,13,1 poly=1,16,105,382,886,1412,1594,1284,735,294,79,13,1
SAMPLE n=16 alpha=12 par=0,1,2,3,4,4,4,4,4,4,2,2,1,13,14,15 poly=1,16,105,382,890,1444,1681,1408,841,349,95,15,1
SAMPLE n=16 alpha=12 par=0,1,2,3,4,4,4,4,4,4,2,2,1,13,14,14 poly=1,16,105,383,901,1489,1781,1554,982,439,132,24,2
SAMPLE n=16 alpha=12 par=0,1,2,3,4,4,4,4,4,4,2,2,1,13,14,1 poly=1,16,105,383,898,1466,1716,1443,862,356,96,15,1
SAMPLE n=16 alpha=12 par=0,1,2,3,4,4,4,4,4,4,1,11,12,13,13,13 poly=1,16,105,382,892,1449,1683,1408,841,349,95,15,1
SAMPLE n=16 alpha=11 par=0,1,2,3,4,4,4,4,4,4,1,11,12,13,11,15 poly=1,16,105,380,869,1351,1462,1087,539,168,29,2
SAMPLE n=16 alpha=11 par=0,1,2,3,4,4,4,4,4,4,1,11,12,12,11,1 poly=1,16,105,382,889,1425,1612,1282,701,251,53,5
SAMPLE n=16 alpha=11 par=0,1,2,3,4,4,4,4,4,4,1,11,12,12,1,15 poly=1,16,105,381,880,1397,1562,1227,665,238,51,5
SAMPLE n=16 alpha=11 par=0,1,2,3,4,4,4,4,3,9,9,9,1,13,14,13 poly=1,16,105,375,823,1197,1207,855,418,134,25,2
SAMPLE n=16 alpha=10 par=0,1,2,3,4,4,4,4,3,9,9,3,1,13,14,15 poly=1,16,105,374,808,1123,1036,634,246,54,5
SAMPLE n=16 alpha=10 par=0,1,2,3,4,4,4,4,3,9,9,1,12,13,14,13 poly=1,16,105,373,803,1118,1047,662,271,65,7
SAMPLE n=16 alpha=11 par=0,1,2,3,4,4,4,4,3,9,9,1,12,13,13,13 poly=1,16,105,375,825,1209,1239,900,458,156,32,3
SAMPLE n=16 alpha=10 par=0,1,2,3,4,4,4,4,3,9,3,11,1,13,14,15 poly=1,16,105,373,797,1077,942,529,176,28,1
SAMPLE n=16 alpha=10 par=0,1,2,3,4,4,4,4,3,9,3,3,2,1,14,15 poly=1,16,105,377,831,1192,1145,738,308,75,8
SAMPLE n=16 alpha=11 par=0,1,2,3,4,4,4,4,3,9,3,3,1,13,14,1 poly=1,16,105,377,834,1212,1201,825,390,122,23,2
SAMPLE n=16 alpha=11 par=0,1,2,3,4,4,4,4,3,9,3,1,12,13,13,13 poly=1,16,105,376,831,1216,1227,865,420,134,25,2
SAMPLE n=16 alpha=10 par=0,1,2,3,4,4,4,4,3,9,2,11,1,13,14,15 poly=1,16,105,372,791,1067,941,539,186,33,2
SAMPLE n=16 alpha=11 par=0,1,2,3,4,4,4,4,3,9,2,1,12,13,14,12 poly=1,16,105,373,802,1112,1037,661,282,78,13,1
SAMPLE n=16 alpha=11 par=0,1,2,3,4,4,4,4,3,9,2,1,12,13,13,1 poly=1,16,105,374,812,1150,1108,734,327,93,15,1
SAMPLE n=16 alpha=11 par=0,1,2,3,4,4,4,4,3,9,1,11,12,13,13,13 poly=1,16,105,374,815,1168,1149,782,361,106,17,1
SAMPLE n=16 alpha=10 par=0,1,2,3,4,4,4,4,3,9,1,11,12,13,13,1 poly=1,16,105,373,804,1124,1058,670,275,66,7
SAMPLE n=16 alpha=11 par=0,1,2,3,4,4,4,4,3,9,1,11,12,13,11,11 poly=1,16,105,374,813,1153,1110,734,327,93,15,1
SAMPLE n=16 alpha=10 par=0,1,2,3,4,4,4,4,3,9,1,11,12,13,1,1 poly=1,16,105,374,813,1155,1113,727,311,79,9
SAMPLE n=16 alpha=10 par=0,1,2,3,4,4,4,4,3,9,1,11,12,12,1,15 poly=1,16,105,373,803,1117,1042,654,266,64,7
SAMPLE n=16 alpha=10 par=0,1,2,3,4,4,4,4,3,9,1,11,12,11,11,1 poly=1,16,105,375,821,1174,1131,734,308,75,8
SAMPLE n=16 alpha=10 par=0,1,2,3,4,4,4,4,3,9,1,11,12,1,14,1 poly=1,16,105,374,811,1139,1069,669,267,61,6
SAMPLE n=16 alpha=11 par=0,1,2,3,4,4,4,4,3,9,1,11,12,1,1,1 poly=1,16,105,377,842,1262,1322,976,501,170,34,3
SAMPLE n=16 alpha=10 par=0,1,2,3,4,4,4,4,2,9,10,9,1,13,14,14 poly=1,16,105,373,806,1138,1090,707,297,73,8
SAMPLE n=16 alpha=10 par=0,1,2,3,4,4,4,4,2,9,10,2,12,1,14,15 poly=1,16,105,373,803,1120,1053,665,267,61,6
SAMPLE n=16 alpha=10 par=0,1,2,3,4,4,4,4,2,9,10,1,12,13,14,13 poly=1,16,105,372,796,1100,1019,630,246,54,5
SAMPLE n=16 alpha=10 par=0,1,2,3,4,4,4,4,2,9,10,1,12,13,1,15 poly=1,16,105,372,794,1087,989,594,222,46,4
SAMPLE n=16 alpha=11 par=0,1,2,3,4,4,4,4,2,9,9,1,12,13,14,14 poly=1,16,105,373,807,1146,1114,743,332,94,15,1
SAMPLE n=16 alpha=10 par=0,1,2,3,4,4,4,4,2,9,9,1,12,13,12,15 poly=1,16,105,373,805,1130,1068,676,272,62,6
SAMPLE n=16 alpha=10 par=0,1,2,3,4,4,4,4,2,9,2,11,1,13,14,15 poly=1,16,105,373,803,1118,1042,645,247,51,4
SAMPLE n=16 alpha=10 par=0,1,2,3,4,4,4,4,2,9,2,1,12,13,12,1 poly=1,16,105,375,822,1186,1168,785,344,88,10
SAMPLE n=16 alpha=11 par=0,1,2,3,4,4,4,4,2,9,1,11,12,13,13,11 poly=1,16,105,373,807,1147,1124,768,362,114,22,2
SAMPLE n=16 alpha=10 par=0,1,2,3,4,4,4,4,2,9,1,11,12,11,1,1 poly=1,16,105,375,822,1184,1159,768,329,82,9
SAMPLE n=16 alpha=10 par=0,1,2,3,4,4,4,4,2,9,1,11,12,1,14,14 poly=1,16,105,373,804,1125,1063,676,277,66,7
SAMPLE n=16 alpha=11 par=0,1,2,3,4,4,4,4,2,9,1,11,12,1,1,1 poly=1,16,105,377,842,1263,1325,979,502,170,34,3
SAMPLE n=16 alpha=12 par=0,1,2,3,4,4,4,4,1,9,10,10,10,1,1,1 poly=1,16,105,379,868,1382,1595,1360,856,389,121,23,2
SAMPLE n=16 alpha=11 par=0,1,2,3,4,4,4,4,1,9,10,10,9,13,1,1 poly=1,16,105,375,824,1198,1200,833,395,123,23,2
SAMPLE n=16 alpha=11 par=0,1,2,3,4,4,4,4,1,9,10,10,9,9,1,1 poly=1,16,105,377,842,1257,1299,934,457,144,26,2
SAMPLE n=16 alpha=10 par=0,1,2,3,4,4,4,4,1,9,10,9,1,13,1,1 poly=1,16,105,377,840,1242,1254,861,386,102,12
SAMPLE n=16 alpha=11 par=0,1,2,3,4,4,4,4,1,9,10,1,12,12,1,1 poly=1,16,105,377,841,1251,1284,914,442,138,25,2
SAMPLE n=16 alpha=10 par=0,1,2,3,4,4,4,3,8,1,10,11,11,11,10,15 poly=1,16,105,372,793,1076,961,572,220,50,5
SAMPLE n=16 alpha=10 par=0,1,2,3,4,4,4,3,8,1,10,11,11,11,1,15 poly=1,16,105,372,795,1093,1007,628,257,63,7
SAMPLE n=16 alpha=10 par=0,1,2,3,4,4,4,3,8,1,10,11,11,10,10,1 poly=1,16,105,373,801,1098,985,578,214,45,4
SAMPLE n=16 alpha=11 par=0,1,2,3,4,4,4,3,8,1,10,11,11,1,1,1 poly=1,16,105,375,824,1203,1224,880,443,150,31,3
SAMPLE n=16 alpha=10 par=0,1,2,3,4,4,4,3,2,9,10,10,1,13,14,13 poly=1,16,105,371,784,1048,913,522,191,41,4
SAMPLE n=16 alpha=10 par=0,1,2,3,4,4,4,3,2,9,9,9,1,13,14,15 poly=1,16,105,372,793,1080,971,579,222,50,5
SAMPLE n=16 alpha=10 par=0,1,2,3,4,4,4,3,2,9,9,9,1,13,14,13 poly=1,16,105,373,803,1117,1037,645,261,63,7
SAMPLE n=16 alpha=10 par=0,1,2,3,4,4,4,3,2,9,9,1,12,13,14,13 poly=1,16,105,371,783,1039,885,480,158,28,2
SAMPLE n=16 alpha=10 par=0,1,2,3,4,4,4,3,2,9,9,1,12,13,12,15 poly=1,16,105,371,782,1032,867,457,142,22,1
SAMPLE n=16 alpha=10 par=0,1,2,3,4,4,4,3,2,9,2,2,1,13,14,1 poly=1,16,105,375,815,1139,1047,629,236,49,4
SAMPLE n=16 alpha=10 par=0,1,2,3,4,4,4,3,2,9,2,1,12,13,13,12 poly=1,16,105,373,801,1101,994,588,219,46,4
SAMPLE n=16 alpha=10 par=0,1,2,3,4,4,4,3,2,9,1,11,12,13,13,13 poly=1,16,105,372,795,1091,996,609,242,57,6
SAMPLE n=16 alpha=10 par=0,1,2,3,4,4,4,3,2,9,1,11,12,13,13,12 poly=1,16,105,371,783,1037,877,467,147,23,1
SAMPLE n=16 alpha=10 par=0,1,2,3,4,4,4,3,2,9,1,11,12,13,11,11 poly=1,16,105,372,793,1078,966,575,221,50,5
SAMPLE n=16 alpha=10 par=0,1,2,3,4,4,4,3,2,9,1,11,12,13,1,1 poly=1,16,105,372,791,1065,932,529,187,37,3
SAMPLE n=16 alpha=9 par=0,1,2,3,4,4,4,3,2,9,1,11,12,11,14,11 poly=1,16,105,372,791,1060,908,487,151,21
SAMPLE n=16 alpha=11 par=0,1,2,3,4,4,4,3,1,9,10,10,10,1,14,15 poly=1,16,105,372,796,1100,1024,653,282,79,13,1
SAMPLE n=16 alpha=11 par=0,1,2,3,4,4,4,3,1,9,10,10,10,1,14,1 poly=1,16,105,374,815,1169,1153,796,381,121,23,2
SAMPLE n=16 alpha=10 par=0,1,2,3,4,4,4,3,1,9,10,10,9,13,13,9 poly=1,16,105,373,801,1097,981,572,210,44,4
SAMPLE n=16 alpha=11 par=0,1,2,3,4,4,4,3,1,9,10,10,9,1,1,1 poly=1,16,105,376,831,1216,1223,855,410,129,24,2
SAMPLE n=16 alpha=11 par=0,1,2,3,4,4,4,3,1,9,10,9,9,9,9,9 poly=1,16,105,383,895,1435,1623,1298,721,266,59,6
SAMPLE n=16 alpha=10 par=0,1,2,3,4,4,4,3,1,9,10,9,9,1,14,14 poly=1,16,105,373,802,1107,1010,612,240,56,6
SAMPLE n=16 alpha=11 par=0,1,2,3,4,4,4,3,1,9,10,9,9,1,1,1 poly=1,16,105,377,838,1232,1240,864,412,129,24,2
SAMPLE n=16 alpha=10 par=0,1,2,3,4,4,4,3,1,9,10,9,1,13,14,1 poly=1,16,105,372,791,1062,919,510,175,34,3
SAMPLE n=16 alpha=10 par=0,1,2,3,4,4,4,3,1,9,10,1,12,13,1,15 poly=1,16,105,371,781,1025,853,447,142,25,2
SAMPLE n=16 alpha=10 par=0,1,2,3,4,4,4,3,1,9,10,1,12,1,14,1 poly=1,16,105,374,808,1116,1005,586,213,44,4
SAMPLE n=16 alpha=10 par=0,1,2,3,4,4,4,2,8,1,10,11,11,10,14,10 poly=1,16,105,372,793,1077,961,566,212,45,4
SAMPLE n=16 alpha=9 par=0,1,2,3,4,4,4,2,8,1,10,11,10,13,10,15 poly=1,16,105,371,782,1031,866,459,142,19
SAMPLE n=16 alpha=10 par=0,1,2,3,4,4,4,2,8,1,10,11,10,1,14,14 poly=1,16,105,371,783,1043,908,521,191,41,4
SAMPLE n=16 alpha=10 par=0,1,2,3,4,4,4,2,1,9,10,10,9,13,9,15 poly=1,16,105,372,792,1071,953,568,220,50,5
SAMPLE n=16 alpha=11 par=0,1,2,3,4,4,4,2,1,9,10,10,9,1,14,14 poly=1,16,105,372,794,1088,1000,631,272,77,13,1
SAMPLE n=16 alpha=10 par=0,1,2,3,4,4,4,2,1,9,10,10,9,1,14,1 poly=1,16,105,373,801,1102,1001,603,233,52,5
SAMPLE n=16 alpha=11 par=0,1,2,3,4,4,4,2,1,9,10,10,1,13,14,1 poly=1,16,105,372,794,1089,1004,635,273,77,13,1
SAMPLE n=16 alpha=10 par=0,1,2,3,4,4,4,2,1,9,10,10,1,13,1,15 poly=1,16,105,372,792,1073,958,571,220,50,5
SAMPLE n=16 alpha=10 par=0,1,2,3,4,4,4,2,1,9,10,9,12,1,14,1 poly=1,16,105,372,790,1057,912,507,173,31,2
SAMPLE n=16 alpha=10 par=0,1,2,3,4,4,4,2,1,9,10,9,1,13,13,1 poly=1,16,105,373,800,1096,989,592,228,51,5
SAMPLE n=16 alpha=10 par=0,1,2,3,4,4,3,7,7,1,10,11,12,10,10,1 poly=1,16,105,371,782,1032,873,476,164,33,3
SAMPLE n=16 alpha=9 par=0,1,2,3,4,4,3,7,7,1,10,11,12,1,14,1 poly=1,16,105,370,772,995,802,395,109,13
SAMPLE n=16 alpha=10 par=0,1,2,3,4,4,3,7,3,1,10,11,12,12,11,1 poly=1,16,105,371,782,1030,862,455,146,26,2
SAMPLE n=16 alpha=10 par=0,1,2,3,4,4,3,7,3,1,10,11,12,11,11,1 poly=1,16,105,372,792,1068,936,536,196,42,4
SAMPLE n=16 alpha=9 par=0,1,2,3,4,4,3,7,3,1,10,11,12,11,10,10 poly=1,16,105,372,790,1050,878,447,126,15
SAMPLE n=16 alpha=10 par=0,1,2,3,4,4,3,7,3,1,10,11,12,10,1,1 poly=1,16,105,372,790,1055,901,487,159,28,2
SAMPLE n=16 alpha=11 par=0,1,2,3,4,4,3,7,2,1,10,11,10,10,10,10 poly=1,16,105,377,839,1238,1252,871,409,125,23,2
SAMPLE n=16 alpha=10 par=0,1,2,3,4,4,3,7,2,1,10,11,1,13,13,13 poly=1,16,105,371,781,1028,869,477,165,33,3
SAMPLE n=16 alpha=11 par=0,1,2,3,4,4,3,3,3,1,10,11,12,10,10,1 poly=1,16,105,375,820,1168,1118,725,314,87,14,1
SAMPLE n=16 alpha=10 par=0,1,2,3,4,4,3,3,3,1,10,11,12,1,14,14 poly=1,16,105,373,801,1101,993,585,216,45,4
SAMPLE n=16 alpha=11 par=0,1,2,3,4,4,3,3,2,1,10,11,11,1,1,1 poly=1,16,105,376,829,1206,1205,840,404,128,24,2
SAMPLE n=16 alpha=9 par=0,1,2,3,4,4,3,3,2,1,10,11,10,13,10,15 poly=1,16,105,372,788,1036,842,404,102,10
SAMPLE n=16 alpha=10 par=0,1,2,3,4,4,3,3,2,1,10,11,10,13,10,10 poly=1,16,105,375,818,1150,1061,635,235,48,4
SAMPLE n=16 alpha=10 par=0,1,2,3,4,4,3,3,2,1,10,11,10,13,1,1 poly=1,16,105,373,797,1072,919,495,160,28,2
SAMPLE n=16 alpha=10 par=0,1,2,3,4,4,3,3,2,1,10,11,10,10,10,1 poly=1,16,105,376,827,1183,1125,706,280,63,6
SAMPLE n=16 alpha=9 par=0,1,2,3,4,4,3,2,8,2,10,2,1,13,14,15 poly=1,16,105,372,785,1022,816,380,91,8
SAMPLE n=16 alpha=10 par=0,1,2,3,4,4,3,2,8,2,10,1,12,13,13,1 poly=1,16,105,371,778,1006,808,398,116,18,1
SAMPLE n=16 alpha=9 par=0,1,2,3,4,4,3,2,8,2,10,1,12,13,12,12 poly=1,16,105,372,789,1049,885,463,138,18
SAMPLE n=16 alpha=10 par=0,1,2,3,4,4,3,2,8,2,2,2,1,13,14,1 poly=1,16,105,377,829,1177,1098,664,247,50,4
SAMPLE n=16 alpha=9 par=0,1,2,3,4,4,3,2,8,2,2,1,12,13,14,13 poly=1,16,105,373,798,1079,932,500,152,20
SAMPLE n=16 alpha=10 par=0,1,2,3,4,4,3,2,8,2,1,11,12,11,11,11 poly=1,16,105,375,820,1170,1123,725,303,74,8
SAMPLE n=16 alpha=9 par=0,1,2,3,4,4,3,2,8,2,1,11,12,11,1,1 poly=1,16,105,373,795,1060,888,452,127,15
SAMPLE n=16 alpha=10 par=0,1,2,3,4,4,2,7,8,8,2,11,1,13,14,15 poly=1,16,105,369,763,969,777,401,131,25,2
SAMPLE n=16 alpha=11 par=0,1,2,3,4,4,2,7,8,8,2,2,1,13,14,14 poly=1,16,105,373,804,1131,1095,745,354,113,22,2
SAMPLE n=16 alpha=10 par=0,1,2,3,4,4,2,7,8,8,1,11,12,13,13,1 poly=1,16,105,369,766,989,822,443,152,31,3
SAMPLE n=16 alpha=10 par=0,1,2,3,4,4,2,7,7,7,7,1,12,13,14,1 poly=1,16,105,373,803,1121,1056,670,275,66,7
SAMPLE n=16 alpha=11 par=0,1,2,3,4,4,2,7,7,7,2,1,12,13,14,14 poly=1,16,105,372,793,1081,980,603,252,70,12,1
SAMPLE n=16 alpha=10 par=0,1,2,3,4,4,2,7,7,7,2,1,12,13,14,13 poly=1,16,105,372,792,1072,950,555,209,47,5
SAMPLE n=16 alpha=11 par=0,1,2,3,4,4,2,7,7,7,2,1,12,13,12,12 poly=1,16,105,374,812,1150,1106,737,341,107,21,2
SAMPLE n=16 alpha=11 par=0,1,2,3,4,4,2,7,7,7,2,1,12,13,1,1 poly=1,16,105,374,808,1126,1051,667,285,79,13,1
SAMPLE n=16 alpha=10 par=0,1,2,3,4,4,2,7,7,7,1,11,12,11,14,11 poly=1,16,105,372,793,1077,956,553,201,42,4
SAMPLE n=16 alpha=11 par=0,1,2,3,4,4,2,7,2,2,2,2,1,13,14,1 poly=1,16,105,381,866,1316,1376,992,483,151,27,2
SAMPLE n=16 alpha=11 par=0,1,2,3,4,4,2,7,2,2,2,1,12,13,14,12 poly=1,16,105,376,828,1202,1198,830,394,123,23,2
SAMPLE n=16 alpha=11 par=0,1,2,3,4,4,2,7,2,2,1,11,12,12,1,1 poly=1,16,105,375,817,1157,1109,737,341,107,21,2
SAMPLE n=16 alpha=10 par=0,1,2,3,4,4,2,7,2,2,1,11,12,11,14,1 poly=1,16,105,373,797,1076,936,522,179,33,2
SAMPLE n=16 alpha=10 par=0,1,2,3,4,4,2,7,2,2,1,11,12,11,11,1 poly=1,16,105,375,817,1153,1086,686,283,70,8
SAMPLE n=16 alpha=10 par=0,1,2,3,4,4,2,7,2,2,1,11,12,11,1,1 poly=1,16,105,375,814,1134,1040,630,246,57,6
SAMPLE n=16 alpha=11 par=0,1,2,3,4,4,2,2,2,2,2,1,12,13,14,13 poly=1,16,105,381,876,1378,1527,1192,644,231,50,5
SAMPLE n=16 alpha=12 par=0,1,2,3,4,4,2,2,2,2,1,11,12,13,11,11 poly=1,16,105,378,852,1310,1445,1159,673,277,77,13,1
SAMPLE n=16 alpha=11 par=0,1,2,3,4,4,2,2,2,2,1,11,12,11,14,1 poly=1,16,105,377,836,1226,1232,851,393,114,18,1
SAMPLE n=16 alpha=11 par=0,1,2,3,4,4,2,2,2,2,1,11,12,1,14,14 poly=1,16,105,377,837,1239,1281,933,471,158,32,3
SAMPLE n=16 alpha=12 par=0,1,2,3,4,4,2,2,2,2,1,11,12,1,1,1 poly=1,16,105,381,869,1342,1469,1167,674,277,77,13,1
SAMPLE n=16 alpha=10 par=0,1,2,3,4,4,2,1,8,9,10,9,12,8,14,14 poly=1,16,105,369,763,966,763,378,113,18,1
SAMPLE n=16 alpha=10 par=0,1,2,3,4,4,2,1,8,9,10,9,12,8,1,15 poly=1,16,105,369,761,950,718,326,90,14,1
SAMPLE n=16 alpha=10 par=0,1,2,3,4,4,2,1,8,9,10,9,9,9,8,15 poly=1,16,105,373,801,1102,1002,605,236,55,6
SAMPLE n=16 alpha=10 par=0,1,2,3,4,4,2,1,8,9,10,9,9,8,8,1 poly=1,16,105,373,799,1087,960,550,199,42,4
SAMPLE n=16 alpha=9 par=0,1,2,3,4,4,2,1,8,9,10,9,8,13,14,13 poly=1,16,105,369,763,965,756,363,101,13
SAMPLE n=16 alpha=9 par=0,1,2,3,4,4,2,1,8,9,10,9,8,13,8,15 poly=1,16,105,370,770,981,771,371,105,14
SAMPLE n=16 alpha=10 par=0,1,2,3,4,4,2,1,8,9,10,9,1,13,13,13 poly=1,16,105,371,784,1050,924,541,206,47,5
SAMPLE n=16 alpha=10 par=0,1,2,3,4,4,2,1,8,9,10,8,12,13,8,15 poly=1,16,105,369,762,960,753,377,121,23,2
SAMPLE n=16 alpha=11 par=0,1,2,3,4,4,2,1,8,9,10,8,12,12,12,12 poly=1,16,105,373,804,1126,1069,693,302,85,14,1
SAMPLE n=16 alpha=11 par=0,1,2,3,4,4,2,1,8,9,10,8,12,12,8,8 poly=1,16,105,373,800,1098,1002,624,267,76,13,1
SAMPLE n=16 alpha=10 par=0,1,2,3,4,4,2,1,8,9,10,8,12,12,1,15 poly=1,16,105,369,762,960,750,365,107,17,1
SAMPLE n=16 alpha=10 par=0,1,2,3,4,4,2,1,8,9,10,8,12,8,14,8 poly=1,16,105,372,789,1051,901,504,183,40,4
SAMPLE n=16 alpha=9 par=0,1,2,3,4,4,2,1,8,9,10,8,12,8,14,1 poly=1,16,105,370,769,974,752,346,89,10
SAMPLE n=16 alpha=10 par=0,1,2,3,4,4,2,1,8,9,10,8,12,8,1,15 poly=1,16,105,370,770,983,781,390,123,23,2
SAMPLE n=16 alpha=10 par=0,1,2,3,4,4,2,1,8,9,10,1,12,12,1,15 poly=1,16,105,370,769,976,761,362,103,16,1
SAMPLE n=16 alpha=9 par=0,1,2,3,4,3,6,3,8,2,10,11,1,13,14,15 poly=1,16,105,368,748,890,588,186,20,1
SAMPLE n=16 alpha=9 par=0,1,2,3,4,3,6,3,8,2,10,10,10,1,14,15 poly=1,16,105,371,778,1007,810,395,106,11
SAMPLE n=16 alpha=9 par=0,1,2,3,4,3,6,3,8,2,10,2,2,1,14,15 poly=1,16,105,373,791,1035,829,385,89,6
SAMPLE n=16 alpha=9 par=0,1,2,3,4,3,6,3,8,2,1,11,12,13,12,1 poly=1,16,105,370,768,963,713,287,51,2
SAMPLE n=16 alpha=9 par=0,1,2,3,4,3,6,3,8,2,1,11,12,13,1,1 poly=1,16,105,371,777,996,773,341,71,3
SAMPLE n=16 alpha=9 par=0,1,2,3,4,3,6,3,8,2,1,11,12,1,14,15 poly=1,16,105,369,757,920,635,221,30,1
SAMPLE n=16 alpha=9 par=0,1,2,3,4,3,6,3,3,1,10,11,12,11,14,10 poly=1,16,105,372,789,1042,854,412,101,8
SAMPLE n=16 alpha=9 par=0,1,2,3,4,3,6,3,3,1,10,11,12,10,1,15 poly=1,16,105,372,789,1046,870,436,117,12
SAMPLE n=16 alpha=10 par=0,1,2,3,4,3,6,2,8,2,2,2,1,13,14,1 poly=1,16,105,376,818,1132,1007,563,185,31,2
SAMPLE n=16 alpha=9 par=0,1,2,3,4,3,6,2,8,2,1,11,12,13,1,15 poly=1,16,105,369,757,922,644,233,35,2
SAMPLE n=16 alpha=9 par=0,1,2,3,4,3,6,2,8,2,1,11,12,11,1,1 poly=1,16,105,372,784,1015,799,361,81,6
SAMPLE n=16 alpha=10 par=0,1,2,3,4,3,6,2,2,1,10,11,10,10,1,15 poly=1,16,105,372,787,1037,863,453,147,27,2
SAMPLE n=16 alpha=12 par=0,1,2,3,4,3,3,3,3,3,3,3,3,1,14,15 poly=1,16,105,400,1019,1822,2324,2122,1373,611,176,29,2
SAMPLE n=16 alpha=10 par=0,1,2,3,4,3,3,3,3,3,2,1,12,13,14,13 poly=1,16,105,381,870,1330,1390,982,448,119,14
SAMPLE n=16 alpha=11 par=0,1,2,3,4,3,3,3,3,3,2,1,12,13,12,12 poly=1,16,105,383,890,1406,1550,1194,630,217,44,4
SAMPLE n=16 alpha=10 par=0,1,2,3,4,3,3,3,3,3,2,1,12,13,12,1 poly=1,16,105,382,878,1357,1440,1037,484,132,16
SAMPLE n=16 alpha=10 par=0,1,2,3,4,3,3,3,3,3,1,11,12,13,11,15 poly=1,16,105,380,864,1316,1367,952,423,108,12
SAMPLE n=16 alpha=11 par=0,1,2,3,4,3,3,3,3,3,1,11,12,13,11,1 poly=1,16,105,381,874,1358,1464,1087,539,168,29,2
SAMPLE n=16 alpha=12 par=0,1,2,3,4,3,3,3,3,3,1,11,12,1,1,1 poly=1,16,105,385,914,1520,1832,1615,1033,466,140,25,2
SAMPLE n=16 alpha=11 par=0,1,2,3,4,3,3,3,2,2,2,2,1,13,14,13 poly=1,16,105,381,868,1330,1423,1077,569,200,42,4
SAMPLE n=16 alpha=10 par=0,1,2,3,4,3,3,3,2,2,2,1,12,13,14,1 poly=1,16,105,377,831,1190,1135,721,296,72,8
SAMPLE n=16 alpha=10 par=0,1,2,3,4,3,3,3,2,2,1,11,12,13,12,12 poly=1,16,105,376,828,1190,1145,736,305,74,8
SAMPLE n=16 alpha=10 par=0,1,2,3,4,3,3,3,2,2,1,11,12,13,12,1 poly=1,16,105,375,816,1142,1049,627,233,48,4
SAMPLE n=16 alpha=9 par=0,1,2,3,4,3,3,2,8,9,8,2,1,13,14,15 poly=1,16,105,371,777,998,781,353,80,6
SAMPLE n=16 alpha=9 par=0,1,2,3,4,3,3,2,8,9,8,1,12,13,12,12 poly=1,16,105,372,791,1062,913,490,150,20
SAMPLE n=16 alpha=9 par=0,1,2,3,4,3,3,2,8,9,2,11,2,1,14,15 poly=1,16,105,373,792,1043,852,416,110,12
SAMPLE n=16 alpha=10 par=0,1,2,3,4,3,3,2,8,9,2,2,1,13,14,15 poly=1,16,105,373,795,1063,904,484,157,28,2
SAMPLE n=16 alpha=10 par=0,1,2,3,4,3,3,2,8,9,2,2,1,13,14,13 poly=1,16,105,374,805,1102,981,568,208,44,4
SAMPLE n=16 alpha=11 par=0,1,2,3,4,3,3,2,2,2,2,2,1,13,14,1 poly=1,16,105,383,880,1356,1440,1054,518,161,28,2
SAMPLE n=16 alpha=10 par=0,1,2,3,4,3,3,2,2,2,1,11,12,13,11,15 poly=1,16,105,374,807,1113,1005,593,220,46,4
SAMPLE n=16 alpha=10 par=0,1,2,3,4,3,3,1,8,9,10,8,12,12,12,12 poly=1,16,105,374,813,1152,1100,709,297,73,8
SAMPLE n=16 alpha=10 par=0,1,2,3,4,3,3,1,8,9,10,8,1,13,13,13 poly=1,16,105,372,793,1079,966,569,212,45,4
SAMPLE n=16 alpha=9 par=0,1,2,3,4,3,3,1,8,9,10,8,1,13,1,15 poly=1,16,105,371,779,1011,814,393,102,10
SAMPLE n=16 alpha=10 par=0,1,2,3,4,3,2,7,1,9,10,9,1,1,1,1 poly=1,16,105,377,831,1192,1142,726,291,65,6
SAMPLE n=16 alpha=10 par=0,1,2,3,4,3,2,7,1,9,10,1,12,12,12,1 poly=1,16,105,372,787,1039,869,456,144,25,2
SAMPLE n=16 alpha=9 par=0,1,2,3,4,3,2,2,1,9,10,1,12,13,1,15 poly=1,16,105,371,775,986,757,334,75,6
SAMPLE n=16 alpha=9 par=0,1,2,3,4,3,2,2,1,9,10,1,12,12,1,15 poly=1,16,105,372,784,1018,815,391,104,12
SAMPLE n=16 alpha=9 par=0,1,2,3,4,2,6,7,2,9,9,2,12,1,14,15 poly=1,16,105,371,773,974,732,313,69,6
SAMPLE n=16 alpha=9 par=0,1,2,3,4,2,6,7,2,9,1,11,12,13,11,1 poly=1,16,105,369,758,930,668,265,52,4
SAMPLE n=16 alpha=9 par=0,1,2,3,4,2,6,7,1,9,10,1,12,12,1,15 poly=1,16,105,369,757,925,660,261,52,4
SAMPLE n=16 alpha=10 par=0,1,2,3,4,2,6,6,2,9,2,2,1,13,14,1 poly=1,16,105,376,816,1119,976,530,170,29,2
SAMPLE n=16 alpha=9 par=0,1,2,3,4,2,6,6,2,9,2,1,12,13,14,1 poly=1,16,105,372,783,1010,792,361,86,8
SAMPLE n=16 alpha=9 par=0,1,2,3,4,2,6,6,2,9,1,11,12,13,11,1 poly=1,16,105,370,767,961,720,309,69,6
SAMPLE n=16 alpha=9 par=0,1,2,3,4,2,6,6,2,9,1,11,12,13,1,1 poly=1,16,105,371,776,995,787,378,102,12
SAMPLE n=16 alpha=9 par=0,1,2,3,4,2,6,2,2,1,10,11,12,1,14,15 poly=1,16,105,371,777,1000,792,373,95,10
SAMPLE n=16 alpha=11 par=0,1,2,3,4,2,2,1,8,9,10,8,8,1,14,14 poly=1,16,105,372,790,1065,955,594,258,75,13,1
SAMPLE n=16 alpha=13 par=0,1,2,3,3,3,3,3,3,1,10,11,11,11,1,1 poly=1,16,105,385,922,1575,1989,1891,1360,733,288,78,13,1
SAMPLE n=16 alpha=11 par=0,1,2,3,3,3,3,3,3,1,10,11,11,10,14,10 poly=1,16,105,383,897,1447,1647,1317,722,258,54,5
SAMPLE n=16 alpha=12 par=0,1,2,3,3,3,3,3,3,1,10,11,1,13,14,1 poly=1,16,105,382,888,1430,1645,1353,791,322,87,14,1
SAMPLE n=16 alpha=12 par=0,1,2,3,3,3,3,3,3,1,10,11,1,13,1,1 poly=1,16,105,385,916,1532,1857,1639,1044,468,140,25,2
SAMPLE n=16 alpha=11 par=0,1,2,3,3,3,3,2,8,1,10,11,11,1,14,14 poly=1,16,105,374,812,1152,1114,740,331,94,15,1
SAMPLE n=16 alpha=10 par=0,1,2,3,3,3,3,2,8,1,10,11,10,13,10,15 poly=1,16,105,374,809,1122,1018,595,207,34,1
SAMPLE n=16 alpha=10 par=0,1,2,3,3,3,3,2,8,1,10,11,10,13,1,15 poly=1,16,105,373,799,1090,973,564,197,35,2
SAMPLE n=16 alpha=11 par=0,1,2,3,3,3,3,2,8,1,10,11,10,13,1,1 poly=1,16,105,375,818,1162,1119,741,329,93,15,1
SAMPLE n=16 alpha=11 par=0,1,2,3,3,3,3,2,8,1,10,11,1,13,1,1 poly=1,16,105,377,836,1228,1246,884,430,136,25,2
SAMPLE n=16 alpha=11 par=0,1,2,3,3,3,3,2,1,9,10,10,10,9,14,1 poly=1,16,105,376,831,1216,1227,865,420,134,25,2
SAMPLE n=16 alpha=11 par=0,1,2,3,3,3,3,2,1,9,10,10,10,9,1,1 poly=1,16,105,378,850,1287,1366,1029,543,192,41,4
SAMPLE n=16 alpha=11 par=0,1,2,3,3,3,3,2,1,9,10,10,9,13,13,1 poly=1,16,105,375,821,1179,1157,788,369,115,22,2
SAMPLE n=16 alpha=11 par=0,1,2,3,3,3,3,2,1,9,10,10,1,13,13,1 poly=1,16,105,376,830,1213,1220,854,410,129,24,2
SAMPLE n=16 alpha=12 par=0,1,2,3,3,3,3,2,1,9,10,10,1,1,1,1 poly=1,16,105,382,887,1430,1669,1431,898,403,123,23,2
SAMPLE n=16 alpha=10 par=0,1,2,3,3,3,3,2,1,9,10,9,12,1,14,1 poly=1,16,105,375,817,1151,1076,662,253,52,4
SAMPLE n=16 alpha=11 par=0,1,2,3,3,3,3,2,1,9,10,9,12,1,1,1 poly=1,16,105,378,846,1263,1307,945,467,149,27,2
SAMPLE n=16 alpha=11 par=0,1,2,3,3,3,3,2,1,9,10,9,1,1,1,1 poly=1,16,105,382,882,1392,1557,1244,698,262,59,6
SAMPLE n=16 alpha=11 par=0,1,2,3,3,3,3,2,1,9,10,1,12,12,12,12 poly=1,16,105,378,851,1295,1384,1050,558,198,42,4
SAMPLE n=16 alpha=11 par=0,1,2,3,3,3,2,7,7,2,10,10,1,13,14,14 poly=1,16,105,373,798,1088,983,603,252,70,12,1
SAMPLE n=16 alpha=10 par=0,1,2,3,3,3,2,7,7,2,10,2,1,13,14,14 poly=1,16,105,375,813,1127,1023,609,231,51,5
SAMPLE n=16 alpha=10 par=0,1,2,3,3,3,2,7,7,2,10,1,12,13,13,12 poly=1,16,105,373,798,1083,957,553,203,43,4
SAMPLE n=16 alpha=10 par=0,1,2,3,3,3,2,7,7,2,10,1,12,13,12,12 poly=1,16,105,374,808,1122,1033,633,250,58,6
SAMPLE n=16 alpha=10 par=0,1,2,3,3,3,2,7,7,2,10,1,12,12,1,15 poly=1,16,105,373,795,1068,931,534,196,42,4
SAMPLE n=16 alpha=11 par=0,1,2,3,3,3,2,7,7,2,10,1,12,12,1,1 poly=1,16,105,375,813,1132,1048,658,280,78,13,1
SAMPLE n=16 alpha=11 par=0,1,2,3,3,3,2,7,7,2,2,2,1,13,13,1 poly=1,16,105,380,854,1266,1277,886,419,130,24,2
SAMPLE n=16 alpha=11 par=0,1,2,3,3,3,2,7,7,2,2,2,1,13,1,15 poly=1,16,105,379,843,1221,1183,773,337,94,15,1
SAMPLE n=16 alpha=10 par=0,1,2,3,3,3,2,7,7,2,2,1,12,1,14,1 poly=1,16,105,377,827,1167,1081,654,249,54,5
SAMPLE n=16 alpha=11 par=0,1,2,3,3,3,2,7,7,2,1,11,12,11,11,11 poly=1,16,105,377,839,1241,1264,894,432,136,25,2
SAMPLE n=16 alpha=11 par=0,1,2,3,3,3,2,7,7,2,1,11,11,11,1,1 poly=1,16,105,377,834,1213,1203,826,390,122,23,2
SAMPLE n=16 alpha=11 par=0,1,2,3,3,3,2,7,7,2,1,11,1,1,1,1 poly=1,16,105,381,868,1333,1431,1084,571,200,42,4
SAMPLE n=16 alpha=10 par=0,1,2,3,3,3,2,7,2,1,10,11,10,13,10,10 poly=1,16,105,376,827,1185,1134,723,297,72,8
SAMPLE n=16 alpha=10 par=0,1,2,3,3,3,2,7,2,1,10,11,1,13,13,13 poly=1,16,105,374,808,1124,1041,646,261,63,7
SAMPLE n=16 alpha=11 par=0,1,2,3,3,3,2,2,2,1,10,11,11,10,14,14 poly=1,16,105,376,829,1203,1193,821,389,122,23,2
SAMPLE n=16 alpha=11 par=0,1,2,3,3,3,2,2,2,1,10,11,10,1,1,1 poly=1,16,105,380,857,1283,1318,941,464,153,31,3
SAMPLE n=16 alpha=11 par=0,1,2,3,3,3,2,1,8,8,1,11,1,1,1,1 poly=1,16,105,384,891,1399,1531,1174,620,215,44,4
SAMPLE n=16 alpha=11 par=0,1,2,3,3,2,6,6,2,2,2,2,2,1,14,1 poly=1,16,105,388,913,1448,1584,1195,608,198,37,3
SAMPLE n=16 alpha=11 par=0,1,2,3,3,2,6,6,2,2,2,2,1,13,13,1 poly=1,16,105,383,877,1337,1393,995,478,147,26,2
SAMPLE n=16 alpha=10 par=0,1,2,3,3,2,6,6,2,2,2,1,12,13,12,15 poly=1,16,105,377,830,1181,1106,675,257,55,5
SAMPLE n=16 alpha=11 par=0,1,2,3,3,2,6,6,2,2,2,1,12,1,1,1 poly=1,16,105,382,868,1307,1342,946,451,139,25,2
SAMPLE n=16 alpha=11 par=0,1,2,3,3,2,6,6,2,2,1,11,12,12,1,1 poly=1,16,105,376,822,1161,1094,699,302,85,14,1
SAMPLE n=16 alpha=10 par=0,1,2,3,3,2,6,6,2,2,1,11,12,11,14,1 poly=1,16,105,374,802,1078,911,470,138,20,1
SAMPLE n=16 alpha=10 par=0,1,2,3,3,2,6,6,2,2,1,11,11,1,14,1 poly=1,16,105,376,818,1133,1013,577,200,38,3
SAMPLE n=16 alpha=11 par=0,1,2,3,3,2,6,2,8,2,2,2,2,2,1,15 poly=1,16,105,393,950,1563,1781,1399,739,249,48,4
SAMPLE n=16 alpha=10 par=0,1,2,3,3,2,6,2,8,2,2,2,1,13,14,1 poly=1,16,105,381,856,1247,1188,724,266,52,4
SAMPLE n=16 alpha=9 par=0,1,2,3,3,2,6,2,8,2,1,11,12,12,1,15 poly=1,16,105,373,793,1048,863,430,119,14
SAMPLE n=16 alpha=9 par=0,1,2,3,3,2,6,2,8,2,1,11,12,1,14,15 poly=1,16,105,372,782,1003,772,334,70,5
SAMPLE n=16 alpha=12 par=0,1,2,3,3,2,2,2,2,2,2,2,2,1,14,15 poly=1,16,105,401,1022,1831,2352,2178,1443,667,204,37,3
SAMPLE n=16 alpha=11 par=0,1,2,3,3,2,2,2,2,2,1,11,12,1,14,1 poly=1,16,105,383,879,1350,1425,1034,503,155,27,2
SAMPLE n=16 alpha=12 par=0,1,2,3,3,2,2,2,2,2,1,11,11,1,1,1 poly=1,16,105,387,913,1474,1685,1381,807,328,88,14,1
SAMPLE n=16 alpha=10 par=0,1,2,3,3,2,2,1,8,9,9,1,12,13,12,15 poly=1,16,105,371,780,1020,840,428,127,19,1
SAMPLE n=16 alpha=11 par=0,1,2,3,3,2,2,1,8,9,8,8,8,8,1,1 poly=1,16,105,381,868,1323,1388,1005,491,153,27,2
SAMPLE n=16 alpha=10 par=0,1,2,3,3,2,2,1,8,9,8,8,1,13,14,13 poly=1,16,105,373,798,1084,957,549,199,42,4
SAMPLE n=16 alpha=10 par=0,1,2,3,3,2,2,1,8,9,1,11,12,1,14,1 poly=1,16,105,374,801,1076,916,487,155,27,2
SAMPLE n=16 alpha=9 par=0,1,2,3,3,2,2,1,8,9,1,11,1,13,1,15 poly=1,16,105,374,798,1054,855,406,101,10
SAMPLE n=16 alpha=10 par=0,1,2,3,3,1,6,7,6,9,6,11,6,6,6,1 poly=1,16,105,381,861,1275,1254,808,327,76,8
SAMPLE n=16 alpha=10 par=0,1,2,3,3,1,6,7,6,9,1,11,11,1,14,1 poly=1,16,105,373,793,1052,883,467,151,27,2
SAMPLE n=16 alpha=11 par=0,1,2,3,3,1,6,7,6,9,1,11,1,1,1,1 poly=1,16,105,381,865,1312,1372,991,483,151,27,2
SAMPLE n=16 alpha=10 par=0,1,2,3,3,1,6,7,6,6,6,6,1,13,14,13 poly=1,16,105,377,836,1224,1216,814,352,89,10
SAMPLE n=16 alpha=11 par=0,1,2,3,3,1,6,7,6,6,6,1,12,12,1,1 poly=1,16,105,378,840,1227,1219,835,392,122,23,2
SAMPLE n=16 alpha=9 par=0,1,2,3,3,1,6,7,6,6,1,11,12,11,1,15 poly=1,16,105,372,786,1033,854,435,126,16
SAMPLE n=16 alpha=10 par=0,1,2,3,3,1,6,7,6,6,1,11,11,1,14,14 poly=1,16,105,373,796,1075,947,548,202,43,4
SAMPLE n=16 alpha=11 par=0,1,2,3,3,1,6,7,6,1,10,10,10,10,10,10 poly=1,16,105,382,884,1406,1578,1247,680,244,52,5
SAMPLE n=16 alpha=10 par=0,1,2,3,3,1,6,7,6,1,10,10,10,1,14,14 poly=1,16,105,373,797,1083,970,578,222,50,5
SAMPLE n=16 alpha=10 par=0,1,2,3,3,1,6,7,6,1,10,10,10,1,14,1 poly=1,16,105,375,812,1124,1022,614,238,55,6
SAMPLE n=16 alpha=10 par=0,1,2,3,2,5,2,7,2,2,2,2,1,13,14,13 poly=1,16,105,386,903,1420,1523,1098,508,136,16
SAMPLE n=16 alpha=10 par=0,1,2,3,2,5,2,7,2,2,2,2,1,13,1,15 poly=1,16,105,386,896,1381,1428,969,406,92,8
SAMPLE n=16 alpha=10 par=0,1,2,3,2,5,2,7,2,2,2,1,12,13,1,1 poly=1,16,105,382,865,1281,1258,809,327,76,8
SAMPLE n=16 alpha=9 par=0,1,2,3,2,5,2,7,2,2,1,11,1,13,1,15 poly=1,16,105,377,821,1123,955,474,116,8
SAMPLE n=16 alpha=11 par=0,1,2,3,2,5,2,2,2,2,2,2,1,13,14,13 poly=1,16,105,393,963,1634,1953,1639,946,358,80,8
SAMPLE n=16 alpha=11 par=0,1,2,3,2,5,2,2,2,2,2,2,1,13,1,1 poly=1,16,105,395,969,1640,1955,1639,946,358,80,8
SAMPLE n=16 alpha=11 par=0,1,2,3,2,5,2,2,2,2,1,11,12,11,11,11 poly=1,16,105,385,909,1483,1724,1434,837,326,76,8
SAMPLE n=16 alpha=10 par=0,1,2,3,2,5,2,2,2,2,1,11,12,11,1,1 poly=1,16,105,383,878,1338,1381,955,423,108,12
SAMPLE n=16 alpha=9 par=0,1,2,3,2,5,2,1,8,9,8,8,8,1,14,1 poly=1,16,105,376,820,1143,1030,585,192,28
SAMPLE n=16 alpha=10 par=0,1,2,3,2,5,2,1,8,9,8,1,1,1,1,1 poly=1,16,105,383,878,1344,1408,1002,463,125,15
SAMPLE n=16 alpha=9 par=0,1,2,3,2,1,6,7,6,1,10,10,1,13,13,1 poly=1,16,105,374,798,1057,869,428,115,13
SAMPLE n=16 alpha=13 par=0,1,2,2,2,2,2,2,2,1,10,10,1,1,1,1 poly=1,16,105,396,990,1762,2311,2263,1653,889,342,89,14,1
SAMPLE n=16 alpha=13 par=0,1,2,2,2,2,2,2,2,1,10,1,1,1,1,1 poly=1,16,105,400,1021,1877,2575,2670,2087,1211,506,144,25,2
SAMPLE n=16 alpha=10 par=0,1,2,2,2,2,1,7,1,9,1,11,1,13,1,15 poly=1,16,105,380,845,1208,1126,676,244,41,1
SAMPLE n=16 alpha=11 par=0,1,2,2,1,5,5,1,8,8,1,11,11,1,14,14 poly=1,16,105,375,805,1083,937,540,215,60,11,1
TOP5 rank=0 n=16 alpha=14 k=7 q=9 num=2731480 den=11833600 par=0,1,2,2,2,2,2,2,2,1,10,10,10,10,10,10 poly=1,16,105,400,1056,2052,3030,3440,3004,2002,1001,364,91,14,1
TOP5 rank=1 n=16 alpha=13 k=7 q=9 num=870841 den=3575881 par=0,1,2,3,3,3,3,3,3,1,10,11,11,11,1,1 poly=1,16,105,385,922,1575,1989,1891,1360,733,288,78,13,1
TOP5 rank=2 n=16 alpha=13 k=6 q=9 num=1619035 den=6630625 par=0,1,2,2,2,2,2,2,2,1,10,1,1,1,1,1 poly=1,16,105,400,1021,1877,2575,2670,2087,1211,506,144,25,2
TOP5 rank=3 n=16 alpha=13 k=6 q=9 num=1621877 den=6604900 par=0,1,2,2,2,2,2,2,2,1,10,10,10,10,10,1 poly=1,16,105,396,1011,1867,2570,2669,2087,1211,506,144,25,2
TOP5 rank=4 n=16 alpha=13 k=7 q=9 num=948385 den=3845521 par=0,1,2,3,3,3,3,3,3,1,10,11,11,11,11,1 poly=1,16,105,386,932,1606,2046,1961,1416,761,296,79,13,1
TOP5 rank=5 n=16 alpha=13 k=7 q=9 num=949801 den=3845521 par=0,1,2,3,3,3,3,3,3,1,10,11,11,1,1,1 poly=1,16,105,386,930,1603,2045,1961,1416,761,296,79,13,1
TOP5 rank=6 n=16 alpha=13 k=6 q=9 num=1229104 den=4950625 par=0,1,2,3,3,3,3,3,3,1,10,11,11,11,11,11 poly=1,16,105,389,960,1697,2225,2193,1619,880,341,89,14,1
TOP5 rank=7 n=16 alpha=13 k=6 q=9 num=1226169 den=4932841 par=0,1,2,3,3,3,3,3,3,1,10,11,1,1,1,1 poly=1,16,105,389,956,1691,2221,2192,1619,880,341,89,14,1
TOP5 rank=8 n=16 alpha=13 k=7 q=9 num=1931585 den=7728400 par=0,1,2,2,2,2,1,7,1,1,1,1,1,1,1,1 poly=1,16,105,406,1057,1969,2705,2780,2143,1227,508,144,25,2
TOP5 rank=9 n=16 alpha=13 k=7 q=9 num=1036461 den=4124961 par=0,1,2,2,2,2,2,2,2,1,10,10,10,1,14,14 poly=1,16,105,390,954,1664,2130,2031,1450,770,297,79,13,1
TOP5 rank=10 n=16 alpha=13 k=6 q=9 num=1302504 den=5157441 par=0,1,2,2,2,2,2,2,2,1,10,10,10,10,1,15 poly=1,16,105,392,973,1731,2271,2227,1632,882,341,89,14,1
TOP5 rank=11 n=16 alpha=13 k=6 q=9 num=1353315 den=5340721 par=0,1,2,2,2,2,2,2,2,1,10,10,1,1,1,1 poly=1,16,105,396,990,1762,2311,2263,1653,889,342,89,14,1
TOP4 rank=0 n=16 alpha=14 k=7 q=9 num=2731480 den=11833600 par=0,1,2,2,2,2,2,2,2,1,10,10,10,10,10,10 poly=1,16,105,400,1056,2052,3030,3440,3004,2002,1001,364,91,14,1
TOP4 rank=1 n=16 alpha=13 k=7 q=9 num=870841 den=3575881 par=0,1,2,3,3,3,3,3,3,1,10,11,11,11,1,1 poly=1,16,105,385,922,1575,1989,1891,1360,733,288,78,13,1
TOP4 rank=2 n=16 alpha=13 k=6 q=9 num=1619035 den=6630625 par=0,1,2,2,2,2,2,2,2,1,10,1,1,1,1,1 poly=1,16,105,400,1021,1877,2575,2670,2087,1211,506,144,25,2
TOP4 rank=3 n=16 alpha=13 k=6 q=9 num=1621877 den=6604900 par=0,1,2,2,2,2,2,2,2,1,10,10,10,10,10,1 poly=1,16,105,396,1011,1867,2570,2669,2087,1211,506,144,25,2
TOP4 rank=4 n=16 alpha=13 k=7 q=9 num=948385 den=3845521 par=0,1,2,3,3,3,3,3,3,1,10,11,11,11,11,1 poly=1,16,105,386,932,1606,2046,1961,1416,761,296,79,13,1
TOP4 rank=5 n=16 alpha=13 k=7 q=9 num=949801 den=3845521 par=0,1,2,3,3,3,3,3,3,1,10,11,11,1,1,1 poly=1,16,105,386,930,1603,2045,1961,1416,761,296,79,13,1
TOP4 rank=6 n=16 alpha=13 k=6 q=9 num=1229104 den=4950625 par=0,1,2,3,3,3,3,3,3,1,10,11,11,11,11,11 poly=1,16,105,389,960,1697,2225,2193,1619,880,341,89,14,1
TOP4 rank=7 n=16 alpha=13 k=6 q=9 num=1226169 den=4932841 par=0,1,2,3,3,3,3,3,3,1,10,11,1,1,1,1 poly=1,16,105,389,956,1691,2221,2192,1619,880,341,89,14,1
TOP4 rank=8 n=16 alpha=13 k=7 q=9 num=1931585 den=7728400 par=0,1,2,2,2,2,1,7,1,1,1,1,1,1,1,1 poly=1,16,105,406,1057,1969,2705,2780,2143,1227,508,144,25,2
TOP4 rank=9 n=16 alpha=13 k=7 q=9 num=1036461 den=4124961 par=0,1,2,2,2,2,2,2,2,1,10,10,10,1,14,14 poly=1,16,105,390,954,1664,2130,2031,1450,770,297,79,13,1
TOP4 rank=10 n=16 alpha=13 k=6 q=9 num=1302504 den=5157441 par=0,1,2,2,2,2,2,2,2,1,10,10,10,10,1,15 poly=1,16,105,392,973,1731,2271,2227,1632,882,341,89,14,1
TOP4 rank=11 n=16 alpha=13 k=6 q=9 num=1353315 den=5340721 par=0,1,2,2,2,2,2,2,2,1,10,10,1,1,1,1 poly=1,16,105,396,990,1762,2311,2263,1653,889,342,89,14,1
VDMIN_FLOAT n=16 value=0.65504780171 k=6 alpha=9 q=6 lambda=1.87409438731 V=1.45874658343 delta=0.449048387945 par=0,1,2,3,3,1,6,7,6,9,6,11,6,13,6,15 poly=1,16,105,375,806,1072,861,381,72,1
PERK n=16 alpha=14 k=4 q=9 num=294336 den=1115136 par=0,1,2,2,2,2,2,2,2,1,10,10,10,10,10,10
PERK n=16 alpha=14 k=5 q=9 num=1011024 den=4210704 par=0,1,2,2,2,2,2,2,2,1,10,10,10,10,10,10
PERK n=16 alpha=14 k=6 q=9 num=2122020 den=9180900 par=0,1,2,2,2,2,2,2,2,1,10,10,10,10,10,10
PERK n=16 alpha=14 k=7 q=9 num=2731480 den=11833600 par=0,1,2,2,2,2,2,2,2,1,10,10,10,10,10,10
PERK n=16 alpha=14 k=8 q=9 num=2137136 den=9024016 par=0,1,2,2,2,2,2,2,2,1,10,10,10,10,10,10
PERK n=16 alpha=14 k=9 q=9 num=1001000 den=4008004 par=0,1,2,2,2,2,2,2,2,1,10,10,10,10,10,10
PERALPHA n=16 alpha=8 k=4 q=5 num=250137 den=657721 par=0,1,2,3,2,1,6,7,6,1,10,1,12,1,14,1
PERALPHA n=16 alpha=9 k=5 q=6 num=538377 den=1570009 par=0,1,2,3,2,5,2,7,2,2,2,1,12,13,12,15
PERALPHA n=16 alpha=10 k=5 q=7 num=555296 den=1795600 par=0,1,2,3,3,3,3,3,2,1,10,1,12,1,14,1
PERALPHA n=16 alpha=11 k=6 q=7 num=654587 den=2325625 par=0,1,2,3,4,4,4,4,2,9,2,2,2,1,14,15
PERALPHA n=16 alpha=12 k=6 q=8 num=663616 den=2547216 par=0,1,2,3,3,3,3,2,1,9,10,10,10,1,1,1
PERALPHA n=16 alpha=13 k=7 q=9 num=870841 den=3575881 par=0,1,2,3,3,3,3,3,3,1,10,11,11,11,1,1
PERALPHA n=16 alpha=14 k=7 q=9 num=2731480 den=11833600 par=0,1,2,2,2,2,2,2,2,1,10,10,10,10,10,10
TOPQ n=16 alpha=14 k=9 q=9 num=1001000 den=4008004 par=0,1,2,2,2,2,2,2,2,1,10,10,10,10,10,10
NEWTON n=16 alpha=11 k=7 q=7 num=7789960 den=8127948 par=0,1,2,3,4,5,5,5,3,3,1,11,12,13,1,1
NEWTONFAIL_DIST n=16 q_minus_k=0 trees=112
NEWTONFAIL_DIST n=16 q_minus_k=1 trees=24
NEWTONFAIL_DIST n=16 q_minus_k=2 trees=8
NEWTONFAIL_DIST n=16 q_minus_k=3 trees=8
NEWTONFAIL_DIST n=16 q_minus_k=4 trees=2
NEWTONFAIL_DIST n=16 q_minus_k=5 trees=3
VDBIN_FLOAT n=16 bin_lo=0 value=0.65504780171 k=6 alpha=9 q=6 lambda=1.87409438731 V=1.45874658343 delta=0.449048387945 par=0,1,2,3,3,1,6,7,6,9,6,11,6,13,6,15
VDBIN_FLOAT n=16 bin_lo=2 value=0.694858689931 k=7 alpha=10 q=7 lambda=2.33611094885 V=2.05831935274 delta=0.337585462143 par=0,1,2,3,4,5,5,4,8,8,3,3,1,13,14,15
STATS n=16 trees=3794 viol5=0 viol4=0 zero5=0 zero4=0 nonunimodal=0 sampled=395 newton_fail_trees=157
