SAMPLE n=16 alpha=9 par=0,1,2,3,4,5,6,6,6,5,2,1,12,13,14,15 poly=1,16,105,369,765,977,779,381,106,13
SAMPLE n=16 alpha=10 par=0,1,2,3,4,5,6,6,6,5,1,11,12,13,14,14 poly=1,16,105,369,766,985,802,411,126,20,1
SAMPLE n=16 alpha=10 par=0,1,2,3,4,5,6,6,6,1,10,11,12,13,13,13 poly=1,16,105,370,779,1046,935,560,218,50,5
SAMPLE n=16 alpha=10 par=0,1,2,3,4,5,6,6,6,1,10,11,12,13,11,10 poly=1,16,105,369,766,985,803,412,125,19,1
SAMPLE n=16 alpha=10 par=0,1,2,3,4,5,6,6,6,1,10,11,12,13,11,1 poly=1,16,105,369,767,994,832,456,158,32,3
SAMPLE n=16 alpha=10 par=0,1,2,3,4,5,6,6,4,3,3,1,12,13,14,15 poly=1,16,105,369,764,972,772,379,110,17,1
SAMPLE n=16 alpha=10 par=0,1,2,3,4,5,6,6,3,3,3,1,12,13,14,15 poly=1,16,105,371,785,1055,927,524,179,32,2
SAMPLE n=16 alpha=8 par=0,1,2,3,4,5,6,5,8,5,4,1,12,13,14,15 poly=1,16,105,368,751,909,630,223,29
SAMPLE n=16 alpha=8 par=0,1,2,3,4,5,6,5,8,5,1,11,12,13,14,15 poly=1,16,105,367,743,886,600,205,25
SAMPLE n=16 alpha=8 par=0,1,2,3,4,5,6,5,8,1,10,11,12,13,12,15 poly=1,16,105,366,733,848,533,152,11
SAMPLE n=16 alpha=9 par=0,1,2,3,4,5,6,5,8,1,10,11,12,13,12,12 poly=1,16,105,368,754,930,682,279,53,2
SAMPLE n=16 alpha=9 par=0,1,2,3,4,5,6,5,5,1,10,11,12,13,14,10 poly=1,16,105,368,755,939,709,313,72,6
SAMPLE n=16 alpha=9 par=0,1,2,3,4,5,6,4,8,8,8,1,12,13,14,15 poly=1,16,105,368,754,935,708,320,77,7
SAMPLE n=16 alpha=9 par=0,1,2,3,4,5,6,4,8,8,3,1,12,13,14,15 poly=1,16,105,367,743,890,623,245,48,3
SAMPLE n=16 alpha=8 par=0,1,2,3,4,5,6,4,8,1,10,11,12,13,10,15 poly=1,16,105,366,733,850,544,169,18
SAMPLE n=16 alpha=9 par=0,1,2,3,4,5,6,4,4,1,10,11,12,13,10,1 poly=1,16,105,369,764,970,763,364,97,11
SAMPLE n=16 alpha=9 par=0,1,2,3,4,5,6,4,1,9,10,11,12,13,11,1 poly=1,16,105,367,745,903,651,270,58,5
SAMPLE n=16 alpha=9 par=0,1,2,3,4,5,6,4,1,9,10,11,12,13,10,10 poly=1,16,105,368,755,941,721,334,85,9
SAMPLE n=16 alpha=9 par=0,1,2,3,4,5,6,4,1,9,10,11,12,13,1,15 poly=1,16,105,366,734,858,565,192,28,1
SAMPLE n=16 alpha=8 par=0,1,2,3,4,5,6,3,2,1,10,11,12,13,10,1 poly=1,16,105,368,752,918,656,252,40
SAMPLE n=16 alpha=9 par=0,1,2,3,4,5,6,2,8,2,1,11,12,13,14,15 poly=1,16,105,367,743,888,610,221,35,2
SAMPLE n=16 alpha=11 par=0,1,2,3,4,5,5,5,5,3,1,11,12,13,13,12 poly=1,16,105,373,807,1144,1109,741,332,94,15,1
SAMPLE n=16 alpha=10 par=0,1,2,3,4,5,5,5,5,3,1,11,12,13,11,15 poly=1,16,105,372,796,1100,1023,640,256,59,6
SAMPLE n=16 alpha=11 par=0,1,2,3,4,5,5,5,5,3,1,11,12,13,1,1 poly=1,16,105,374,817,1185,1201,864,437,149,31,3
SAMPLE n=16 alpha=11 par=0,1,2,3,4,5,5,5,4,4,4,1,12,13,14,12 poly=1,16,105,374,810,1132,1055,666,284,79,13,1
SAMPLE n=16 alpha=10 par=0,1,2,3,4,5,5,5,4,4,2,1,12,13,14,15 poly=1,16,105,371,783,1040,893,500,180,39,4
SAMPLE n=16 alpha=9 par=0,1,2,3,4,5,5,5,3,9,10,9,1,13,14,15 poly=1,16,105,369,765,980,793,400,115,14
SAMPLE n=16 alpha=10 par=0,1,2,3,4,5,5,5,3,9,9,1,12,13,14,14 poly=1,16,105,370,777,1033,905,525,195,42,4
SAMPLE n=16 alpha=10 par=0,1,2,3,4,5,5,5,3,9,9,1,12,13,14,13 poly=1,16,105,370,776,1024,877,486,165,30,2
SAMPLE n=16 alpha=10 par=0,1,2,3,4,5,5,5,3,9,3,1,12,13,14,14 poly=1,16,105,371,786,1064,961,587,235,56,6
SAMPLE n=16 alpha=9 par=0,1,2,3,4,5,5,5,3,9,2,11,1,13,14,15 poly=1,16,105,369,764,973,777,384,106,12
SAMPLE n=16 alpha=9 par=0,1,2,3,4,5,5,5,3,9,1,11,12,13,14,11 poly=1,16,105,369,766,987,812,423,128,17
SAMPLE n=16 alpha=10 par=0,1,2,3,4,5,5,5,3,9,1,11,12,13,14,1 poly=1,16,105,369,766,988,818,437,144,26,2
SAMPLE n=16 alpha=10 par=0,1,2,3,4,5,5,5,3,9,1,11,12,13,12,12 poly=1,16,105,371,786,1060,941,552,206,44,4
SAMPLE n=16 alpha=9 par=0,1,2,3,4,5,5,5,3,9,1,11,12,13,12,11 poly=1,16,105,370,775,1015,851,452,140,19
SAMPLE n=16 alpha=9 par=0,1,2,3,4,5,5,5,3,9,1,11,12,13,11,15 poly=1,16,105,369,765,979,791,400,115,14
SAMPLE n=16 alpha=10 par=0,1,2,3,4,5,5,5,3,9,1,11,12,13,11,11 poly=1,16,105,371,786,1062,952,571,221,50,5
SAMPLE n=16 alpha=10 par=0,1,2,3,4,5,5,5,2,9,10,10,1,13,14,15 poly=1,16,105,369,767,995,834,453,152,28,2
SAMPLE n=16 alpha=10 par=0,1,2,3,4,5,5,5,2,9,9,1,12,13,14,15 poly=1,16,105,369,766,986,806,416,128,20,1
SAMPLE n=16 alpha=10 par=0,1,2,3,4,5,5,5,2,9,9,1,12,13,14,1 poly=1,16,105,370,775,1017,861,473,164,33,3
SAMPLE n=16 alpha=9 par=0,1,2,3,4,5,5,5,2,9,1,11,12,13,14,13 poly=1,16,105,369,766,984,795,396,111,13
SAMPLE n=16 alpha=10 par=0,1,2,3,4,5,5,5,2,9,1,11,12,13,14,12 poly=1,16,105,369,766,985,801,407,121,18,1
SAMPLE n=16 alpha=10 par=0,1,2,3,4,5,5,5,2,9,1,11,12,13,12,1 poly=1,16,105,370,775,1015,850,453,147,26,2
SAMPLE n=16 alpha=10 par=0,1,2,3,4,5,5,5,2,9,1,11,12,13,11,11 poly=1,16,105,371,786,1062,951,569,220,50,5
SAMPLE n=16 alpha=10 par=0,1,2,3,4,5,5,5,1,9,10,11,11,10,14,14 poly=1,16,105,370,776,1024,882,502,184,40,4
SAMPLE n=16 alpha=10 par=0,1,2,3,4,5,5,5,1,9,10,11,11,10,1,15 poly=1,16,105,370,776,1022,868,475,160,29,2
SAMPLE n=16 alpha=10 par=0,1,2,3,4,5,5,5,1,9,10,11,11,9,14,9 poly=1,16,105,371,786,1062,953,575,227,54,6
SAMPLE n=16 alpha=10 par=0,1,2,3,4,5,5,5,1,9,10,11,11,9,1,15 poly=1,16,105,370,776,1024,881,502,184,40,4
SAMPLE n=16 alpha=10 par=0,1,2,3,4,5,5,5,1,9,10,11,11,1,14,14 poly=1,16,105,370,777,1031,896,515,190,41,4
SAMPLE n=16 alpha=10 par=0,1,2,3,4,5,5,5,1,9,10,11,11,1,14,1 poly=1,16,105,371,786,1060,939,549,205,44,4
SAMPLE n=16 alpha=10 par=0,1,2,3,4,5,5,5,1,9,10,11,10,13,9,1 poly=1,16,105,370,774,1007,830,430,132,20,1
SAMPLE n=16 alpha=10 par=0,1,2,3,4,5,5,5,1,9,10,11,10,13,1,1 poly=1,16,105,371,786,1061,946,563,218,50,5
SAMPLE n=16 alpha=11 par=0,1,2,3,4,5,5,5,1,9,10,11,10,1,1,1 poly=1,16,105,374,816,1176,1170,817,396,127,24,2
SAMPLE n=16 alpha=9 par=0,1,2,3,4,5,5,5,1,9,10,11,9,13,1,15 poly=1,16,105,369,764,971,770,377,104,12
SAMPLE n=16 alpha=9 par=0,1,2,3,4,5,5,4,3,1,10,11,12,13,12,10 poly=1,16,105,369,764,969,758,356,92,10
SAMPLE n=16 alpha=10 par=0,1,2,3,4,5,5,4,3,1,10,11,12,13,11,11 poly=1,16,105,370,774,1007,832,437,142,26,2
SAMPLE n=16 alpha=9 par=0,1,2,3,4,5,5,4,2,1,10,11,12,11,10,15 poly=1,16,105,369,763,962,741,337,82,8
SAMPLE n=16 alpha=10 par=0,1,2,3,4,5,5,3,8,3,3,3,1,13,14,15 poly=1,16,105,375,818,1161,1107,709,294,72,8
SAMPLE n=16 alpha=10 par=0,1,2,3,4,5,5,3,8,3,2,2,1,13,14,15 poly=1,16,105,371,780,1021,848,446,144,26,2
SAMPLE n=16 alpha=10 par=0,1,2,3,4,5,5,3,8,3,2,1,12,13,14,14 poly=1,16,105,370,773,1003,827,435,142,26,2
SAMPLE n=16 alpha=10 par=0,1,2,3,4,5,5,3,8,3,1,11,12,13,11,1 poly=1,16,105,370,773,1003,828,438,145,27,2
SAMPLE n=16 alpha=10 par=0,1,2,3,4,5,5,3,3,2,2,1,12,13,14,15 poly=1,16,105,371,782,1035,885,495,179,39,4
SAMPLE n=16 alpha=10 par=0,1,2,3,4,5,5,3,3,2,1,11,12,13,11,1 poly=1,16,105,371,782,1034,881,488,172,35,3
SAMPLE n=16 alpha=9 par=0,1,2,3,4,5,5,3,2,1,10,11,12,13,12,15 poly=1,16,105,368,754,932,694,303,72,7
SAMPLE n=16 alpha=10 par=0,1,2,3,4,5,5,3,2,1,10,11,12,13,12,10 poly=1,16,105,369,765,979,792,408,131,24,2
SAMPLE n=16 alpha=10 par=0,1,2,3,4,5,5,2,8,8,2,2,1,13,14,15 poly=1,16,105,372,790,1057,906,491,160,28,2
SAMPLE n=16 alpha=10 par=0,1,2,3,4,5,5,2,8,8,1,11,12,13,14,14 poly=1,16,105,368,756,949,742,360,104,16,1
SAMPLE n=16 alpha=9 par=0,1,2,3,4,5,5,2,2,1,10,11,12,13,1,15 poly=1,16,105,369,763,965,754,356,92,10
SAMPLE n=16 alpha=10 par=0,1,2,3,4,5,5,1,8,9,10,9,12,9,9,9 poly=1,16,105,375,818,1153,1069,642,237,48,4
SAMPLE n=16 alpha=9 par=0,1,2,3,4,5,5,1,8,9,10,9,12,9,9,8 poly=1,16,105,372,789,1046,872,444,127,16
SAMPLE n=16 alpha=9 par=0,1,2,3,4,5,5,1,8,9,10,9,12,9,8,1 poly=1,16,105,370,771,985,770,354,87,9
SAMPLE n=16 alpha=10 par=0,1,2,3,4,5,5,1,8,9,10,9,12,9,1,1 poly=1,16,105,371,784,1047,910,519,190,41,4
SAMPLE n=16 alpha=10 par=0,1,2,3,4,5,5,1,8,9,10,9,12,8,8,1 poly=1,16,105,370,771,987,782,378,107,16,1
SAMPLE n=16 alpha=10 par=0,1,2,3,4,5,5,1,8,9,10,9,12,1,1,1 poly=1,16,105,372,794,1086,984,591,226,50,5
SAMPLE n=16 alpha=11 par=0,1,2,3,4,5,5,1,8,9,10,9,9,9,1,1 poly=1,16,105,374,815,1170,1156,799,382,121,23,2
SAMPLE n=16 alpha=10 par=0,1,2,3,4,5,5,1,8,9,10,9,9,8,14,14 poly=1,16,105,370,773,1003,827,433,139,25,2
SAMPLE n=16 alpha=9 par=0,1,2,3,4,5,5,1,8,9,10,9,9,8,14,8 poly=1,16,105,371,780,1017,829,412,115,14
SAMPLE n=16 alpha=9 par=0,1,2,3,4,5,5,1,8,9,10,9,8,13,8,15 poly=1,16,105,369,760,941,689,280,53,2
SAMPLE n=16 alpha=9 par=0,1,2,3,4,5,5,1,8,9,10,9,8,13,8,1 poly=1,16,105,370,770,979,758,343,82,8
SAMPLE n=16 alpha=10 par=0,1,2,3,4,5,5,1,8,9,10,9,8,13,1,1 poly=1,16,105,370,772,996,810,417,134,25,2
SAMPLE n=16 alpha=9 par=0,1,2,3,4,5,5,1,8,9,10,9,1,13,14,13 poly=1,16,105,368,754,933,696,301,68,6
SAMPLE n=16 alpha=9 par=0,1,2,3,4,5,5,1,8,9,10,8,12,8,14,8 poly=1,16,105,371,779,1010,812,394,106,12
SAMPLE n=16 alpha=11 par=0,1,2,3,4,5,5,1,8,9,10,8,8,8,1,1 poly=1,16,105,374,809,1128,1049,661,281,78,13,1
SAMPLE n=16 alpha=9 par=0,1,2,3,4,5,5,1,8,9,10,8,1,13,14,13 poly=1,16,105,368,753,927,686,298,71,7
SAMPLE n=16 alpha=11 par=0,1,2,3,4,5,5,1,8,9,10,8,1,1,1,1 poly=1,16,105,376,828,1197,1171,777,342,95,15,1
SAMPLE n=16 alpha=9 par=0,1,2,3,4,5,5,1,8,9,10,1,12,13,1,15 poly=1,16,105,368,752,920,669,280,63,6
SAMPLE n=16 alpha=10 par=0,1,2,3,4,5,5,1,8,9,10,1,12,12,1,1 poly=1,16,105,372,790,1057,909,501,172,34,3
SAMPLE n=16 alpha=8 par=0,1,2,3,4,5,4,7,4,1,10,11,12,13,12,11 poly=1,16,105,369,762,951,703,282,47
SAMPLE n=16 alpha=9 par=0,1,2,3,4,5,4,7,4,1,10,11,12,13,12,10 poly=1,16,105,369,763,960,731,323,76,8
SAMPLE n=16 alpha=9 par=0,1,2,3,4,5,4,7,3,1,10,11,12,13,12,15 poly=1,16,105,367,742,878,581,190,24,1
SAMPLE n=16 alpha=9 par=0,1,2,3,4,5,4,7,3,1,10,11,12,13,12,1 poly=1,16,105,368,753,924,671,274,57,5
SAMPLE n=16 alpha=9 par=0,1,2,3,4,5,4,7,3,1,10,11,12,13,1,15 poly=1,16,105,367,742,880,590,204,32,2
SAMPLE n=16 alpha=9 par=0,1,2,3,4,5,4,7,2,1,10,11,12,11,10,10 poly=1,16,105,370,772,993,796,393,113,15
SAMPLE n=16 alpha=8 par=0,1,2,3,4,5,4,7,2,1,10,11,12,11,1,15 poly=1,16,105,368,752,917,652,248,39
SAMPLE n=16 alpha=9 par=0,1,2,3,4,5,4,7,2,1,10,11,12,10,1,15 poly=1,16,105,368,751,911,643,251,52,5
SAMPLE n=16 alpha=9 par=0,1,2,3,4,5,4,7,2,1,10,11,12,1,14,14 poly=1,16,105,368,752,919,664,272,58,5
SAMPLE n=16 alpha=10 par=0,1,2,3,4,5,4,4,4,2,10,10,1,13,14,15 poly=1,16,105,372,793,1077,954,543,186,33,2
SAMPLE n=16 alpha=9 par=0,1,2,3,4,5,4,4,4,2,10,1,12,13,14,1 poly=1,16,105,372,792,1069,932,512,161,22
SAMPLE n=16 alpha=11 par=0,1,2,3,4,5,4,4,4,2,2,1,12,13,14,12 poly=1,16,105,374,814,1164,1146,792,380,121,23,2
SAMPLE n=16 alpha=10 par=0,1,2,3,4,5,4,4,4,2,1,11,12,13,14,11 poly=1,16,105,372,794,1085,983,595,234,55,6
SAMPLE n=16 alpha=9 par=0,1,2,3,4,5,4,4,3,2,1,11,12,13,14,12 poly=1,16,105,370,772,992,788,374,96,10
SAMPLE n=16 alpha=9 par=0,1,2,3,4,5,4,4,3,2,1,11,12,13,12,1 poly=1,16,105,371,781,1022,835,411,110,12
SAMPLE n=16 alpha=10 par=0,1,2,3,4,5,4,4,3,2,1,11,12,13,11,11 poly=1,16,105,372,792,1069,940,542,200,43,4
SAMPLE n=16 alpha=9 par=0,1,2,3,4,5,4,4,2,1,10,11,12,13,12,11 poly=1,16,105,370,774,1006,824,418,122,16
SAMPLE n=16 alpha=9 par=0,1,2,3,4,5,4,4,2,1,10,11,12,13,1,15 poly=1,16,105,369,763,963,745,345,89,10
SAMPLE n=16 alpha=10 par=0,1,2,3,4,5,4,3,8,8,8,1,12,13,14,12 poly=1,16,105,370,773,1003,827,434,140,25,2
SAMPLE n=16 alpha=9 par=0,1,2,3,4,5,4,3,8,8,3,11,1,13,14,15 poly=1,16,105,369,758,929,663,256,45,2
SAMPLE n=16 alpha=9 par=0,1,2,3,4,5,4,3,8,8,3,1,12,13,14,1 poly=1,16,105,370,770,981,767,356,89,9
SAMPLE n=16 alpha=10 par=0,1,2,3,4,5,4,3,3,3,3,2,1,13,14,15 poly=1,16,105,376,823,1163,1082,653,240,46,3
SAMPLE n=16 alpha=10 par=0,1,2,3,4,5,4,3,3,3,2,2,1,13,14,15 poly=1,16,105,374,805,1100,971,549,191,37,3
SAMPLE n=16 alpha=10 par=0,1,2,3,4,5,4,3,3,3,1,11,12,13,14,1 poly=1,16,105,372,791,1065,933,532,189,37,3
SAMPLE n=16 alpha=10 par=0,1,2,3,4,5,4,3,3,3,1,11,12,13,12,1 poly=1,16,105,373,801,1102,1003,609,240,56,6
SAMPLE n=16 alpha=9 par=0,1,2,3,4,5,4,3,2,2,1,11,12,13,14,13 poly=1,16,105,370,772,992,787,372,95,10
SAMPLE n=16 alpha=9 par=0,1,2,3,4,5,4,3,2,2,1,11,12,13,11,1 poly=1,16,105,371,779,1010,809,385,98,10
SAMPLE n=16 alpha=9 par=0,1,2,3,4,5,4,2,8,9,10,8,1,13,14,15 poly=1,16,105,367,743,889,615,229,39,2
SAMPLE n=16 alpha=10 par=0,1,2,3,4,5,4,2,8,9,9,2,1,13,14,15 poly=1,16,105,369,764,975,789,412,137,26,2
SAMPLE n=16 alpha=9 par=0,1,2,3,4,5,4,2,8,9,8,8,1,13,14,15 poly=1,16,105,369,762,956,724,313,66,4
SAMPLE n=16 alpha=9 par=0,1,2,3,4,5,4,2,8,9,8,2,1,13,14,15 poly=1,16,105,369,761,950,713,307,68,6
SAMPLE n=16 alpha=9 par=0,1,2,3,4,5,4,2,8,9,2,1,12,13,14,13 poly=1,16,105,369,763,964,749,349,90,10
SAMPLE n=16 alpha=10 par=0,1,2,3,4,5,4,2,2,2,1,11,12,13,14,1 poly=1,16,105,372,791,1065,930,523,179,32,2
SAMPLE n=16 alpha=8 par=0,1,2,3,4,5,4,1,8,9,10,11,10,1,14,1 poly=1,16,105,369,763,960,725,303,54
SAMPLE n=16 alpha=9 par=0,1,2,3,4,5,4,1,8,9,10,11,10,1,1,1 poly=1,16,105,372,794,1082,959,539,175,25
SAMPLE n=16 alpha=9 par=0,1,2,3,4,5,4,1,8,9,10,11,9,13,9,1 poly=1,16,105,369,763,963,746,346,89,10
SAMPLE n=16 alpha=8 par=0,1,2,3,4,5,4,1,8,9,10,11,9,13,8,15 poly=1,16,105,367,742,880,590,201,26
SAMPLE n=16 alpha=10 par=0,1,2,3,4,5,4,1,8,9,10,11,9,9,9,1 poly=1,16,105,372,794,1086,988,601,234,52,5
SAMPLE n=16 alpha=9 par=0,1,2,3,4,5,4,1,8,9,10,11,9,8,14,8 poly=1,16,105,369,761,947,700,288,57,4
SAMPLE n=16 alpha=9 par=0,1,2,3,4,5,4,1,8,9,10,11,9,8,1,15 poly=1,16,105,368,752,917,652,249,42,2
SAMPLE n=16 alpha=9 par=0,1,2,3,4,5,4,1,8,9,10,11,9,1,14,1 poly=1,16,105,369,763,963,744,342,87,10
SAMPLE n=16 alpha=9 par=0,1,2,3,4,5,4,1,8,9,10,11,8,8,8,1 poly=1,16,105,372,791,1062,915,495,154,21
SAMPLE n=16 alpha=9 par=0,1,2,3,4,5,4,1,8,9,10,11,8,8,1,15 poly=1,16,105,369,762,956,727,322,74,6
SAMPLE n=16 alpha=9 par=0,1,2,3,4,5,4,1,8,9,10,11,1,13,13,1 poly=1,16,105,369,762,955,720,309,66,5
SAMPLE n=16 alpha=9 par=0,1,2,3,4,5,3,7,8,1,10,11,12,10,14,14 poly=1,16,105,367,743,889,619,241,48,4
SAMPLE n=16 alpha=10 par=0,1,2,3,4,5,3,7,8,1,10,11,12,10,10,10 poly=1,16,105,371,783,1040,893,493,164,29,2
SAMPLE n=16 alpha=10 par=0,1,2,3,4,5,3,7,8,1,10,11,12,1,1,1 poly=1,16,105,371,783,1043,905,509,176,34,3
SAMPLE n=16 alpha=10 par=0,1,2,3,4,5,3,7,3,1,10,11,12,10,1,1 poly=1,16,105,371,781,1026,858,456,149,27,2
SAMPLE n=16 alpha=10 par=0,1,2,3,4,5,3,7,1,9,10,11,12,10,10,10 poly=1,16,105,371,783,1039,890,491,164,29,2
SAMPLE n=16 alpha=9 par=0,1,2,3,4,5,3,7,1,9,10,11,12,10,9,9 poly=1,16,105,369,762,955,723,316,71,6
SAMPLE n=16 alpha=9 par=0,1,2,3,4,5,3,7,1,9,10,11,12,1,14,15 poly=1,16,105,366,733,852,554,186,29,2
SAMPLE n=16 alpha=10 par=0,1,2,3,4,5,3,3,3,1,10,11,12,1,14,15 poly=1,16,105,371,783,1043,907,517,183,36,3
SAMPLE n=16 alpha=9 par=0,1,2,3,4,5,3,2,1,9,10,11,12,9,14,15 poly=1,16,105,367,743,889,617,235,44,3
SAMPLE n=16 alpha=9 par=0,1,2,3,4,5,3,2,1,9,10,11,12,9,14,14 poly=1,16,105,368,753,926,680,285,61,5
SAMPLE n=16 alpha=9 par=0,1,2,3,4,5,3,2,1,9,10,11,12,9,9,1 poly=1,16,105,370,771,987,779,366,92,9
SAMPLE n=16 alpha=9 par=0,1,2,3,4,5,2,7,8,8,2,1,12,13,14,1 poly=1,16,105,369,762,960,747,355,97,12
SAMPLE n=16 alpha=9 par=0,1,2,3,4,5,2,7,7,7,2,11,1,13,14,15 poly=1,16,105,370,769,976,759,353,90,9
SAMPLE n=16 alpha=9 par=0,1,2,3,4,5,2,7,7,7,1,11,12,13,1,15 poly=1,16,105,369,762,960,746,350,90,9
SAMPLE n=16 alpha=10 par=0,1,2,3,4,5,2,2,2,2,2,1,12,13,14,15 poly=1,16,105,379,855,1292,1336,927,412,106,12
SAMPLE n=16 alpha=10 par=0,1,2,3,4,5,2,2,2,2,1,11,12,13,1,1 poly=1,16,105,377,833,1205,1174,769,326,81,9
SAMPLE n=16 alpha=10 par=0,1,2,3,4,5,1,7,8,9,10,1,12,13,13,1 poly=1,16,105,368,754,937,719,344,101,16,1
SAMPLE n=16 alpha=9 par=0,1,2,3,4,5,1,7,8,9,10,1,12,1,14,1 poly=1,16,105,370,768,965,719,294,56,4
SAMPLE n=16 alpha=11 par=0,1,2,3,4,4,4,4,4,1,10,11,11,10,1,15 poly=1,16,105,377,843,1263,1306,926,434,125,19,1
SAMPLE n=16 alpha=11 par=0,1,2,3,4,4,4,4,4,1,10,11,11,1,14,1 poly=1,16,105,378,854,1310,1410,1068,560,195,41,4
SAMPLE n=16 alpha=10 par=0,1,2,3,4,4,4,4,3,1,10,11,10,13,10,15 poly=1,16,105,374,810,1125,1021,596,207,34,1
SAMPLE n=16 alpha=11 par=0,1,2,3,4,4,4,4,1,9,10,11,11,11,9,15 poly=1,16,105,374,818,1189,1201,851,417,134,25,2
SAMPLE n=16 alpha=12 par=0,1,2,3,4,4,4,4,1,9,10,11,11,11,9,9 poly=1,16,105,376,839,1274,1384,1100,641,268,76,13,1
SAMPLE n=16 alpha=11 par=0,1,2,3,4,4,4,4,1,9,10,11,11,11,1,1 poly=1,16,105,376,839,1270,1352,1023,542,192,41,4
SAMPLE n=16 alpha=11 par=0,1,2,3,4,4,4,4,1,9,10,11,11,10,14,14 poly=1,16,105,373,806,1136,1089,713,312,87,14,1
SAMPLE n=16 alpha=11 par=0,1,2,3,4,4,4,4,1,9,10,11,11,10,10,1 poly=1,16,105,375,826,1210,1225,863,415,130,24,2
SAMPLE n=16 alpha=10 par=0,1,2,3,4,4,4,4,1,9,10,11,11,10,9,1 poly=1,16,105,374,815,1164,1125,733,308,75,8
SAMPLE n=16 alpha=11 par=0,1,2,3,4,4,4,4,1,9,10,11,11,9,14,14 poly=1,16,105,373,807,1144,1109,739,331,94,15,1
SAMPLE n=16 alpha=12 par=0,1,2,3,4,4,4,4,1,9,10,11,11,9,9,9 poly=1,16,105,377,847,1297,1420,1135,662,275,77,13,1
SAMPLE n=16 alpha=11 par=0,1,2,3,4,4,4,4,1,9,10,11,11,9,1,1 poly=1,16,105,375,826,1211,1226,863,415,130,24,2
SAMPLE n=16 alpha=10 par=0,1,2,3,4,4,4,4,1,9,10,11,10,13,10,15 poly=1,16,105,373,803,1110,1010,595,207,34,1
SAMPLE n=16 alpha=11 par=0,1,2,3,4,4,4,4,1,9,10,11,10,10,10,1 poly=1,16,105,377,846,1286,1377,1048,558,198,42,4
SAMPLE n=16 alpha=10 par=0,1,2,3,4,4,4,4,1,9,10,11,10,9,9,1 poly=1,16,105,375,823,1187,1161,768,329,82,9
SAMPLE n=16 alpha=10 par=0,1,2,3,4,4,4,4,1,9,10,11,10,1,14,15 poly=1,16,105,372,796,1098,1009,612,231,48,4
SAMPLE n=16 alpha=11 par=0,1,2,3,4,4,4,4,1,9,10,11,9,9,1,1 poly=1,16,105,376,833,1227,1246,878,421,131,24,2
SAMPLE n=16 alpha=11 par=0,1,2,3,4,4,4,4,1,9,10,11,9,1,14,14 poly=1,16,105,373,805,1129,1068,686,293,80,13,1
SAMPLE n=16 alpha=11 par=0,1,2,3,4,4,4,4,1,9,10,11,1,13,13,13 poly=1,16,105,374,816,1174,1158,789,363,106,17,1
SAMPLE n=16 alpha=10 par=0,1,2,3,4,4,4,4,1,9,10,11,1,13,13,1 poly=1,16,105,374,814,1158,1110,713,293,69,7
SAMPLE n=16 alpha=10 par=0,1,2,3,4,4,4,4,1,9,10,11,1,13,1,15 poly=1,16,105,373,803,1112,1013,595,207,34,1
SAMPLE n=16 alpha=11 par=0,1,2,3,4,4,4,3,8,1,10,11,12,10,10,10 poly=1,16,105,374,813,1152,1106,729,325,93,15,1
SAMPLE n=16 alpha=10 par=0,1,2,3,4,4,4,3,8,1,10,11,12,10,1,15 poly=1,16,105,370,772,994,800,398,116,17,1
SAMPLE n=16 alpha=11 par=0,1,2,3,4,4,4,3,3,1,10,11,11,11,10,10 poly=1,16,105,376,831,1210,1202,826,390,122,23,2
SAMPLE n=16 alpha=11 par=0,1,2,3,4,4,4,3,3,1,10,11,11,1,14,15 poly=1,16,105,372,793,1079,972,593,247,69,12,1
SAMPLE n=16 alpha=10 par=0,1,2,3,4,4,4,3,3,1,10,11,10,13,10,1 poly=1,16,105,374,809,1120,1013,597,223,49,5
SAMPLE n=16 alpha=10 par=0,1,2,3,4,4,4,3,3,1,10,11,10,1,14,15 poly=1,16,105,372,791,1062,919,511,177,35,3
SAMPLE n=16 alpha=11 par=0,1,2,3,4,4,4,3,3,1,10,11,1,13,1,1 poly=1,16,105,376,829,1202,1189,815,385,121,23,2
SAMPLE n=16 alpha=10 par=0,1,2,3,4,4,4,3,1,9,10,11,11,11,9,15 poly=1,16,105,372,796,1098,1014,632,258,63,7
SAMPLE n=16 alpha=11 par=0,1,2,3,4,4,4,3,1,9,10,11,11,11,9,9 poly=1,16,105,374,817,1183,1192,854,432,148,31,3
SAMPLE n=16 alpha=11 par=0,1,2,3,4,4,4,3,1,9,10,11,11,10,1,1 poly=1,16,105,373,805,1129,1068,690,301,85,14,1
SAMPLE n=16 alpha=10 par=0,1,2,3,4,4,4,3,1,9,10,11,11,9,14,14 poly=1,16,105,371,785,1053,924,533,196,42,4
SAMPLE n=16 alpha=10 par=0,1,2,3,4,4,4,3,1,9,10,11,10,1,14,15 poly=1,16,105,370,774,1008,833,434,137,24,2
SAMPLE n=16 alpha=11 par=0,1,2,3,4,4,4,3,1,9,10,11,10,1,1,1 poly=1,16,105,375,824,1200,1206,846,408,129,24,2
SAMPLE n=16 alpha=10 par=0,1,2,3,4,4,4,3,1,9,10,11,9,13,14,9 poly=1,16,105,371,783,1038,886,489,170,34,3
SAMPLE n=16 alpha=10 par=0,1,2,3,4,4,4,3,1,9,10,11,9,13,14,1 poly=1,16,105,370,773,1001,817,415,124,19,1
SAMPLE n=16 alpha=10 par=0,1,2,3,4,4,4,3,1,9,10,11,9,1,14,14 poly=1,16,105,371,783,1039,888,490,170,34,3
SAMPLE n=16 alpha=10 par=0,1,2,3,4,4,4,3,1,9,10,11,1,13,14,1 poly=1,16,105,371,783,1040,892,494,171,34,3
SAMPLE n=16 alpha=10 par=0,1,2,3,4,4,4,2,8,1,10,11,12,12,11,11 poly=1,16,105,372,795,1090,991,600,233,52,5
SAMPLE n=16 alpha=9 par=0,1,2,3,4,4,4,2,8,1,10,11,12,11,1,15 poly=1,16,105,370,774,1010,842,443,135,18
SAMPLE n=16 alpha=11 par=0,1,2,3,4,4,4,2,1,9,10,11,11,10,9,9 poly=1,16,105,373,805,1132,1089,736,349,112,22,2
SAMPLE n=16 alpha=11 par=0,1,2,3,4,4,4,2,1,9,10,11,11,9,14,14 poly=1,16,105,371,787,1072,986,625,271,77,13,1
SAMPLE n=16 alpha=11 par=0,1,2,3,4,4,4,2,1,9,10,11,11,9,14,9 poly=1,16,105,372,796,1103,1044,696,327,105,21,2
SAMPLE n=16 alpha=11 par=0,1,2,3,4,4,4,2,1,9,10,11,11,1,14,14 poly=1,16,105,371,786,1064,962,595,251,70,12,1
SAMPLE n=16 alpha=11 par=0,1,2,3,4,4,4,2,1,9,10,11,10,13,9,9 poly=1,16,105,372,794,1087,1000,638,281,82,14,1
SAMPLE n=16 alpha=11 par=0,1,2,3,4,4,4,2,1,9,10,11,10,10,10,9 poly=1,16,105,375,823,1190,1179,813,387,122,23,2
SAMPLE n=16 alpha=10 par=0,1,2,3,4,4,4,2,1,9,10,11,10,9,14,15 poly=1,16,105,370,775,1018,869,488,174,35,3
SAMPLE n=16 alpha=10 par=0,1,2,3,4,4,4,2,1,9,10,11,10,9,14,14 poly=1,16,105,371,785,1056,941,563,219,50,5
SAMPLE n=16 alpha=10 par=0,1,2,3,4,4,4,2,1,9,10,11,10,9,14,1 poly=1,16,105,371,783,1040,894,498,171,31,2
SAMPLE n=16 alpha=10 par=0,1,2,3,4,4,4,2,1,9,10,11,10,9,1,15 poly=1,16,105,371,783,1040,894,501,177,35,3
SAMPLE n=16 alpha=10 par=0,1,2,3,4,4,4,2,1,9,10,11,9,13,1,15 poly=1,16,105,370,773,1004,834,448,149,27,2
SAMPLE n=16 alpha=11 par=0,1,2,3,4,4,4,2,1,9,10,11,9,9,9,1 poly=1,16,105,375,822,1187,1180,822,397,127,24,2
SAMPLE n=16 alpha=10 par=0,1,2,3,4,4,4,2,1,9,10,11,1,13,14,1 poly=1,16,105,371,783,1042,902,510,181,36,3
SAMPLE n=16 alpha=10 par=0,1,2,3,4,4,3,7,7,2,10,11,1,13,14,14 poly=1,16,105,369,763,968,773,396,128,24,2
SAMPLE n=16 alpha=10 par=0,1,2,3,4,4,3,7,7,2,10,11,1,13,14,13 poly=1,16,105,369,762,960,750,368,115,22,2
SAMPLE n=16 alpha=10 par=0,1,2,3,4,4,3,7,7,2,10,10,1,13,14,14 poly=1,16,105,370,773,1006,842,460,161,33,3
SAMPLE n=16 alpha=10 par=0,1,2,3,4,4,3,7,7,2,10,10,1,13,14,1 poly=1,16,105,370,771,993,812,428,141,26,2
SAMPLE n=16 alpha=10 par=0,1,2,3,4,4,3,7,7,2,10,2,1,13,14,15 poly=1,16,105,370,770,985,790,403,131,25,2
SAMPLE n=16 alpha=9 par=0,1,2,3,4,4,3,7,7,2,10,1,12,13,12,15 poly=1,16,105,369,761,951,723,331,88,11
SAMPLE n=16 alpha=10 par=0,1,2,3,4,4,3,7,7,2,1,11,12,13,13,12 poly=1,16,105,370,773,1002,826,439,150,31,3
SAMPLE n=16 alpha=11 par=0,1,2,3,4,4,3,7,7,2,1,11,12,13,13,11 poly=1,16,105,370,774,1013,867,509,210,60,11,1
SAMPLE n=16 alpha=10 par=0,1,2,3,4,4,3,7,7,2,1,11,12,13,11,15 poly=1,16,105,369,762,959,749,372,119,23,2
SAMPLE n=16 alpha=11 par=0,1,2,3,4,4,3,7,7,2,1,11,12,12,11,11 poly=1,16,105,372,792,1071,954,576,240,68,12,1
SAMPLE n=16 alpha=10 par=0,1,2,3,4,4,3,7,3,2,2,2,1,13,14,15 poly=1,16,105,374,805,1102,981,565,201,39,3
SAMPLE n=16 alpha=9 par=0,1,2,3,4,4,3,7,3,2,1,11,12,13,12,15 poly=1,16,105,370,769,969,727,302,58,3
SAMPLE n=16 alpha=9 par=0,1,2,3,4,4,3,7,3,2,1,11,12,13,1,15 poly=1,16,105,370,768,965,721,298,57,3
SAMPLE n=16 alpha=9 par=0,1,2,3,4,4,3,7,3,2,1,11,12,13,1,1 poly=1,16,105,372,788,1042,867,441,125,15
SAMPLE n=16 alpha=9 par=0,1,2,3,4,4,3,7,3,2,1,11,12,11,11,1 poly=1,16,105,373,797,1069,904,466,133,16
SAMPLE n=16 alpha=10 par=0,1,2,3,4,4,3,7,2,1,10,11,12,12,11,15 poly=1,16,105,369,762,955,728,334,91,14,1
SAMPLE n=16 alpha=10 par=0,1,2,3,4,4,3,7,2,1,10,11,12,12,1,1 poly=1,16,105,371,782,1033,873,468,152,27,2
SAMPLE n=16 alpha=9 par=0,1,2,3,4,4,3,7,2,1,10,11,12,11,14,1 poly=1,16,105,369,761,948,707,302,67,6
SAMPLE n=16 alpha=9 par=0,1,2,3,4,4,3,7,2,1,10,11,12,11,10,1 poly=1,16,105,370,770,978,754,338,80,8
SAMPLE n=16 alpha=10 par=0,1,2,3,4,4,3,7,2,1,10,11,12,10,14,15 poly=1,16,105,368,752,920,673,295,80,13,1
SAMPLE n=16 alpha=10 par=0,1,2,3,4,4,3,3,3,2,10,10,2,1,14,15 poly=1,16,105,375,813,1127,1019,597,218,45,4
SAMPLE n=16 alpha=10 par=0,1,2,3,4,4,3,3,3,2,10,2,2,1,14,15 poly=1,16,105,377,829,1178,1105,681,266,60,6
SAMPLE n=16 alpha=10 par=0,1,2,3,4,4,3,3,3,2,10,1,12,13,14,14 poly=1,16,105,373,799,1088,965,558,204,43,4
SAMPLE n=16 alpha=10 par=0,1,2,3,4,4,3,3,3,2,10,1,12,13,1,15 poly=1,16,105,373,796,1069,918,499,164,29,2
SAMPLE n=16 alpha=11 par=0,1,2,3,4,4,3,3,3,2,2,1,12,13,14,14 poly=1,16,105,375,817,1151,1080,682,288,79,13,1
SAMPLE n=16 alpha=10 par=0,1,2,3,4,4,3,3,3,2,1,11,12,13,12,1 poly=1,16,105,374,808,1117,1009,592,217,45,4
SAMPLE n=16 alpha=10 par=0,1,2,3,4,4,3,3,3,2,1,11,12,13,11,15 poly=1,16,105,373,798,1078,932,508,166,29,2
SAMPLE n=16 alpha=10 par=0,1,2,3,4,4,3,3,3,2,1,11,12,13,1,1 poly=1,16,105,375,817,1151,1076,666,263,60,6
SAMPLE n=16 alpha=10 par=0,1,2,3,4,4,3,3,3,2,1,11,12,11,1,15 poly=1,16,105,374,806,1103,971,540,179,31,2
SAMPLE n=16 alpha=10 par=0,1,2,3,4,4,3,3,2,1,10,11,12,12,10,15 poly=1,16,105,371,782,1031,866,461,150,27,2
SAMPLE n=16 alpha=9 par=0,1,2,3,4,4,3,3,2,1,10,11,12,11,10,15 poly=1,16,105,371,780,1014,815,389,99,10
SAMPLE n=16 alpha=10 par=0,1,2,3,4,4,3,3,2,1,10,11,12,11,1,1 poly=1,16,105,373,800,1094,977,569,209,44,4
SAMPLE n=16 alpha=10 par=0,1,2,3,4,4,3,3,2,1,10,11,12,10,14,15 poly=1,16,105,370,771,986,777,369,101,15,1
SAMPLE n=16 alpha=11 par=0,1,2,3,4,4,3,2,8,8,8,8,8,1,14,15 poly=1,16,105,377,839,1245,1272,891,413,118,18,1
SAMPLE n=16 alpha=10 par=0,1,2,3,4,4,3,2,8,8,8,8,1,13,14,13 poly=1,16,105,374,812,1149,1094,699,287,68,7
SAMPLE n=16 alpha=10 par=0,1,2,3,4,4,3,2,8,8,8,2,1,13,14,15 poly=1,16,105,372,789,1052,899,489,162,29,2
SAMPLE n=16 alpha=10 par=0,1,2,3,4,4,3,2,8,8,8,1,12,13,12,1 poly=1,16,105,372,791,1066,935,534,191,38,3
SAMPLE n=16 alpha=9 par=0,1,2,3,4,4,3,2,8,8,2,11,2,1,14,15 poly=1,16,105,373,793,1049,865,429,116,13
SAMPLE n=16 alpha=9 par=0,1,2,3,4,4,3,2,8,8,2,11,1,13,14,15 poly=1,16,105,370,768,968,736,324,75,7
SAMPLE n=16 alpha=10 par=0,1,2,3,4,4,3,2,8,8,2,11,1,13,14,14 poly=1,16,105,371,779,1013,824,412,120,18,1
SAMPLE n=16 alpha=9 par=0,1,2,3,4,4,3,2,8,8,2,1,12,13,12,1 poly=1,16,105,372,787,1036,852,423,115,13
SAMPLE n=16 alpha=10 par=0,1,2,3,4,4,3,2,8,8,1,11,12,13,13,1 poly=1,16,105,370,773,1004,831,439,143,26,2
SAMPLE n=16 alpha=9 par=0,1,2,3,4,4,3,2,8,8,1,11,12,11,14,11 poly=1,16,105,371,781,1023,839,417,114,13
SAMPLE n=16 alpha=10 par=0,1,2,3,4,4,3,1,8,9,9,1,12,13,12,1 poly=1,16,105,371,782,1034,879,483,168,34,3
SAMPLE n=16 alpha=9 par=0,1,2,3,4,4,3,1,8,9,8,11,8,1,14,14 poly=1,16,105,371,780,1017,827,407,111,13
SAMPLE n=16 alpha=10 par=0,1,2,3,4,4,3,1,8,9,8,11,1,13,1,1 poly=1,16,105,373,797,1074,927,506,166,29,2
SAMPLE n=16 alpha=11 par=0,1,2,3,4,4,3,1,8,9,8,8,8,8,8,1 poly=1,16,105,382,880,1368,1470,1088,539,168,29,2
SAMPLE n=16 alpha=9 par=0,1,2,3,4,4,3,1,8,9,8,1,12,13,12,1 poly=1,16,105,371,779,1010,808,382,95,9
SAMPLE n=16 alpha=10 par=0,1,2,3,4,4,3,1,8,9,1,11,12,1,14,14 poly=1,16,105,370,770,982,773,369,102,15,1
SAMPLE n=16 alpha=11 par=0,1,2,3,4,4,3,1,8,9,1,11,12,1,1,1 poly=1,16,105,376,827,1193,1169,781,346,96,15,1
SAMPLE n=16 alpha=11 par=0,1,2,3,4,4,2,7,8,1,10,11,1,1,1,1 poly=1,16,105,376,827,1195,1174,783,346,96,15,1
SAMPLE n=16 alpha=9 par=0,1,2,3,4,4,2,7,2,9,2,11,2,1,14,15 poly=1,16,105,375,810,1106,963,523,165,24
SAMPLE n=16 alpha=10 par=0,1,2,3,4,4,2,7,2,9,2,2,1,13,14,1 poly=1,16,105,376,820,1146,1046,620,230,48,4
SAMPLE n=16 alpha=10 par=0,1,2,3,4,4,2,7,2,9,2,1,12,13,12,12 poly=1,16,105,374,809,1129,1051,659,272,68,8
SAMPLE n=16 alpha=10 par=0,1,2,3,4,4,2,7,2,9,1,11,12,13,11,11 poly=1,16,105,371,782,1036,892,508,187,41,4
SAMPLE n=16 alpha=10 par=0,1,2,3,4,4,2,7,2,9,1,11,12,11,11,11 poly=1,16,105,374,811,1141,1077,684,283,70,8
SAMPLE n=16 alpha=9 par=0,1,2,3,4,4,2,7,1,9,10,9,12,9,9,1 poly=1,16,105,373,797,1072,916,485,147,20
SAMPLE n=16 alpha=10 par=0,1,2,3,4,4,2,7,1,9,10,9,9,9,9,1 poly=1,16,105,377,836,1220,1203,798,343,87,10
SAMPLE n=16 alpha=9 par=0,1,2,3,4,4,2,7,1,9,10,9,9,1,14,15 poly=1,16,105,370,771,990,794,391,110,14
SAMPLE n=16 alpha=9 par=0,1,2,3,4,4,2,7,1,9,10,9,1,13,14,13 poly=1,16,105,369,761,952,724,325,79,8
SAMPLE n=16 alpha=9 par=0,1,2,3,4,4,2,7,1,9,10,9,1,13,14,1 poly=1,16,105,370,769,976,759,352,89,9
SAMPLE n=16 alpha=11 par=0,1,2,3,4,4,2,2,1,9,10,9,12,9,9,9 poly=1,16,105,378,848,1275,1338,996,522,185,40,4
SAMPLE n=16 alpha=10 par=0,1,2,3,4,4,2,2,1,9,10,9,12,9,9,1 poly=1,16,105,375,817,1151,1079,677,278,69,8
SAMPLE n=16 alpha=12 par=0,1,2,3,4,4,2,2,1,9,10,9,9,9,9,9 poly=1,16,105,383,896,1456,1704,1455,906,404,123,23,2
SAMPLE n=16 alpha=11 par=0,1,2,3,4,4,2,2,1,9,10,9,9,9,9,1 poly=1,16,105,379,856,1300,1377,1028,535,187,40,4
SAMPLE n=16 alpha=10 par=0,1,2,3,4,4,2,2,1,9,10,9,1,13,14,13 poly=1,16,105,371,781,1031,883,501,186,41,4
SAMPLE n=16 alpha=8 par=0,1,2,3,4,3,6,3,8,3,10,3,12,1,14,15 poly=1,16,105,374,795,1027,771,291,35
SAMPLE n=16 alpha=8 par=0,1,2,3,4,3,6,3,8,3,10,3,1,13,14,15 poly=1,16,105,374,799,1053,835,362,65
SAMPLE n=16 alpha=8 par=0,1,2,3,4,3,6,3,8,3,10,1,12,13,12,1 poly=1,16,105,372,784,1009,772,318,53
SAMPLE n=16 alpha=10 par=0,1,2,3,4,3,6,3,8,3,3,3,1,13,14,1 poly=1,16,105,380,855,1262,1241,802,326,76,8
SAMPLE n=16 alpha=9 par=0,1,2,3,4,3,6,3,8,3,3,1,12,13,12,1 poly=1,16,105,376,822,1149,1032,575,180,24
SAMPLE n=16 alpha=8 par=0,1,2,3,4,3,6,3,8,3,2,11,2,1,14,15 poly=1,16,105,373,790,1026,800,343,62
SAMPLE n=16 alpha=9 par=0,1,2,3,4,3,6,3,8,3,2,2,1,13,14,1 poly=1,16,105,374,800,1064,873,419,103,9
SAMPLE n=16 alpha=9 par=0,1,2,3,4,3,6,3,8,3,1,11,12,13,12,1 poly=1,16,105,372,788,1039,856,429,122,16
SAMPLE n=16 alpha=9 par=0,1,2,3,4,3,6,3,8,3,1,11,12,1,14,15 poly=1,16,105,371,777,995,769,339,77,8
SAMPLE n=16 alpha=9 par=0,1,2,3,4,3,6,3,3,2,10,11,10,1,14,15 poly=1,16,105,372,786,1029,832,395,96,8
SAMPLE n=16 alpha=10 par=0,1,2,3,4,3,6,3,3,2,10,10,10,1,14,15 poly=1,16,105,374,807,1116,1015,606,228,48,4
SAMPLE n=16 alpha=9 par=0,1,2,3,4,3,6,3,3,2,10,10,2,1,14,15 poly=1,16,105,374,802,1080,917,474,135,16
SAMPLE n=16 alpha=9 par=0,1,2,3,4,3,6,3,3,2,10,10,1,13,14,13 poly=1,16,105,373,797,1074,923,493,150,20
SAMPLE n=16 alpha=10 par=0,1,2,3,4,3,6,3,3,2,2,2,1,13,14,15 poly=1,16,105,376,821,1151,1057,632,236,49,4
SAMPLE n=16 alpha=9 par=0,1,2,3,4,3,6,3,3,2,1,11,12,13,11,15 poly=1,16,105,372,787,1031,831,391,94,8
SAMPLE n=16 alpha=10 par=0,1,2,3,4,3,6,3,3,2,1,11,12,13,11,11 poly=1,16,105,374,808,1115,1002,584,214,45,4
SAMPLE n=16 alpha=9 par=0,1,2,3,4,3,6,3,3,2,1,11,12,1,14,14 poly=1,16,105,373,796,1065,897,460,131,16
SAMPLE n=16 alpha=9 par=0,1,2,3,4,3,6,3,2,1,10,11,12,11,11,10 poly=1,16,105,372,789,1042,855,416,106,10
SAMPLE n=16 alpha=9 par=0,1,2,3,4,3,6,2,8,8,8,1,12,13,14,13 poly=1,16,105,370,772,995,802,397,111,13
SAMPLE n=16 alpha=9 par=0,1,2,3,4,3,6,2,8,8,8,1,12,13,12,1 poly=1,16,105,371,780,1021,846,438,131,17
SAMPLE n=16 alpha=9 par=0,1,2,3,4,3,6,2,8,8,2,11,1,13,14,1 poly=1,16,105,370,765,949,694,286,63,6
SAMPLE n=16 alpha=9 par=0,1,2,3,4,3,6,2,8,8,2,1,12,13,12,1 poly=1,16,105,371,776,991,764,335,72,5
SAMPLE n=16 alpha=9 par=0,1,2,3,4,3,6,2,8,8,1,11,12,11,1,15 poly=1,16,105,369,759,937,684,278,53,2
SAMPLE n=16 alpha=9 par=0,1,2,3,4,3,6,2,8,8,1,11,12,1,14,14 poly=1,16,105,369,760,946,712,315,74,7
SAMPLE n=16 alpha=10 par=0,1,2,3,4,3,6,2,2,1,10,11,12,11,11,1 poly=1,16,105,372,790,1054,897,481,155,27,2
SAMPLE n=16 alpha=9 par=0,1,2,3,4,3,6,2,2,1,10,11,12,11,10,15 poly=1,16,105,370,770,979,760,349,86,8
SAMPLE n=16 alpha=10 par=0,1,2,3,4,3,6,2,2,1,10,11,12,1,1,1 poly=1,16,105,374,805,1101,975,554,193,37,3
SAMPLE n=16 alpha=10 par=0,1,2,3,4,3,6,1,8,9,8,8,8,1,1,1 poly=1,16,105,377,833,1202,1166,764,329,85,10
SAMPLE n=16 alpha=10 par=0,1,2,3,4,3,6,1,8,9,8,1,1,1,1,1 poly=1,16,105,381,869,1331,1402,1002,463,125,15
SAMPLE n=16 alpha=9 par=0,1,2,3,4,3,6,1,8,9,1,11,11,1,14,14 poly=1,16,105,370,768,968,737,326,76,7
SAMPLE n=16 alpha=10 par=0,1,2,3,4,3,6,1,8,9,1,11,11,1,1,1 poly=1,16,105,376,823,1164,1088,667,256,55,5
SAMPLE n=16 alpha=10 par=0,1,2,3,4,3,3,3,2,9,10,9,9,1,14,15 poly=1,16,105,374,808,1122,1027,616,231,48,4
SAMPLE n=16 alpha=11 par=0,1,2,3,4,3,3,3,2,9,9,9,9,1,14,15 poly=1,16,105,377,839,1248,1291,936,465,149,27,2
SAMPLE n=16 alpha=10 par=0,1,2,3,4,3,3,3,2,9,9,9,2,1,14,15 poly=1,16,105,376,824,1174,1119,714,295,72,8
SAMPLE n=16 alpha=10 par=0,1,2,3,4,3,3,3,2,9,2,2,1,13,14,13 poly=1,16,105,377,831,1190,1135,721,296,72,8
SAMPLE n=16 alpha=10 par=0,1,2,3,4,3,3,3,2,9,2,2,1,13,14,1 poly=1,16,105,377,828,1171,1086,654,244,50,4
SAMPLE n=16 alpha=10 par=0,1,2,3,4,3,3,3,2,9,2,1,12,13,1,1 poly=1,16,105,376,822,1159,1080,664,260,59,6
SAMPLE n=16 alpha=10 par=0,1,2,3,4,3,3,3,2,9,1,11,12,11,1,1 poly=1,16,105,375,816,1145,1064,655,258,59,6
SAMPLE n=16 alpha=11 par=0,1,2,3,4,3,3,3,1,9,10,1,12,12,12,12 poly=1,16,105,377,842,1260,1307,945,467,149,27,2
SAMPLE n=16 alpha=10 par=0,1,2,3,4,3,3,3,1,9,10,1,12,1,14,1 poly=1,16,105,376,827,1189,1151,749,314,76,8
SAMPLE n=16 alpha=9 par=0,1,2,3,4,3,3,2,8,1,10,11,10,1,14,15 poly=1,16,105,370,769,974,748,332,75,6
SAMPLE n=16 alpha=10 par=0,1,2,3,4,3,3,2,8,1,10,11,1,13,13,1 poly=1,16,105,372,787,1038,865,451,142,25,2
SAMPLE n=16 alpha=11 par=0,1,2,3,4,3,3,2,8,1,10,11,1,1,1,1 poly=1,16,105,378,844,1253,1285,916,443,138,25,2
SAMPLE n=16 alpha=9 par=0,1,2,3,4,3,3,2,1,9,10,9,1,13,1,15 poly=1,16,105,372,785,1020,807,364,78,4
SAMPLE n=16 alpha=9 par=0,1,2,3,4,3,3,2,1,9,10,1,12,12,1,15 poly=1,16,105,372,786,1029,836,407,108,12
SAMPLE n=16 alpha=8 par=0,1,2,3,4,3,2,7,8,1,10,11,12,11,1,15 poly=1,16,105,368,751,912,644,242,37
SAMPLE n=16 alpha=9 par=0,1,2,3,4,3,2,7,8,1,10,11,12,10,1,15 poly=1,16,105,368,750,906,633,238,42,3
SAMPLE n=16 alpha=10 par=0,1,2,3,4,3,2,7,7,1,10,11,10,1,1,1 poly=1,16,105,374,806,1111,1010,611,240,56,6
SAMPLE n=16 alpha=11 par=0,1,2,3,4,3,2,7,7,1,10,11,1,1,1,1 poly=1,16,105,377,835,1224,1238,871,417,130,24,2
SAMPLE n=16 alpha=9 par=0,1,2,3,4,3,2,7,1,9,10,11,10,9,9,1 poly=1,16,105,371,778,1002,787,357,81,6
SAMPLE n=16 alpha=9 par=0,1,2,3,4,3,2,7,1,9,10,11,9,13,13,9 poly=1,16,105,370,770,979,758,343,82,8
SAMPLE n=16 alpha=8 par=0,1,2,3,4,3,2,7,1,9,10,11,9,13,1,15 poly=1,16,105,368,749,898,611,212,28
SAMPLE n=16 alpha=9 par=0,1,2,3,4,3,2,7,1,9,10,11,9,13,1,1 poly=1,16,105,370,768,968,738,330,80,8
SAMPLE n=16 alpha=9 par=0,1,2,3,4,3,2,7,1,9,10,11,9,9,1,15 poly=1,16,105,370,769,975,756,351,91,10
SAMPLE n=16 alpha=10 par=0,1,2,3,4,3,2,7,1,9,10,11,9,9,1,1 poly=1,16,105,372,787,1037,861,446,140,25,2
SAMPLE n=16 alpha=9 par=0,1,2,3,4,3,2,7,1,9,10,11,1,13,14,14 poly=1,16,105,368,752,921,673,285,65,6
SAMPLE n=16 alpha=9 par=0,1,2,3,4,3,2,7,1,9,10,11,1,13,13,13 poly=1,16,105,370,771,990,793,388,106,12
SAMPLE n=16 alpha=9 par=0,1,2,3,4,3,2,7,1,9,10,11,1,13,13,1 poly=1,16,105,370,768,968,735,320,71,6
SAMPLE n=16 alpha=9 par=0,1,2,3,4,3,2,2,1,9,10,11,10,9,9,1 poly=1,16,105,373,797,1071,912,478,141,18
SAMPLE n=16 alpha=9 par=0,1,2,3,4,3,2,2,1,9,10,11,9,13,9,15 poly=1,16,105,371,779,1010,812,394,106,12
SAMPLE n=16 alpha=10 par=0,1,2,3,4,3,2,2,1,9,10,11,9,1,1,1 poly=1,16,105,375,813,1125,1010,581,204,39,3
SAMPLE n=16 alpha=11 par=0,1,2,3,4,3,1,7,8,1,10,10,1,1,1,1 poly=1,16,105,381,866,1315,1373,987,477,147,26,2
SAMPLE n=16 alpha=10 par=0,1,2,3,4,3,1,7,8,1,10,1,12,1,1,1 poly=1,16,105,380,855,1266,1257,826,342,80,8
SAMPLE n=16 alpha=10 par=0,1,2,3,4,2,6,7,1,9,10,11,9,13,9,9 poly=1,16,105,371,780,1020,844,440,140,25,2
SAMPLE n=16 alpha=10 par=0,1,2,3,4,2,6,7,1,9,10,11,1,1,1,1 poly=1,16,105,375,816,1149,1074,652,240,46,3
SAMPLE n=16 alpha=10 par=0,1,2,3,4,2,6,6,6,1,10,11,1,13,13,1 poly=1,16,105,372,789,1055,915,516,182,36,3
SAMPLE n=16 alpha=10 par=0,1,2,3,4,2,6,6,1,9,10,11,9,9,1,1 poly=1,16,105,372,788,1046,889,485,166,33,3
SAMPLE n=16 alpha=10 par=0,1,2,3,4,2,6,2,2,2,1,11,12,13,11,1 poly=1,16,105,376,822,1157,1069,641,237,48,4
SAMPLE n=16 alpha=10 par=0,1,2,3,4,2,6,1,8,9,10,8,8,8,1,15 poly=1,16,105,372,788,1047,894,491,164,29,2
SAMPLE n=16 alpha=9 par=0,1,2,3,4,2,6,1,8,9,10,8,1,13,13,1 poly=1,16,105,370,767,962,723,311,69,6
SAMPLE n=16 alpha=10 par=0,1,2,3,4,2,6,1,8,9,10,8,1,1,1,1 poly=1,16,105,376,822,1160,1081,657,246,50,4
SAMPLE n=16 alpha=9 par=0,1,2,3,4,2,6,1,8,9,10,1,12,13,13,13 poly=1,16,105,369,764,974,782,393,113,14
SAMPLE n=16 alpha=9 par=0,1,2,3,4,2,6,1,8,9,10,1,12,13,13,1 poly=1,16,105,369,761,954,736,349,96,12
SAMPLE n=16 alpha=8 par=0,1,2,3,4,2,6,1,8,9,10,1,12,1,14,1 poly=1,16,105,371,774,978,732,297,50
SAMPLE n=16 alpha=11 par=0,1,2,3,4,2,2,2,1,9,10,11,9,9,1,15 poly=1,16,105,374,808,1126,1056,682,299,85,14,1
SAMPLE n=16 alpha=12 par=0,1,2,3,3,3,3,3,3,2,10,10,10,1,14,15 poly=1,16,105,383,894,1449,1683,1408,841,349,95,15,1
SAMPLE n=16 alpha=12 par=0,1,2,3,3,3,3,3,3,2,10,10,10,1,14,14 poly=1,16,105,384,905,1495,1785,1555,982,439,132,24,2
SAMPLE n=16 alpha=12 par=0,1,2,3,3,3,3,3,3,2,10,10,10,1,14,1 poly=1,16,105,384,903,1485,1767,1534,967,433,131,24,2
SAMPLE n=16 alpha=12 par=0,1,2,3,3,3,3,3,3,2,10,10,1,13,13,1 poly=1,16,105,383,893,1441,1661,1373,806,328,88,14,1
SAMPLE n=16 alpha=11 par=0,1,2,3,3,3,3,3,3,2,10,1,12,13,12,15 poly=1,16,105,381,873,1354,1456,1072,519,153,23,1
SAMPLE n=16 alpha=11 par=0,1,2,3,3,3,3,3,3,2,10,1,12,13,1,15 poly=1,16,105,381,872,1353,1462,1087,539,168,29,2
SAMPLE n=16 alpha=12 par=0,1,2,3,3,3,3,3,3,2,10,1,12,12,1,1 poly=1,16,105,384,901,1463,1696,1408,827,335,89,14,1
SAMPLE n=16 alpha=13 par=0,1,2,3,3,3,3,3,3,2,2,1,12,12,12,12 poly=1,16,105,388,942,1622,2060,1967,1417,761,296,79,13,1
SAMPLE n=16 alpha=12 par=0,1,2,3,3,3,3,3,3,2,2,1,12,12,12,1 poly=1,16,105,386,918,1519,1810,1571,988,440,132,24,2
SAMPLE n=16 alpha=12 par=0,1,2,3,3,3,3,3,3,2,1,11,11,11,1,15 poly=1,16,105,384,903,1470,1707,1424,847,350,95,15,1
SAMPLE n=16 alpha=12 par=0,1,2,3,3,3,3,3,3,2,1,11,11,1,14,14 poly=1,16,105,383,893,1433,1629,1319,756,301,80,13,1
SAMPLE n=16 alpha=11 par=0,1,2,3,3,3,3,2,8,2,10,2,1,13,13,13 poly=1,16,105,379,853,1286,1355,1014,534,190,41,4
SAMPLE n=16 alpha=11 par=0,1,2,3,3,3,3,2,8,2,10,1,12,13,13,13 poly=1,16,105,376,829,1204,1197,823,383,113,18,1
SAMPLE n=16 alpha=12 par=0,1,2,3,3,3,3,2,8,2,2,2,2,2,1,15 poly=1,16,105,391,943,1576,1891,1652,1046,468,140,25,2
SAMPLE n=16 alpha=11 par=0,1,2,3,3,3,3,2,8,2,2,2,2,1,14,15 poly=1,16,105,385,897,1420,1582,1255,700,262,59,6
SAMPLE n=16 alpha=10 par=0,1,2,3,3,3,3,2,8,2,2,1,12,13,12,1 poly=1,16,105,378,840,1223,1200,795,344,88,10
SAMPLE n=16 alpha=10 par=0,1,2,3,3,3,3,2,2,1,10,1,12,1,14,1 poly=1,16,105,379,848,1246,1231,814,346,85,9
SAMPLE n=16 alpha=11 par=0,1,2,3,3,3,2,7,7,7,2,11,2,2,1,15 poly=1,16,105,380,851,1250,1244,851,398,123,23,2
SAMPLE n=16 alpha=11 par=0,1,2,3,3,3,2,7,7,7,2,1,12,12,12,1 poly=1,16,105,377,837,1234,1258,901,450,151,31,3
SAMPLE n=16 alpha=11 par=0,1,2,3,3,3,2,7,7,7,2,1,12,1,1,1 poly=1,16,105,379,852,1283,1349,1006,527,186,40,4
SAMPLE n=16 alpha=10 par=0,1,2,3,3,3,2,7,7,7,1,11,12,11,1,15 poly=1,16,105,373,801,1109,1034,658,277,70,8
SAMPLE n=16 alpha=11 par=0,1,2,3,3,3,2,7,7,7,1,11,12,1,14,15 poly=1,16,105,372,792,1080,992,630,274,78,13,1
SAMPLE n=16 alpha=11 par=0,1,2,3,3,3,2,7,7,7,1,11,11,1,14,14 poly=1,16,105,374,812,1157,1140,790,380,121,23,2
SAMPLE n=16 alpha=11 par=0,1,2,3,3,3,2,7,2,2,2,2,1,13,14,14 poly=1,16,105,383,883,1372,1481,1119,584,202,42,4
SAMPLE n=16 alpha=11 par=0,1,2,3,3,3,2,7,2,2,2,1,12,13,1,1 poly=1,16,105,380,853,1259,1259,863,403,124,23,2
SAMPLE n=16 alpha=10 par=0,1,2,3,3,3,2,7,2,2,2,1,12,1,14,1 poly=1,16,105,380,851,1245,1217,794,336,85,10
SAMPLE n=16 alpha=10 par=0,1,2,3,3,3,2,7,2,2,1,11,12,11,11,1 poly=1,16,105,377,832,1194,1141,725,297,72,8
SAMPLE n=16 alpha=10 par=0,1,2,3,3,3,2,7,2,2,1,11,12,1,14,14 poly=1,16,105,375,813,1129,1031,622,242,56,6
SAMPLE n=16 alpha=10 par=0,1,2,3,3,3,2,7,2,2,1,11,1,13,1,1 poly=1,16,105,379,844,1224,1181,755,309,74,8
SAMPLE n=16 alpha=13 par=0,1,2,3,3,3,2,2,2,2,2,2,1,13,13,13 poly=1,16,105,391,957,1659,2115,2017,1444,769,297,79,13,1
SAMPLE n=16 alpha=12 par=0,1,2,3,3,3,2,2,2,2,2,1,12,12,1,1 poly=1,16,105,386,906,1453,1650,1346,786,321,87,14,1
SAMPLE n=16 alpha=12 par=0,1,2,3,3,3,2,2,2,2,1,11,12,12,11,11 poly=1,16,105,381,874,1364,1509,1206,696,284,78,13,1
SAMPLE n=16 alpha=11 par=0,1,2,3,3,3,2,2,2,2,1,11,12,11,1,15 poly=1,16,105,379,849,1258,1276,897,432,136,25,2
SAMPLE n=16 alpha=10 par=0,1,2,3,3,3,2,1,8,9,9,9,1,13,14,13 poly=1,16,105,373,804,1124,1056,671,280,70,8
SAMPLE n=16 alpha=10 par=0,1,2,3,3,3,2,1,8,9,9,9,1,13,1,15 poly=1,16,105,374,811,1143,1087,703,300,77,9
SAMPLE n=16 alpha=10 par=0,1,2,3,3,3,2,1,8,9,9,8,12,8,14,8 poly=1,16,105,375,816,1139,1038,612,224,46,4
SAMPLE n=16 alpha=10 par=0,1,2,3,3,3,2,1,8,9,9,8,1,13,13,1 poly=1,16,105,374,808,1121,1025,617,236,52,5
SAMPLE n=16 alpha=10 par=0,1,2,3,3,3,2,1,8,9,9,8,1,13,1,15 poly=1,16,105,373,797,1075,930,508,164,26,1
SAMPLE n=16 alpha=10 par=0,1,2,3,3,3,2,1,8,9,8,11,8,13,8,8 poly=1,16,105,378,843,1232,1203,778,320,76,8
SAMPLE n=16 alpha=10 par=0,1,2,3,3,3,2,1,8,9,8,11,8,8,8,1 poly=1,16,105,379,852,1266,1273,863,381,100,12
SAMPLE n=16 alpha=11 par=0,1,2,3,3,3,2,1,8,9,8,8,8,8,1,1 poly=1,16,105,381,871,1342,1441,1089,572,200,42,4
SAMPLE n=16 alpha=10 par=0,1,2,3,3,3,2,1,8,9,8,8,1,13,13,1 poly=1,16,105,375,816,1146,1066,656,258,59,6
SAMPLE n=16 alpha=10 par=0,1,2,3,3,3,2,1,8,9,8,1,12,12,1,15 poly=1,16,105,373,796,1070,922,504,166,29,2
SAMPLE n=16 alpha=10 par=0,1,2,3,3,3,2,1,8,9,1,11,12,1,14,15 poly=1,16,105,371,779,1016,840,440,141,25,2
SAMPLE n=16 alpha=11 par=0,1,2,3,3,3,2,1,8,9,1,11,11,11,11,1 poly=1,16,105,377,837,1232,1248,880,426,135,25,2
SAMPLE n=16 alpha=11 par=0,1,2,3,3,3,2,1,8,9,1,11,11,1,1,1 poly=1,16,105,379,850,1264,1289,910,438,137,25,2
SAMPLE n=16 alpha=10 par=0,1,2,3,3,3,2,1,8,9,1,11,1,13,1,1 poly=1,16,105,378,839,1216,1179,762,316,76,8
SAMPLE n=16 alpha=10 par=0,1,2,3,3,2,6,6,2,9,9,2,1,13,14,14 poly=1,16,105,374,803,1088,946,525,180,35,3
SAMPLE n=16 alpha=10 par=0,1,2,3,3,2,6,6,2,9,9,1,12,13,13,12 poly=1,16,105,372,788,1045,886,482,165,33,3
SAMPLE n=16 alpha=11 par=0,1,2,3,3,2,6,6,2,9,9,1,12,13,13,1 poly=1,16,105,372,787,1043,897,522,212,60,11,1
SAMPLE n=16 alpha=9 par=0,1,2,3,3,2,6,6,2,9,2,11,2,13,1,15 poly=1,16,105,376,809,1074,866,403,99,10
SAMPLE n=16 alpha=9 par=0,1,2,3,3,2,6,6,2,9,2,11,2,1,14,15 poly=1,16,105,376,813,1098,920,457,121,13
SAMPLE n=16 alpha=9 par=0,1,2,3,3,2,6,6,2,9,2,11,1,13,14,13 poly=1,16,105,373,791,1035,832,396,102,11
SAMPLE n=16 alpha=10 par=0,1,2,3,3,2,6,6,2,9,2,2,1,13,14,14 poly=1,16,105,377,828,1168,1074,636,232,47,4
SAMPLE n=16 alpha=10 par=0,1,2,3,3,2,6,6,2,9,2,2,1,13,14,13 poly=1,16,105,377,827,1163,1064,626,227,46,4
SAMPLE n=16 alpha=10 par=0,1,2,3,3,2,6,6,2,9,2,1,12,13,12,12 poly=1,16,105,375,814,1131,1027,606,223,46,4
SAMPLE n=16 alpha=10 par=0,1,2,3,3,2,6,6,2,9,1,11,12,1,14,15 poly=1,16,105,370,766,957,718,319,84,13,1
SAMPLE n=16 alpha=11 par=0,1,2,3,3,2,6,6,1,9,9,1,12,1,1,1 poly=1,16,105,378,839,1221,1206,822,386,121,23,2
SAMPLE n=16 alpha=10 par=0,1,2,3,3,2,6,2,2,1,10,11,11,10,14,10 poly=1,16,105,375,816,1140,1041,615,225,46,4
SAMPLE n=16 alpha=11 par=0,1,2,3,3,2,6,2,2,1,10,11,11,1,1,1 poly=1,16,105,378,840,1227,1223,847,405,128,24,2
SAMPLE n=16 alpha=9 par=0,1,2,3,3,2,6,2,2,1,10,11,10,13,1,15 poly=1,16,105,373,793,1047,857,418,110,12
SAMPLE n=16 alpha=10 par=0,1,2,3,3,2,6,2,2,1,10,11,10,1,14,14 poly=1,16,105,374,804,1096,967,552,199,42,4
SAMPLE n=16 alpha=10 par=0,1,2,3,3,2,6,2,2,1,10,11,10,1,1,1 poly=1,16,105,378,836,1197,1132,703,276,62,6
SAMPLE n=16 alpha=10 par=0,1,2,3,3,2,6,2,2,1,10,11,1,13,1,1 poly=1,16,105,377,826,1159,1058,622,226,46,4
SAMPLE n=16 alpha=11 par=0,1,2,3,3,2,6,1,8,1,10,1,1,1,1,1 poly=1,16,105,387,912,1461,1626,1253,654,221,44,4
SAMPLE n=16 alpha=12 par=0,1,2,3,3,2,6,1,8,1,1,1,1,1,1,1 poly=1,16,105,394,972,1677,2065,1821,1142,498,144,25,2
SAMPLE n=16 alpha=11 par=0,1,2,3,3,1,6,7,7,1,10,11,11,1,14,1 poly=1,16,105,373,801,1112,1053,703,331,106,21,2
SAMPLE n=16 alpha=10 par=0,1,2,3,3,1,6,7,7,1,10,11,10,1,14,15 poly=1,16,105,370,771,994,816,434,149,31,3
SAMPLE n=16 alpha=10 par=0,1,2,3,3,1,6,7,7,1,10,11,1,13,1,15 poly=1,16,105,372,787,1043,892,502,183,40,4
SAMPLE n=16 alpha=12 par=0,1,2,3,3,1,6,7,7,1,10,10,10,1,1,1 poly=1,16,105,379,853,1291,1380,1071,607,247,69,12,1
SAMPLE n=16 alpha=11 par=0,1,2,3,3,1,6,7,7,1,10,10,1,13,13,1 poly=1,16,105,374,806,1114,1026,643,274,77,13,1
SAMPLE n=16 alpha=8 par=0,1,2,3,2,5,2,7,2,9,2,11,2,13,1,15 poly=1,16,105,379,830,1127,916,397,66
SAMPLE n=16 alpha=8 par=0,1,2,3,2,5,2,7,2,9,2,11,1,13,14,13 poly=1,16,105,375,805,1067,851,371,67
SAMPLE n=16 alpha=9 par=0,1,2,3,2,5,2,7,2,9,1,11,12,11,11,1 poly=1,16,105,374,800,1061,858,391,80,2
SAMPLE n=16 alpha=11 par=0,1,2,3,2,5,2,2,1,9,1,1,1,1,1,1 poly=1,16,105,391,943,1570,1852,1548,897,343,78,8
SAMPLE n=16 alpha=11 par=0,1,2,3,2,2,2,2,2,2,2,1,12,13,1,15 poly=1,16,105,393,962,1633,1953,1639,946,358,80,8
SAMPLE n=16 alpha=12 par=0,1,2,3,2,2,2,2,2,2,1,11,12,1,1,1 poly=1,16,105,391,946,1590,1917,1676,1057,470,140,25,2
SAMPLE n=16 alpha=11 par=0,1,2,3,2,2,1,7,8,7,7,1,12,12,12,12 poly=1,16,105,377,839,1252,1313,984,520,185,40,4
SAMPLE n=16 alpha=9 par=0,1,2,3,2,2,1,7,8,7,1,11,12,1,14,1 poly=1,16,105,374,799,1062,877,432,114,12
SAMPLE n=16 alpha=10 par=0,1,2,3,2,2,1,7,8,1,10,11,1,13,13,13 poly=1,16,105,373,795,1068,927,518,177,32,2
SAMPLE n=16 alpha=11 par=0,1,2,3,2,2,1,7,8,1,10,1,1,1,1,1 poly=1,16,105,388,917,1473,1648,1283,679,232,46,4
SAMPLE n=16 alpha=14 par=0,1,2,2,2,2,2,2,2,2,2,2,2,1,1,1 poly=1,16,105,422,1167,2332,3465,3894,3333,2167,1056,375,92,14,1
SAMPLE n=16 alpha=14 par=0,1,2,2,2,2,2,2,2,2,2,1,12,12,12,12 poly=1,16,105,406,1089,2129,3129,3516,3039,2011,1002,364,91,14,1
SAMPLE n=16 alpha=14 par=0,1,2,2,2,2,2,2,2,2,1,1,1,1,1,1 poly=1,16,105,407,1077,2087,3065,3461,3011,2003,1001,364,91,14,1
SAMPLE n=16 alpha=12 par=0,1,2,2,2,2,1,7,7,7,7,1,12,12,12,1 poly=1,16,105,382,883,1412,1635,1396,877,396,122,23,2
SAMPLE n=16 alpha=12 par=0,1,2,2,2,2,1,7,7,7,7,1,12,12,1,1 poly=1,16,105,383,885,1397,1571,1280,753,312,86,14,1
SAMPLE n=16 alpha=11 par=0,1,2,2,2,2,1,7,7,7,1,11,1,13,1,1 poly=1,16,105,383,877,1344,1429,1069,557,194,41,4
TOP5 rank=0 n=16 alpha=14 k=7 q=9 num=2749806 den=11978521 par=0,1,2,2,2,2,2,2,2,2,1,1,1,1,1,1 poly=1,16,105,407,1077,2087,3065,3461,3011,2003,1001,364,91,14,1
TOP5 rank=1 n=16 alpha=14 k=7 q=9 num=2757940 den=11971600 par=0,1,2,2,2,2,2,2,2,2,1,11,11,11,11,11 poly=1,16,105,402,1067,2077,3060,3460,3011,2003,1001,364,91,14,1
TOP5 rank=2 n=16 alpha=14 k=7 q=9 num=2850186 den=12362256 par=0,1,2,2,2,2,2,2,2,2,2,1,1,1,1,1 poly=1,16,105,410,1095,2133,3130,3516,3039,2011,1002,364,91,14,1
TOP5 rank=3 n=16 alpha=14 k=7 q=9 num=2853225 den=12362256 par=0,1,2,2,2,2,2,2,2,2,2,1,12,12,12,12 poly=1,16,105,406,1089,2129,3129,3516,3039,2011,1002,364,91,14,1
TOP5 rank=4 n=16 alpha=14 k=7 q=9 num=3098799 den=13264164 par=0,1,2,2,2,2,2,2,2,2,2,2,1,13,13,13 poly=1,16,105,412,1122,2212,3255,3642,3123,2047,1011,365,91,14,1
TOP5 rank=5 n=16 alpha=14 k=7 q=9 num=3098799 den=13264164 par=0,1,2,2,2,2,2,2,2,2,2,2,1,1,1,1 poly=1,16,105,415,1125,2213,3255,3642,3123,2047,1011,365,91,14,1
TOP5 rank=6 n=16 alpha=14 k=7 q=9 num=6257394 den=26501904 par=0,1,2,2,2,2,2,2,2,2,2,2,2,2,2,1 poly=1,16,105,442,1287,2717,4290,5148,4719,3289,1716,650,169,27,2
TOP5 rank=7 n=16 alpha=13 k=7 q=9 num=766143 den=3240000 par=0,1,2,2,2,2,1,7,7,7,7,1,12,12,12,12 poly=1,16,105,383,901,1509,1887,1800,1311,718,286,78,13,1
TOP5 rank=8 n=16 alpha=14 k=7 q=9 num=3614391 den=15163236 par=0,1,2,2,2,2,2,2,2,2,2,2,2,1,14,14 poly=1,16,105,420,1166,2332,3465,3894,3333,2167,1056,375,92,14,1
TOP5 rank=9 n=16 alpha=14 k=7 q=9 num=3614391 den=15163236 par=0,1,2,2,2,2,2,2,2,2,2,2,2,1,1,1 poly=1,16,105,422,1167,2332,3465,3894,3333,2167,1056,375,92,14,1
TOP5 rank=10 n=16 alpha=14 k=7 q=9 num=4572711 den=18974736 par=0,1,2,2,2,2,2,2,2,2,2,2,2,2,1,15 poly=1,16,105,430,1221,2497,3795,4356,3795,2497,1221,430,103,15,1
TOP5 rank=11 n=16 alpha=14 k=7 q=9 num=4572711 den=18974736 par=0,1,2,2,2,2,2,2,2,2,2,2,2,2,1,1 poly=1,16,105,431,1221,2497,3795,4356,3795,2497,1221,430,103,15,1
TOP4 rank=0 n=16 alpha=14 k=7 q=9 num=2749806 den=11978521 par=0,1,2,2,2,2,2,2,2,2,1,1,1,1,1,1 poly=1,16,105,407,1077,2087,3065,3461,3011,2003,1001,364,91,14,1
TOP4 rank=1 n=16 alpha=14 k=7 q=9 num=2757940 den=11971600 par=0,1,2,2,2,2,2,2,2,2,1,11,11,11,11,11 poly=1,16,105,402,1067,2077,3060,3460,3011,2003,1001,364,91,14,1
TOP4 rank=2 n=16 alpha=14 k=7 q=9 num=2850186 den=12362256 par=0,1,2,2,2,2,2,2,2,2,2,1,1,1,1,1 poly=1,16,105,410,1095,2133,3130,3516,3039,2011,1002,364,91,14,1
TOP4 rank=3 n=16 alpha=14 k=7 q=9 num=2853225 den=12362256 par=0,1,2,2,2,2,2,2,2,2,2,1,12,12,12,12 poly=1,16,105,406,1089,2129,3129,3516,3039,2011,1002,364,91,14,1
TOP4 rank=4 n=16 alpha=14 k=7 q=9 num=3098799 den=13264164 par=0,1,2,2,2,2,2,2,2,2,2,2,1,13,13,13 poly=1,16,105,412,1122,2212,3255,3642,3123,2047,1011,365,91,14,1
TOP4 rank=5 n=16 alpha=14 k=7 q=9 num=3098799 den=13264164 par=0,1,2,2,2,2,2,2,2,2,2,2,1,1,1,1 poly=1,16,105,415,1125,2213,3255,3642,3123,2047,1011,365,91,14,1
TOP4 rank=6 n=16 alpha=14 k=7 q=9 num=6257394 den=26501904 par=0,1,2,2,2,2,2,2,2,2,2,2,2,2,2,1 poly=1,16,105,442,1287,2717,4290,5148,4719,3289,1716,650,169,27,2
TOP4 rank=7 n=16 alpha=13 k=7 q=9 num=766143 den=3240000 par=0,1,2,2,2,2,1,7,7,7,7,1,12,12,12,12 poly=1,16,105,383,901,1509,1887,1800,1311,718,286,78,13,1
TOP4 rank=8 n=16 alpha=14 k=7 q=9 num=3614391 den=15163236 par=0,1,2,2,2,2,2,2,2,2,2,2,2,1,14,14 poly=1,16,105,420,1166,2332,3465,3894,3333,2167,1056,375,92,14,1
TOP4 rank=9 n=16 alpha=14 k=7 q=9 num=3614391 den=15163236 par=0,1,2,2,2,2,2,2,2,2,2,2,2,1,1,1 poly=1,16,105,422,1167,2332,3465,3894,3333,2167,1056,375,92,14,1
TOP4 rank=10 n=16 alpha=14 k=7 q=9 num=4572711 den=18974736 par=0,1,2,2,2,2,2,2,2,2,2,2,2,2,1,15 poly=1,16,105,430,1221,2497,3795,4356,3795,2497,1221,430,103,15,1
TOP4 rank=11 n=16 alpha=14 k=7 q=9 num=4572711 den=18974736 par=0,1,2,2,2,2,2,2,2,2,2,2,2,2,1,1 poly=1,16,105,431,1221,2497,3795,4356,3795,2497,1221,430,103,15,1
VDMIN_FLOAT n=16 value=0.653958079128 k=6 alpha=9 q=6 lambda=2.23681994531 V=1.28500156774 delta=0.5089161722 par=0,1,2,3,2,5,2,7,2,9,1,11,12,11,14,1 poly=1,16,105,372,780,984,712,253,27,1
PERK n=16 alpha=14 k=4 q=9 num=303535 den=1138489 par=0,1,2,2,2,2,2,2,2,2,1,11,11,11,11,11
PERK n=16 alpha=14 k=5 q=9 num=1054564 den=4355569 par=0,1,2,2,2,2,2,2,2,2,1,1,1,1,1,1
PERK n=16 alpha=14 k=6 q=9 num=2171118 den=9394225 par=0,1,2,2,2,2,2,2,2,2,1,1,1,1,1,1
PERK n=16 alpha=14 k=7 q=9 num=2749806 den=11978521 par=0,1,2,2,2,2,2,2,2,2,1,1,1,1,1,1
PERK n=16 alpha=14 k=8 q=9 num=2164845 den=9235521 par=0,1,2,2,2,2,2,2,2,2,2,1,12,12,12,12
PERK n=16 alpha=14 k=9 q=9 num=1032856 den=4190209 par=0,1,2,2,2,2,2,2,2,2,2,2,1,13,13,13
PERALPHA n=16 alpha=8 k=4 q=5 num=277830 den=765625 par=0,1,2,1,4,1,6,1,8,1,10,1,12,1,14,1
PERALPHA n=16 alpha=9 k=4 q=6 num=293560 den=868624 par=0,1,2,1,4,1,6,1,8,1,10,1,12,1,1,1
PERALPHA n=16 alpha=10 k=5 q=7 num=512571 den=1648656 par=0,1,2,3,4,4,4,4,4,1,10,11,10,13,10,1
PERALPHA n=16 alpha=11 k=6 q=7 num=466650 den=1648656 par=0,1,2,3,3,3,2,7,7,7,1,11,1,13,1,1
PERALPHA n=16 alpha=12 k=7 q=8 num=242281 den=942841 par=0,1,2,3,3,3,2,7,7,7,1,11,12,12,1,1
PERALPHA n=16 alpha=13 k=7 q=9 num=766143 den=3240000 par=0,1,2,2,2,2,1,7,7,7,7,1,12,12,12,12
PERALPHA n=16 alpha=14 k=7 q=9 num=2749806 den=11978521 par=0,1,2,2,2,2,2,2,2,2,1,1,1,1,1,1
TOPQ n=16 alpha=14 k=9 q=9 num=1032856 den=4190209 par=0,1,2,2,2,2,2,2,2,2,2,2,1,13,13,13
NEWTON n=16 alpha=12 k=8 q=8 num=3790620 den=4047732 par=0,1,2,3,3,3,2,7,7,7,1,11,12,12,12,1
NEWTONFAIL_DIST n=16 q_minus_k=0 trees=116
NEWTONFAIL_DIST n=16 q_minus_k=1 trees=31
NEWTONFAIL_DIST n=16 q_minus_k=2 trees=21
NEWTONFAIL_DIST n=16 q_minus_k=3 trees=10
NEWTONFAIL_DIST n=16 q_minus_k=4 trees=3
NEWTONFAIL_DIST n=16 q_minus_k=5 trees=5
VDBIN_FLOAT n=16 bin_lo=0 value=0.653958079128 k=6 alpha=9 q=6 lambda=2.23681994531 V=1.28500156774 delta=0.5089161722 par=0,1,2,3,2,5,2,7,2,9,1,11,12,11,14,1
VDBIN_FLOAT n=16 bin_lo=2 value=0.693624007776 k=7 alpha=10 q=7 lambda=2.44666325185 V=2.01030082094 delta=0.34503493236 par=0,1,2,3,4,4,3,7,7,2,10,11,2,1,14,15
STATS n=16 trees=3717 viol5=0 viol4=0 zero5=0 zero4=0 nonunimodal=0 sampled=430 newton_fail_trees=186
