TOP5 rank=0 n=17 alpha=16 k=8 q=11 num=34763300 den=165636900 par=0,1,1,1,1,1,1,1,1,1,1,1,1,1,1,1,1 poly=1,17,120,560,1820,4368,8008,11440,12870,11440,8008,4368,1820,560,120,16,1
TOP5 rank=1 n=17 alpha=14 k=7 q=9 num=3175823 den=13980121 par=0,1,2,3,3,3,3,3,3,1,10,11,11,11,11,1,1 poly=1,17,120,479,1262,2397,3418,3739,3161,2056,1012,365,91,14,1
TOP5 rank=2 n=17 alpha=14 k=7 q=9 num=3175823 den=13980121 par=0,1,2,2,2,2,2,2,1,9,9,9,9,1,14,14,14 poly=1,17,120,480,1264,2398,3418,3739,3161,2056,1012,365,91,14,1
TOP5 rank=3 n=17 alpha=14 k=7 q=9 num=3178984 den=13980121 par=0,1,2,3,3,3,3,3,3,1,10,11,11,11,1,1,1 poly=1,17,120,479,1261,2395,3417,3739,3161,2056,1012,365,91,14,1
TOP5 rank=4 n=17 alpha=14 k=7 q=9 num=6238146 den=27081616 par=0,1,2,2,2,2,2,2,1,9,1,1,1,1,1,1,1 poly=1,17,120,498,1399,2857,4402,5204,4735,3291,1716,650,169,27,2
TOP5 rank=5 n=17 alpha=14 k=7 q=9 num=3467836 den=15054400 par=0,1,2,2,2,2,2,2,1,9,9,9,9,1,1,1,1 poly=1,17,120,486,1303,2496,3564,3880,3251,2093,1021,366,91,14,1
TOP5 rank=6 n=17 alpha=14 k=7 q=9 num=3584330 den=15492096 par=0,1,2,3,3,3,3,3,3,1,10,11,11,11,11,11,1 poly=1,17,120,481,1282,2467,3562,3936,3343,2168,1056,375,92,14,1
TOP5 rank=7 n=17 alpha=14 k=7 q=9 num=3584330 den=15492096 par=0,1,2,2,2,2,2,2,1,9,9,9,9,9,1,15,15 poly=1,17,120,482,1283,2467,3562,3936,3343,2168,1056,375,92,14,1
TOP5 rank=8 n=17 alpha=14 k=7 q=9 num=3589831 den=15484225 par=0,1,2,3,3,3,3,3,3,1,10,11,11,1,1,1,1 poly=1,17,120,481,1279,2461,3558,3935,3343,2168,1056,375,92,14,1
TOP5 rank=9 n=17 alpha=14 k=7 q=9 num=3723245 den=16056049 par=0,1,2,2,2,2,2,2,1,9,9,9,1,1,1,1,1 poly=1,17,120,488,1316,2538,3652,4007,3377,2177,1057,375,92,14,1
TOP5 rank=10 n=17 alpha=14 k=7 q=9 num=3732117 den=16048036 par=0,1,2,2,2,2,2,2,1,9,9,9,9,9,1,1,1 poly=1,17,120,486,1309,2529,3647,4006,3377,2177,1057,375,92,14,1
TOP5 rank=11 n=17 alpha=14 k=7 q=9 num=4568060 den=19518724 par=0,1,2,2,2,2,2,2,1,9,9,1,1,1,1,1,1 poly=1,17,120,492,1348,2657,3922,4418,3812,2499,1221,430,103,15,1
TOP4 rank=0 n=17 alpha=16 k=8 q=11 num=34763300 den=165636900 par=0,1,1,1,1,1,1,1,1,1,1,1,1,1,1,1,1 poly=1,17,120,560,1820,4368,8008,11440,12870,11440,8008,4368,1820,560,120,16,1
TOP4 rank=1 n=17 alpha=14 k=7 q=9 num=3175823 den=13980121 par=0,1,2,3,3,3,3,3,3,1,10,11,11,11,11,1,1 poly=1,17,120,479,1262,2397,3418,3739,3161,2056,1012,365,91,14,1
TOP4 rank=2 n=17 alpha=14 k=7 q=9 num=3175823 den=13980121 par=0,1,2,2,2,2,2,2,1,9,9,9,9,1,14,14,14 poly=1,17,120,480,1264,2398,3418,3739,3161,2056,1012,365,91,14,1
TOP4 rank=3 n=17 alpha=14 k=7 q=9 num=3178984 den=13980121 par=0,1,2,3,3,3,3,3,3,1,10,11,11,11,1,1,1 poly=1,17,120,479,1261,2395,3417,3739,3161,2056,1012,365,91,14,1
TOP4 rank=4 n=17 alpha=14 k=7 q=9 num=6238146 den=27081616 par=0,1,2,2,2,2,2,2,1,9,1,1,1,1,1,1,1 poly=1,17,120,498,1399,2857,4402,5204,4735,3291,1716,650,169,27,2
TOP4 rank=5 n=17 alpha=14 k=7 q=9 num=3467836 den=15054400 par=0,1,2,2,2,2,2,2,1,9,9,9,9,1,1,1,1 poly=1,17,120,486,1303,2496,3564,3880,3251,2093,1021,366,91,14,1
TOP4 rank=6 n=17 alpha=14 k=7 q=9 num=3584330 den=15492096 par=0,1,2,3,3,3,3,3,3,1,10,11,11,11,11,11,1 poly=1,17,120,481,1282,2467,3562,3936,3343,2168,1056,375,92,14,1
TOP4 rank=7 n=17 alpha=14 k=7 q=9 num=3584330 den=15492096 par=0,1,2,2,2,2,2,2,1,9,9,9,9,9,1,15,15 poly=1,17,120,482,1283,2467,3562,3936,3343,2168,1056,375,92,14,1
TOP4 rank=8 n=17 alpha=14 k=7 q=9 num=3589831 den=15484225 par=0,1,2,3,3,3,3,3,3,1,10,11,11,1,1,1,1 poly=1,17,120,481,1279,2461,3558,3935,3343,2168,1056,375,92,14,1
TOP4 rank=9 n=17 alpha=14 k=7 q=9 num=3723245 den=16056049 par=0,1,2,2,2,2,2,2,1,9,9,9,1,1,1,1,1 poly=1,17,120,488,1316,2538,3652,4007,3377,2177,1057,375,92,14,1
TOP4 rank=10 n=17 alpha=14 k=7 q=9 num=3732117 den=16048036 par=0,1,2,2,2,2,2,2,1,9,9,9,9,9,1,1,1 poly=1,17,120,486,1309,2529,3647,4006,3377,2177,1057,375,92,14,1
TOP4 rank=11 n=17 alpha=14 k=7 q=9 num=4568060 den=19518724 par=0,1,2,2,2,2,2,2,1,9,9,1,1,1,1,1,1 poly=1,17,120,492,1348,2657,3922,4418,3812,2499,1221,430,103,15,1
VDMIN_FLOAT n=17 value=0.648541471762 k=6 alpha=9 q=6 lambda=1.75176300095 V=1.44946786082 delta=0.447434185532 par=0,1,2,3,4,3,6,3,8,3,10,1,12,13,14,1,16 poly=1,17,120,462,1067,1520,1307,621,126,1
PERK n=17 alpha=16 k=4 q=11 num=866320 den=3312400 par=0,1,1,1,1,1,1,1,1,1,1,1,1,1,1,1,1
PERK n=17 alpha=16 k=5 q=11 num=4504864 den=19079424 par=0,1,1,1,1,1,1,1,1,1,1,1,1,1,1,1,1
PERK n=17 alpha=16 k=6 q=11 num=14158144 den=64128064 par=0,1,1,1,1,1,1,1,1,1,1,1,1,1,1,1,1
PERK n=17 alpha=16 k=7 q=11 num=27810640 den=130873600 par=0,1,1,1,1,1,1,1,1,1,1,1,1,1,1,1,1
PERK n=17 alpha=16 k=8 q=11 num=34763300 den=165636900 par=0,1,1,1,1,1,1,1,1,1,1,1,1,1,1,1,1
PERK n=17 alpha=16 k=9 q=11 num=27810640 den=130873600 par=0,1,1,1,1,1,1,1,1,1,1,1,1,1,1,1,1
PERK n=17 alpha=16 k=10 q=11 num=14158144 den=64128064 par=0,1,1,1,1,1,1,1,1,1,1,1,1,1,1,1,1
PERK n=17 alpha=16 k=11 q=11 num=4504864 den=19079424 par=0,1,1,1,1,1,1,1,1,1,1,1,1,1,1,1,1
PERALPHA n=17 alpha=9 k=5 q=6 num=1165252 den=3378244 par=0,1,2,3,4,3,6,3,8,3,10,3,3,1,14,15,14
PERALPHA n=17 alpha=10 k=5 q=7 num=1346834 den=4293184 par=0,1,2,3,2,5,2,7,2,2,2,2,1,13,14,13,16
PERALPHA n=17 alpha=11 k=6 q=7 num=1929001 den=6754801 par=0,1,2,3,2,5,2,7,2,2,1,11,12,11,11,11,11
PERALPHA n=17 alpha=12 k=6 q=8 num=2558698 den=9740641 par=0,1,2,3,2,5,2,2,2,2,1,11,12,11,11,11,11
PERALPHA n=17 alpha=13 k=7 q=9 num=1974789 den=8173881 par=0,1,2,3,3,3,3,2,1,9,10,10,10,10,1,1,1
PERALPHA n=17 alpha=14 k=7 q=9 num=3175823 den=13980121 par=0,1,2,3,3,3,3,3,3,1,10,11,11,11,11,1,1
PERALPHA n=17 alpha=16 k=8 q=11 num=34763300 den=165636900 par=0,1,1,1,1,1,1,1,1,1,1,1,1,1,1,1,1
TOPQ n=17 alpha=16 k=11 q=11 num=4504864 den=19079424 par=0,1,1,1,1,1,1,1,1,1,1,1,1,1,1,1,1
NEWTON n=17 alpha=12 k=8 q=8 num=11405250 den=11980800 par=0,1,2,3,4,4,2,2,1,9,10,9,9,1,14,14,14
NEWTONFAIL_DIST n=17 q_minus_k=0 trees=114
NEWTONFAIL_DIST n=17 q_minus_k=1 trees=49
NEWTONFAIL_DIST n=17 q_minus_k=2 trees=21
NEWTONFAIL_DIST n=17 q_minus_k=3 trees=9
NEWTONFAIL_DIST n=17 q_minus_k=4 trees=15
NEWTONFAIL_DIST n=17 q_minus_k=5 trees=2
VDBIN_FLOAT n=17 bin_lo=0 value=0.648541471762 k=6 alpha=9 q=6 lambda=1.75176300095 V=1.44946786082 delta=0.447434185532 par=0,1,2,3,4,3,6,3,8,3,10,1,12,13,14,1,16
VDBIN_FLOAT n=17 bin_lo=2 value=0.700102004602 k=7 alpha=10 q=7 lambda=2.09457206622 V=2.00795514857 delta=0.348664164685 par=0,1,2,3,4,5,4,7,2,1,10,11,12,13,12,10,10
VDBIN_FLOAT n=17 bin_lo=4 value=0.839650256741 k=8 alpha=16 q=11 lambda=1.00002669825 V=4.00068651741 delta=0.20987654321 par=0,1,1,1,1,1,1,1,1,1,1,1,1,1,1,1,1
STATS n=17 trees=9377 viol5=0 viol4=0 zero5=0 zero4=0 nonunimodal=0 sampled=0 newton_fail_trees=210
