TOP5 rank=0 n=17 alpha=15 k=7 q=10 num=9102062 den=41589601 par=0,1,2,2,2,2,2,2,2,1,10,10,10,10,10,10,10 poly=1,17,120,497,1435,3073,5047,6449,6437,5005,3003,1365,455,105,15,1
TOP5 rank=1 n=17 alpha=14 k=7 q=9 num=3198496 den=14137600 par=0,1,2,3,3,3,3,3,3,2,2,2,2,1,14,14,14 poly=1,17,120,483,1282,2432,3453,3760,3168,2057,1012,365,91,14,1
TOP5 rank=2 n=17 alpha=14 k=7 q=9 num=3201664 den=14137600 par=0,1,2,3,3,3,3,3,3,2,2,2,1,13,13,13,13 poly=1,17,120,482,1279,2429,3452,3760,3168,2057,1012,365,91,14,1
TOP5 rank=3 n=17 alpha=14 k=7 q=9 num=6203243 den=26925721 par=0,1,2,2,2,2,2,2,2,1,10,1,1,1,1,1,1 poly=1,17,120,497,1393,2842,4382,5189,4729,3290,1716,650,169,27,2
TOP5 rank=4 n=17 alpha=14 k=7 q=9 num=3607899 den=15657849 par=0,1,2,3,3,3,3,3,3,2,2,2,2,2,1,15,15 poly=1,17,120,486,1303,2502,3597,3957,3350,2169,1056,375,92,14,1
TOP5 rank=5 n=17 alpha=14 k=7 q=9 num=3616736 den=15649936 par=0,1,2,3,3,3,3,3,3,2,2,1,12,12,12,12,12 poly=1,17,120,483,1294,2492,3592,3956,3350,2169,1056,375,92,14,1
TOP5 rank=6 n=17 alpha=14 k=7 q=9 num=6216313 den=26863489 par=0,1,2,2,2,2,2,2,2,1,10,10,10,10,10,10,1 poly=1,17,120,492,1378,2822,4367,5183,4728,3290,1716,650,169,27,2
TOP5 rank=7 n=17 alpha=14 k=7 q=9 num=3476876 den=15007876 par=0,1,2,2,2,2,2,2,2,1,10,10,10,1,14,14,14 poly=1,17,120,483,1288,2474,3548,3874,3250,2093,1021,366,91,14,1
TOP5 rank=8 n=17 alpha=14 k=7 q=9 num=3734992 den=16000000 par=0,1,2,2,2,2,2,2,2,1,10,10,10,10,1,15,15 poly=1,17,120,484,1298,2512,3633,4000,3376,2177,1057,375,92,14,1
TOP5 rank=9 n=17 alpha=14 k=7 q=9 num=4535397 den=19386409 par=0,1,2,3,3,3,3,3,3,2,2,2,2,2,2,1,16 poly=1,17,120,491,1342,2642,3902,4403,3806,2498,1221,430,103,15,1
TOP5 rank=10 n=17 alpha=14 k=7 q=9 num=4543574 den=19333609 par=0,1,2,3,3,3,3,3,3,2,1,11,11,11,11,11,11 poly=1,17,120,486,1327,2622,3887,4397,3805,2498,1221,430,103,15,1
TOP5 rank=11 n=17 alpha=14 k=7 q=9 num=4574079 den=19421649 par=0,1,2,2,2,2,2,2,2,1,10,10,10,10,10,1,16 poly=1,17,120,487,1328,2627,3897,4407,3810,2499,1221,430,103,15,1
TOP4 rank=0 n=17 alpha=15 k=7 q=10 num=9102062 den=41589601 par=0,1,2,2,2,2,2,2,2,1,10,10,10,10,10,10,10 poly=1,17,120,497,1435,3073,5047,6449,6437,5005,3003,1365,455,105,15,1
TOP4 rank=1 n=17 alpha=14 k=7 q=9 num=3198496 den=14137600 par=0,1,2,3,3,3,3,3,3,2,2,2,2,1,14,14,14 poly=1,17,120,483,1282,2432,3453,3760,3168,2057,1012,365,91,14,1
TOP4 rank=2 n=17 alpha=14 k=7 q=9 num=3201664 den=14137600 par=0,1,2,3,3,3,3,3,3,2,2,2,1,13,13,13,13 poly=1,17,120,482,1279,2429,3452,3760,3168,2057,1012,365,91,14,1
TOP4 rank=3 n=17 alpha=14 k=7 q=9 num=6203243 den=26925721 par=0,1,2,2,2,2,2,2,2,1,10,1,1,1,1,1,1 poly=1,17,120,497,1393,2842,4382,5189,4729,3290,1716,650,169,27,2
TOP4 rank=4 n=17 alpha=14 k=7 q=9 num=3607899 den=15657849 par=0,1,2,3,3,3,3,3,3,2,2,2,2,2,1,15,15 poly=1,17,120,486,1303,2502,3597,3957,3350,2169,1056,375,92,14,1
TOP4 rank=5 n=17 alpha=14 k=7 q=9 num=3616736 den=15649936 par=0,1,2,3,3,3,3,3,3,2,2,1,12,12,12,12,12 poly=1,17,120,483,1294,2492,3592,3956,3350,2169,1056,375,92,14,1
TOP4 rank=6 n=17 alpha=14 k=7 q=9 num=6216313 den=26863489 par=0,1,2,2,2,2,2,2,2,1,10,10,10,10,10,10,1 poly=1,17,120,492,1378,2822,4367,5183,4728,3290,1716,650,169,27,2
TOP4 rank=7 n=17 alpha=14 k=7 q=9 num=3476876 den=15007876 par=0,1,2,2,2,2,2,2,2,1,10,10,10,1,14,14,14 poly=1,17,120,483,1288,2474,3548,3874,3250,2093,1021,366,91,14,1
TOP4 rank=8 n=17 alpha=14 k=7 q=9 num=3734992 den=16000000 par=0,1,2,2,2,2,2,2,2,1,10,10,10,10,1,15,15 poly=1,17,120,484,1298,2512,3633,4000,3376,2177,1057,375,92,14,1
TOP4 rank=9 n=17 alpha=14 k=7 q=9 num=4535397 den=19386409 par=0,1,2,3,3,3,3,3,3,2,2,2,2,2,2,1,16 poly=1,17,120,491,1342,2642,3902,4403,3806,2498,1221,430,103,15,1
TOP4 rank=10 n=17 alpha=14 k=7 q=9 num=4543574 den=19333609 par=0,1,2,3,3,3,3,3,3,2,1,11,11,11,11,11,11 poly=1,17,120,486,1327,2622,3887,4397,3805,2498,1221,430,103,15,1
TOP4 rank=11 n=17 alpha=14 k=7 q=9 num=4574079 den=19421649 par=0,1,2,2,2,2,2,2,2,1,10,10,10,10,10,1,16 poly=1,17,120,487,1328,2627,3897,4407,3810,2499,1221,430,103,15,1
VDMIN_FLOAT n=17 value=0.645470369681 k=6 alpha=9 q=6 lambda=1.66805817466 V=1.47989421588 delta=0.436159803016 par=0,1,2,3,2,5,2,7,2,9,1,11,12,11,14,11,16 poly=1,17,120,464,1086,1588,1425,721,159,1
PERK n=17 alpha=15 k=4 q=10 num=531944 den=2059225 par=0,1,2,2,2,2,2,2,2,1,10,10,10,10,10,10,10
PERK n=17 alpha=15 k=5 q=10 num=2200884 den=9443329 par=0,1,2,2,2,2,2,2,2,1,10,10,10,10,10,10,10
PERK n=17 alpha=15 k=6 q=10 num=5654432 den=25472209 par=0,1,2,2,2,2,2,2,2,1,10,10,10,10,10,10,10
PERK n=17 alpha=15 k=7 q=10 num=9102062 den=41589601 par=0,1,2,2,2,2,2,2,2,1,10,10,10,10,10,10,10
PERK n=17 alpha=15 k=8 q=10 num=9157724 den=41434969 par=0,1,2,2,2,2,2,2,2,1,10,10,10,10,10,10,10
PERK n=17 alpha=15 k=9 q=10 num=5719714 den=25050025 par=0,1,2,2,2,2,2,2,2,1,10,10,10,10,10,10,10
PERK n=17 alpha=15 k=10 q=10 num=2186184 den=9018009 par=0,1,2,2,2,2,2,2,2,1,10,10,10,10,10,10,10
PERALPHA n=17 alpha=9 k=5 q=6 num=1298385 den=3790809 par=0,1,2,3,2,5,2,7,2,9,2,11,2,2,1,15,16
PERALPHA n=17 alpha=10 k=5 q=7 num=1154448 den=3697929 par=0,1,2,3,2,5,2,7,2,9,1,11,12,11,11,11,11
PERALPHA n=17 alpha=11 k=6 q=7 num=1340142 den=4700224 par=0,1,2,3,4,3,6,1,8,9,10,9,9,9,1,1,1
PERALPHA n=17 alpha=12 k=7 q=8 num=958236 den=3655744 par=0,1,2,3,3,3,2,7,7,7,1,11,12,11,1,1,1
PERALPHA n=17 alpha=13 k=7 q=9 num=1034526 den=4359744 par=0,1,2,2,2,1,6,6,6,1,10,10,10,1,14,14,14
PERALPHA n=17 alpha=14 k=7 q=9 num=3198496 den=14137600 par=0,1,2,3,3,3,3,3,3,2,2,2,2,1,14,14,14
PERALPHA n=17 alpha=15 k=7 q=10 num=9102062 den=41589601 par=0,1,2,2,2,2,2,2,2,1,10,10,10,10,10,10,10
TOPQ n=17 alpha=14 k=9 q=9 num=1025233 den=4231249 par=0,1,2,3,3,3,3,3,3,2,2,2,2,1,14,14,14
NEWTON n=17 alpha=13 k=8 q=9 num=26831574 den=28909566 par=0,1,2,2,2,1,6,6,6,1,10,10,10,1,14,14,14
NEWTONFAIL_DIST n=17 q_minus_k=0 trees=183
NEWTONFAIL_DIST n=17 q_minus_k=1 trees=74
NEWTONFAIL_DIST n=17 q_minus_k=2 trees=40
NEWTONFAIL_DIST n=17 q_minus_k=3 trees=16
NEWTONFAIL_DIST n=17 q_minus_k=4 trees=10
NEWTONFAIL_DIST n=17 q_minus_k=5 trees=2
NEWTONFAIL_DIST n=17 q_minus_k=6 trees=1
VDBIN_FLOAT n=17 bin_lo=0 value=0.645470369681 k=6 alpha=9 q=6 lambda=1.66805817466 V=1.47989421588 delta=0.436159803016 par=0,1,2,3,2,5,2,7,2,9,1,11,12,11,14,11,16
VDBIN_FLOAT n=17 bin_lo=2 value=0.701433787197 k=7 alpha=10 q=7 lambda=2.10279799285 V=2.01647061391 delta=0.347852223761 par=0,1,2,3,4,3,6,1,8,9,10,9,1,13,14,14,1
STATS n=17 trees=9873 viol5=0 viol4=0 zero5=0 zero4=0 nonunimodal=0 sampled=0 newton_fail_trees=326
