TOP5 rank=0 n=17 alpha=15 k=7 q=10 num=9112492 den=41860900 par=0,1,2,2,2,2,2,2,2,2,1,1,1,1,1,1,1 poly=1,17,120,504,1456,3108,5082,6470,6444,5006,3003,1365,455,105,15,1
TOP5 rank=1 n=17 alpha=15 k=7 q=10 num=9268873 den=42510400 par=0,1,2,2,2,2,2,2,2,2,2,1,1,1,1,1,1 poly=1,17,120,506,1469,3144,5137,6520,6471,5014,3004,1365,455,105,15,1
TOP5 rank=2 n=17 alpha=15 k=7 q=10 num=9288189 den=42497361 par=0,1,2,2,2,2,2,2,2,2,2,1,12,12,12,12,12 poly=1,17,120,501,1459,3134,5132,6519,6471,5014,3004,1365,455,105,15,1
TOP5 rank=3 n=17 alpha=15 k=7 q=10 num=9136615 den=41783296 par=0,1,2,2,2,2,2,2,2,2,1,11,11,11,11,11,11 poly=1,17,120,498,1441,3088,5067,6464,6443,5006,3003,1365,455,105,15,1
TOP5 rank=4 n=17 alpha=15 k=8 q=10 num=9410775 den=42968025 par=0,1,2,2,2,2,2,2,2,2,2,2,1,13,13,13,13 poly=1,17,120,506,1489,3214,5257,6645,6555,5050,3013,1366,455,105,15,1
TOP5 rank=5 n=17 alpha=15 k=8 q=10 num=9410775 den=42968025 par=0,1,2,2,2,2,2,2,2,2,2,2,1,1,1,1,1 poly=1,17,120,510,1495,3218,5258,6645,6555,5050,3013,1366,455,105,15,1
TOP5 rank=6 n=17 alpha=15 k=8 q=10 num=10107735 den=45765225 par=0,1,2,2,2,2,2,2,2,2,2,2,2,1,14,14,14 poly=1,17,120,513,1531,3333,5467,6897,6765,5170,3058,1376,456,105,15,1
TOP5 rank=7 n=17 alpha=15 k=8 q=10 num=10107735 den=45765225 par=0,1,2,2,2,2,2,2,2,2,2,2,2,1,1,1,1 poly=1,17,120,516,1534,3334,5467,6897,6765,5170,3058,1376,456,105,15,1
TOP5 rank=8 n=17 alpha=15 k=8 q=10 num=21778185 den=97357689 par=0,1,2,2,2,2,2,2,2,2,2,2,2,2,2,2,1 poly=1,17,120,546,1729,4004,7007,9438,9867,8008,5005,2366,819,196,29,2
TOP5 rank=9 n=17 alpha=14 k=7 q=9 num=3042268 den=13579225 par=0,1,2,3,3,3,3,3,2,2,2,2,1,13,13,13,13 poly=1,17,120,481,1269,2394,3387,3685,3111,2029,1004,364,91,14,1
TOP5 rank=10 n=17 alpha=15 k=8 q=10 num=11755029 den=52229529 par=0,1,2,2,2,2,2,2,2,2,2,2,2,2,1,15,15 poly=1,17,120,522,1585,3498,5797,7359,7227,5500,3223,1431,467,106,15,1
TOP5 rank=11 n=17 alpha=15 k=8 q=10 num=11755029 den=52229529 par=0,1,2,2,2,2,2,2,2,2,2,2,2,2,1,1,1 poly=1,17,120,524,1586,3498,5797,7359,7227,5500,3223,1431,467,106,15,1
TOP4 rank=0 n=17 alpha=15 k=7 q=10 num=9112492 den=41860900 par=0,1,2,2,2,2,2,2,2,2,1,1,1,1,1,1,1 poly=1,17,120,504,1456,3108,5082,6470,6444,5006,3003,1365,455,105,15,1
TOP4 rank=1 n=17 alpha=15 k=7 q=10 num=9268873 den=42510400 par=0,1,2,2,2,2,2,2,2,2,2,1,1,1,1,1,1 poly=1,17,120,506,1469,3144,5137,6520,6471,5014,3004,1365,455,105,15,1
TOP4 rank=2 n=17 alpha=15 k=7 q=10 num=9288189 den=42497361 par=0,1,2,2,2,2,2,2,2,2,2,1,12,12,12,12,12 poly=1,17,120,501,1459,3134,5132,6519,6471,5014,3004,1365,455,105,15,1
TOP4 rank=3 n=17 alpha=15 k=7 q=10 num=9136615 den=41783296 par=0,1,2,2,2,2,2,2,2,2,1,11,11,11,11,11,11 poly=1,17,120,498,1441,3088,5067,6464,6443,5006,3003,1365,455,105,15,1
TOP4 rank=4 n=17 alpha=15 k=8 q=10 num=9410775 den=42968025 par=0,1,2,2,2,2,2,2,2,2,2,2,1,13,13,13,13 poly=1,17,120,506,1489,3214,5257,6645,6555,5050,3013,1366,455,105,15,1
TOP4 rank=5 n=17 alpha=15 k=8 q=10 num=9410775 den=42968025 par=0,1,2,2,2,2,2,2,2,2,2,2,1,1,1,1,1 poly=1,17,120,510,1495,3218,5258,6645,6555,5050,3013,1366,455,105,15,1
TOP4 rank=6 n=17 alpha=15 k=8 q=10 num=10107735 den=45765225 par=0,1,2,2,2,2,2,2,2,2,2,2,2,1,14,14,14 poly=1,17,120,513,1531,3333,5467,6897,6765,5170,3058,1376,456,105,15,1
TOP4 rank=7 n=17 alpha=15 k=8 q=10 num=10107735 den=45765225 par=0,1,2,2,2,2,2,2,2,2,2,2,2,1,1,1,1 poly=1,17,120,516,1534,3334,5467,6897,6765,5170,3058,1376,456,105,15,1
TOP4 rank=8 n=17 alpha=15 k=8 q=10 num=21778185 den=97357689 par=0,1,2,2,2,2,2,2,2,2,2,2,2,2,2,2,1 poly=1,17,120,546,1729,4004,7007,9438,9867,8008,5005,2366,819,196,29,2
TOP4 rank=9 n=17 alpha=14 k=7 q=9 num=3042268 den=13579225 par=0,1,2,3,3,3,3,3,2,2,2,2,1,13,13,13,13 poly=1,17,120,481,1269,2394,3387,3685,3111,2029,1004,364,91,14,1
TOP4 rank=10 n=17 alpha=15 k=8 q=10 num=11755029 den=52229529 par=0,1,2,2,2,2,2,2,2,2,2,2,2,2,1,15,15 poly=1,17,120,522,1585,3498,5797,7359,7227,5500,3223,1431,467,106,15,1
TOP4 rank=11 n=17 alpha=15 k=8 q=10 num=11755029 den=52229529 par=0,1,2,2,2,2,2,2,2,2,2,2,2,2,1,1,1 poly=1,17,120,524,1586,3498,5797,7359,7227,5500,3223,1431,467,106,15,1
VDMIN_FLOAT n=17 value=0.651307664803 k=6 alpha=9 q=6 lambda=1.86269812963 V=1.41836904408 delta=0.459194782573 par=0,1,2,3,4,5,4,7,2,9,2,11,1,13,14,15,16 poly=1,17,120,459,1040,1429,1162,511,94,1
PERK n=17 alpha=15 k=4 q=10 num=538657 den=2076481 par=0,1,2,2,2,2,2,2,2,2,1,11,11,11,11,11,11
PERK n=17 alpha=15 k=5 q=10 num=2260272 den=9659664 par=0,1,2,2,2,2,2,2,2,2,1,1,1,1,1,1,1
PERK n=17 alpha=15 k=6 q=10 num=5717964 den=25826724 par=0,1,2,2,2,2,2,2,2,2,1,1,1,1,1,1,1
PERK n=17 alpha=15 k=7 q=10 num=9112492 den=41860900 par=0,1,2,2,2,2,2,2,2,2,1,1,1,1,1,1,1
PERK n=17 alpha=15 k=8 q=10 num=9410775 den=42968025 par=0,1,2,2,2,2,2,2,2,2,2,2,1,13,13,13,13
PERK n=17 alpha=15 k=9 q=10 num=5752285 den=25502500 par=0,1,2,2,2,2,2,2,2,2,2,2,1,13,13,13,13
PERK n=17 alpha=15 k=10 q=10 num=2237444 den=9351364 par=0,1,2,2,2,2,2,2,2,2,2,2,2,1,14,14,14
PERALPHA n=17 alpha=9 k=5 q=6 num=1171645 den=3319684 par=0,1,2,3,3,2,1,7,1,9,1,11,1,13,1,15,1
PERALPHA n=17 alpha=10 k=5 q=7 num=1225280 den=3920400 par=0,1,2,3,2,5,2,7,1,9,10,9,12,9,9,9,9
PERALPHA n=17 alpha=11 k=6 q=7 num=1913109 den=6718464 par=0,1,2,3,3,3,3,1,8,1,10,1,12,1,14,1,1
PERALPHA n=17 alpha=12 k=6 q=8 num=2095272 den=7986276 par=0,1,2,3,4,3,3,3,3,1,10,11,12,1,1,1,1
PERALPHA n=17 alpha=13 k=7 q=9 num=1024941 den=4297329 par=0,1,2,3,4,4,4,2,2,1,10,11,12,12,12,10,10
PERALPHA n=17 alpha=14 k=7 q=9 num=3042268 den=13579225 par=0,1,2,3,3,3,3,3,2,2,2,2,1,13,13,13,13
PERALPHA n=17 alpha=15 k=7 q=10 num=9112492 den=41860900 par=0,1,2,2,2,2,2,2,2,2,1,1,1,1,1,1,1
TOPQ n=17 alpha=15 k=10 q=10 num=2237444 den=9351364 par=0,1,2,2,2,2,2,2,2,2,2,2,2,1,14,14,14
NEWTON n=17 alpha=13 k=8 q=9 num=26974782 den=28788984 par=0,1,2,3,4,4,4,2,2,1,10,11,12,12,12,10,10
NEWTONFAIL_DIST n=17 q_minus_k=0 trees=147
NEWTONFAIL_DIST n=17 q_minus_k=1 trees=80
NEWTONFAIL_DIST n=17 q_minus_k=2 trees=48
NEWTONFAIL_DIST n=17 q_minus_k=3 trees=36
NEWTONFAIL_DIST n=17 q_minus_k=4 trees=6
NEWTONFAIL_DIST n=17 q_minus_k=5 trees=9
NEWTONFAIL_DIST n=17 q_minus_k=6 trees=6
VDBIN_FLOAT n=17 bin_lo=0 value=0.651307664803 k=6 alpha=9 q=6 lambda=1.86269812963 V=1.41836904408 delta=0.459194782573 par=0,1,2,3,4,5,4,7,2,9,2,11,1,13,14,15,16
VDBIN_FLOAT n=17 bin_lo=2 value=0.698694428595 k=7 alpha=10 q=7 lambda=2.09913989311 V=2.03373605421 delta=0.343552167032 par=0,1,2,3,4,5,5,3,3,1,10,11,12,1,14,15,16
STATS n=17 trees=10074 viol5=0 viol4=0 zero5=0 zero4=0 nonunimodal=0 sampled=0 newton_fail_trees=332
