TOP5 rank=0 n=17 alpha=14 k=7 q=9 num=2945322 den=13162384 par=0,1,2,3,3,3,3,1,8,9,9,9,9,1,1,1,1 poly=1,17,120,477,1243,2336,3314,3628,3083,2021,1003,364,91,14,1
TOP5 rank=1 n=17 alpha=14 k=7 q=9 num=3196044 den=14100025 par=0,1,2,3,3,3,3,2,2,2,2,2,1,13,13,13,13 poly=1,17,120,482,1277,2422,3443,3755,3167,2057,1012,365,91,14,1
TOP5 rank=2 n=17 alpha=14 k=7 q=9 num=3201203 den=14092516 par=0,1,2,3,3,3,3,3,1,9,9,9,9,1,1,1,1 poly=1,17,120,481,1273,2416,3439,3754,3167,2057,1012,365,91,14,1
TOP5 rank=3 n=17 alpha=14 k=7 q=9 num=3173476 den=13942756 par=0,1,2,3,3,3,3,1,8,9,9,9,1,1,1,1,1 poly=1,17,120,479,1259,2388,3408,3734,3160,2056,1012,365,91,14,1
TOP5 rank=4 n=17 alpha=14 k=7 q=9 num=3465340 den=15100996 par=0,1,2,2,2,2,1,7,7,7,7,1,1,1,1,1,1 poly=1,17,120,488,1312,2512,3578,3886,3252,2093,1021,366,91,14,1
TOP5 rank=5 n=17 alpha=14 k=7 q=9 num=3437945 den=14938225 par=0,1,2,3,3,3,3,2,2,2,2,2,2,1,14,14,14 poly=1,17,120,485,1297,2481,3544,3865,3245,2092,1021,366,91,14,1
TOP5 rank=6 n=17 alpha=14 k=7 q=9 num=6251146 den=27019204 par=0,1,2,3,3,3,3,3,1,9,1,1,1,1,1,1,1 poly=1,17,120,493,1384,2837,4387,5198,4734,3291,1716,650,169,27,2
TOP5 rank=7 n=17 alpha=14 k=7 q=9 num=3614283 den=15610401 par=0,1,2,3,3,3,3,3,1,9,9,9,1,1,1,1,1 poly=1,17,120,483,1291,2483,3582,3951,3349,2169,1056,375,92,14,1
TOP5 rank=8 n=17 alpha=14 k=7 q=9 num=3704415 den=15880225 par=0,1,2,3,3,3,3,1,8,9,9,1,1,1,1,1,1 poly=1,17,120,483,1292,2497,3613,3985,3370,2176,1057,375,92,14,1
TOP5 rank=9 n=17 alpha=14 k=7 q=9 num=4543574 den=19333609 par=0,1,2,3,3,3,3,3,1,9,9,1,1,1,1,1,1 poly=1,17,120,487,1328,2622,3887,4397,3805,2498,1221,430,103,15,1
TOP5 rank=10 n=17 alpha=14 k=7 q=9 num=4015071 den=17073424 par=0,1,2,2,2,2,1,7,7,7,1,1,1,1,1,1,1 poly=1,17,120,492,1342,2612,3773,4132,3461,2213,1066,376,92,14,1
TOP5 rank=11 n=17 alpha=14 k=7 q=9 num=4017736 den=17023876 par=0,1,2,3,3,3,3,2,2,2,2,2,2,2,1,15,15 poly=1,17,120,490,1333,2596,3759,4126,3460,2213,1066,376,92,14,1
TOP4 rank=0 n=17 alpha=14 k=7 q=9 num=2945322 den=13162384 par=0,1,2,3,3,3,3,1,8,9,9,9,9,1,1,1,1 poly=1,17,120,477,1243,2336,3314,3628,3083,2021,1003,364,91,14,1
TOP4 rank=1 n=17 alpha=14 k=7 q=9 num=3196044 den=14100025 par=0,1,2,3,3,3,3,2,2,2,2,2,1,13,13,13,13 poly=1,17,120,482,1277,2422,3443,3755,3167,2057,1012,365,91,14,1
TOP4 rank=2 n=17 alpha=14 k=7 q=9 num=3201203 den=14092516 par=0,1,2,3,3,3,3,3,1,9,9,9,9,1,1,1,1 poly=1,17,120,481,1273,2416,3439,3754,3167,2057,1012,365,91,14,1
TOP4 rank=3 n=17 alpha=14 k=7 q=9 num=3173476 den=13942756 par=0,1,2,3,3,3,3,1,8,9,9,9,1,1,1,1,1 poly=1,17,120,479,1259,2388,3408,3734,3160,2056,1012,365,91,14,1
TOP4 rank=4 n=17 alpha=14 k=7 q=9 num=3465340 den=15100996 par=0,1,2,2,2,2,1,7,7,7,7,1,1,1,1,1,1 poly=1,17,120,488,1312,2512,3578,3886,3252,2093,1021,366,91,14,1
TOP4 rank=5 n=17 alpha=14 k=7 q=9 num=3437945 den=14938225 par=0,1,2,3,3,3,3,2,2,2,2,2,2,1,14,14,14 poly=1,17,120,485,1297,2481,3544,3865,3245,2092,1021,366,91,14,1
TOP4 rank=6 n=17 alpha=14 k=7 q=9 num=6251146 den=27019204 par=0,1,2,3,3,3,3,3,1,9,1,1,1,1,1,1,1 poly=1,17,120,493,1384,2837,4387,5198,4734,3291,1716,650,169,27,2
TOP4 rank=7 n=17 alpha=14 k=7 q=9 num=3614283 den=15610401 par=0,1,2,3,3,3,3,3,1,9,9,9,1,1,1,1,1 poly=1,17,120,483,1291,2483,3582,3951,3349,2169,1056,375,92,14,1
TOP4 rank=8 n=17 alpha=14 k=7 q=9 num=3704415 den=15880225 par=0,1,2,3,3,3,3,1,8,9,9,1,1,1,1,1,1 poly=1,17,120,483,1292,2497,3613,3985,3370,2176,1057,375,92,14,1
TOP4 rank=9 n=17 alpha=14 k=7 q=9 num=4543574 den=19333609 par=0,1,2,3,3,3,3,3,1,9,9,1,1,1,1,1,1 poly=1,17,120,487,1328,2622,3887,4397,3805,2498,1221,430,103,15,1
TOP4 rank=10 n=17 alpha=14 k=7 q=9 num=4015071 den=17073424 par=0,1,2,2,2,2,1,7,7,7,1,1,1,1,1,1,1 poly=1,17,120,492,1342,2612,3773,4132,3461,2213,1066,376,92,14,1
TOP4 rank=11 n=17 alpha=14 k=7 q=9 num=4017736 den=17023876 par=0,1,2,3,3,3,3,2,2,2,2,2,2,2,1,15,15 poly=1,17,120,490,1333,2596,3759,4126,3460,2213,1066,376,92,14,1
VDMIN_FLOAT n=17 value=0.644815687409 k=6 alpha=9 q=6 lambda=1.50670254894 V=1.5121491975 delta=0.426423324151 par=0,1,2,1,4,1,6,1,8,1,10,1,12,1,14,1,16 poly=1,17,120,476,1176,1862,1848,1052,264,1
PERK n=17 alpha=14 k=4 q=9 num=516815 den=1915456 par=0,1,2,3,3,3,3,3,1,9,1,1,1,1,1,1,1
PERK n=17 alpha=14 k=5 q=9 num=1337594 den=5456896 par=0,1,2,3,3,3,3,1,8,9,9,9,9,1,1,1,1
PERK n=17 alpha=14 k=6 q=9 num=2507588 den=10982596 par=0,1,2,3,3,3,3,1,8,9,9,9,9,1,1,1,1
PERK n=17 alpha=14 k=7 q=9 num=2945322 den=13162384 par=0,1,2,3,3,3,3,1,8,9,9,9,9,1,1,1,1
PERK n=17 alpha=14 k=8 q=9 num=2172701 den=9504889 par=0,1,2,3,3,3,3,1,8,9,9,9,9,1,1,1,1
PERK n=17 alpha=14 k=9 q=9 num=1060357 den=4380649 par=0,1,2,2,2,2,1,7,7,7,7,1,1,1,1,1,1
PERALPHA n=17 alpha=9 k=4 q=6 num=517440 den=1535121 par=0,1,2,1,4,1,6,1,8,1,10,1,12,1,14,1,1
PERALPHA n=17 alpha=10 k=5 q=7 num=1761439 den=5659641 par=0,1,2,1,4,1,6,1,8,1,10,1,12,1,1,1,1
PERALPHA n=17 alpha=11 k=6 q=7 num=1943521 den=6832996 par=0,1,2,3,3,3,3,3,1,9,1,11,1,13,1,15,1
PERALPHA n=17 alpha=12 k=7 q=8 num=938257 den=3591025 par=0,1,2,3,4,4,4,3,8,8,8,2,2,2,1,15,16
PERALPHA n=17 alpha=13 k=7 q=9 num=1911849 den=7969329 par=0,1,2,3,4,4,4,4,2,2,2,1,12,13,12,12,12
PERALPHA n=17 alpha=14 k=7 q=9 num=2945322 den=13162384 par=0,1,2,3,3,3,3,1,8,9,9,9,9,1,1,1,1
TOPQ n=17 alpha=14 k=9 q=9 num=1060357 den=4380649 par=0,1,2,2,2,2,1,7,7,7,7,1,1,1,1,1,1
NEWTON n=17 alpha=13 k=9 q=9 num=8237600 den=8715294 par=0,1,2,3,3,3,3,2,2,2,1,11,11,11,1,15,15
NEWTONFAIL_DIST n=17 q_minus_k=0 trees=277
NEWTONFAIL_DIST n=17 q_minus_k=1 trees=154
NEWTONFAIL_DIST n=17 q_minus_k=2 trees=92
NEWTONFAIL_DIST n=17 q_minus_k=3 trees=41
NEWTONFAIL_DIST n=17 q_minus_k=4 trees=6
NEWTONFAIL_DIST n=17 q_minus_k=5 trees=1
VDBIN_FLOAT n=17 bin_lo=0 value=0.644815687409 k=6 alpha=9 q=6 lambda=1.50670254894 V=1.5121491975 delta=0.426423324151 par=0,1,2,1,4,1,6,1,8,1,10,1,12,1,14,1,16
VDBIN_FLOAT n=17 bin_lo=2 value=0.701439978013 k=7 alpha=10 q=7 lambda=2.0991047685 V=2.01050259714 delta=0.34888787461 par=0,1,2,3,4,5,5,3,3,1,10,11,12,13,12,11,16
STATS n=17 trees=9827 viol5=0 viol4=0 zero5=0 zero4=0 nonunimodal=0 sampled=0 newton_fail_trees=571
