TOP5 rank=0 n=17 alpha=14 k=7 q=9 num=2940247 den=13169641 par=0,1,2,2,2,2,2,1,8,8,8,8,1,13,13,13,13 poly=1,17,120,478,1247,2342,3318,3629,3083,2021,1003,364,91,14,1
TOP5 rank=1 n=17 alpha=14 k=7 q=9 num=2943330 den=13169641 par=0,1,2,3,3,3,3,3,1,9,10,10,10,10,1,1,1 poly=1,17,120,477,1244,2339,3317,3629,3083,2021,1003,364,91,14,1
TOP5 rank=2 n=17 alpha=14 k=7 q=9 num=3089597 den=13690000 par=0,1,2,3,3,3,3,3,1,9,10,10,10,10,10,1,1 poly=1,17,120,478,1254,2372,3377,3700,3139,2049,1011,365,91,14,1
TOP5 rank=3 n=17 alpha=14 k=7 q=9 num=3089597 den=13690000 par=0,1,2,2,2,2,2,1,8,8,8,8,8,1,14,14,14 poly=1,17,120,479,1256,2373,3377,3700,3139,2049,1011,365,91,14,1
TOP5 rank=4 n=17 alpha=14 k=7 q=9 num=3094754 den=13682601 par=0,1,2,3,3,3,3,3,1,9,10,10,10,1,1,1,1 poly=1,17,120,478,1252,2367,3373,3699,3139,2049,1011,365,91,14,1
TOP5 rank=5 n=17 alpha=14 k=7 q=9 num=3302881 den=14523721 par=0,1,2,2,2,2,2,1,8,8,8,8,1,1,1,1,1 poly=1,17,120,486,1299,2474,3512,3811,3195,2065,1013,365,91,14,1
TOP5 rank=6 n=17 alpha=14 k=7 q=9 num=3308040 den=14516100 par=0,1,2,2,2,2,2,1,8,8,8,8,8,1,1,1,1 poly=1,17,120,485,1295,2468,3508,3810,3195,2065,1013,365,91,14,1
TOP5 rank=7 n=17 alpha=14 k=7 q=9 num=3443805 den=14891881 par=0,1,2,3,3,3,3,3,3,1,10,10,10,10,1,1,1 poly=1,17,120,482,1285,2462,3529,3859,3244,2092,1021,366,91,14,1
TOP5 rank=8 n=17 alpha=14 k=7 q=9 num=6181690 den=26708224 par=0,1,2,3,3,3,3,3,3,1,10,1,1,1,1,1,1 poly=1,17,120,491,1372,2807,4347,5168,4722,3289,1716,650,169,27,2
TOP5 rank=9 n=17 alpha=14 k=7 q=9 num=3447049 den=14891881 par=0,1,2,3,3,3,1,7,8,8,8,1,1,1,1,1,1 poly=1,17,120,482,1282,2459,3528,3859,3244,2092,1021,366,91,14,1
TOP5 rank=10 n=17 alpha=14 k=7 q=9 num=3725908 den=16096144 par=0,1,2,2,2,2,2,1,8,8,8,1,1,1,1,1,1 poly=1,17,120,489,1321,2548,3662,4012,3378,2177,1057,375,92,14,1
TOP5 rank=11 n=17 alpha=14 k=7 q=9 num=3581977 den=15452761 par=0,1,2,3,3,3,3,3,1,9,10,10,1,1,1,1,1 poly=1,17,120,481,1278,2457,3552,3931,3342,2168,1056,375,92,14,1
TOP4 rank=0 n=17 alpha=14 k=7 q=9 num=2940247 den=13169641 par=0,1,2,2,2,2,2,1,8,8,8,8,1,13,13,13,13 poly=1,17,120,478,1247,2342,3318,3629,3083,2021,1003,364,91,14,1
TOP4 rank=1 n=17 alpha=14 k=7 q=9 num=2943330 den=13169641 par=0,1,2,3,3,3,3,3,1,9,10,10,10,10,1,1,1 poly=1,17,120,477,1244,2339,3317,3629,3083,2021,1003,364,91,14,1
TOP4 rank=2 n=17 alpha=14 k=7 q=9 num=3089597 den=13690000 par=0,1,2,3,3,3,3,3,1,9,10,10,10,10,10,1,1 poly=1,17,120,478,1254,2372,3377,3700,3139,2049,1011,365,91,14,1
TOP4 rank=3 n=17 alpha=14 k=7 q=9 num=3089597 den=13690000 par=0,1,2,2,2,2,2,1,8,8,8,8,8,1,14,14,14 poly=1,17,120,479,1256,2373,3377,3700,3139,2049,1011,365,91,14,1
TOP4 rank=4 n=17 alpha=14 k=7 q=9 num=3094754 den=13682601 par=0,1,2,3,3,3,3,3,1,9,10,10,10,1,1,1,1 poly=1,17,120,478,1252,2367,3373,3699,3139,2049,1011,365,91,14,1
TOP4 rank=5 n=17 alpha=14 k=7 q=9 num=3302881 den=14523721 par=0,1,2,2,2,2,2,1,8,8,8,8,1,1,1,1,1 poly=1,17,120,486,1299,2474,3512,3811,3195,2065,1013,365,91,14,1
TOP4 rank=6 n=17 alpha=14 k=7 q=9 num=3308040 den=14516100 par=0,1,2,2,2,2,2,1,8,8,8,8,8,1,1,1,1 poly=1,17,120,485,1295,2468,3508,3810,3195,2065,1013,365,91,14,1
TOP4 rank=7 n=17 alpha=14 k=7 q=9 num=3443805 den=14891881 par=0,1,2,3,3,3,3,3,3,1,10,10,10,10,1,1,1 poly=1,17,120,482,1285,2462,3529,3859,3244,2092,1021,366,91,14,1
TOP4 rank=8 n=17 alpha=14 k=7 q=9 num=6181690 den=26708224 par=0,1,2,3,3,3,3,3,3,1,10,1,1,1,1,1,1 poly=1,17,120,491,1372,2807,4347,5168,4722,3289,1716,650,169,27,2
TOP4 rank=9 n=17 alpha=14 k=7 q=9 num=3447049 den=14891881 par=0,1,2,3,3,3,1,7,8,8,8,1,1,1,1,1,1 poly=1,17,120,482,1282,2459,3528,3859,3244,2092,1021,366,91,14,1
TOP4 rank=10 n=17 alpha=14 k=7 q=9 num=3725908 den=16096144 par=0,1,2,2,2,2,2,1,8,8,8,1,1,1,1,1,1 poly=1,17,120,489,1321,2548,3662,4012,3378,2177,1057,375,92,14,1
TOP4 rank=11 n=17 alpha=14 k=7 q=9 num=3581977 den=15452761 par=0,1,2,3,3,3,3,3,1,9,10,10,1,1,1,1,1 poly=1,17,120,481,1278,2457,3552,3931,3342,2168,1056,375,92,14,1
VDMIN_FLOAT n=17 value=0.651422435642 k=6 alpha=9 q=6 lambda=1.66384102176 V=1.48295101601 delta=0.439274412039 par=0,1,2,3,4,3,2,7,2,9,2,11,2,13,1,15,16 poly=1,17,120,466,1098,1615,1452,732,161,2
PERK n=17 alpha=14 k=4 q=9 num=504147 den=1882384 par=0,1,2,3,3,3,3,3,3,1,10,1,1,1,1,1,1
PERK n=17 alpha=14 k=5 q=9 num=1915165 den=7879249 par=0,1,2,3,3,3,3,3,3,1,10,1,1,1,1,1,1
PERK n=17 alpha=14 k=6 q=9 num=2510006 den=11009124 par=0,1,2,2,2,2,2,1,8,8,8,8,1,13,13,13,13
PERK n=17 alpha=14 k=7 q=9 num=2940247 den=13169641 par=0,1,2,2,2,2,2,1,8,8,8,8,1,13,13,13,13
PERK n=17 alpha=14 k=8 q=9 num=2170680 den=9504889 par=0,1,2,3,3,3,3,3,1,9,10,10,10,10,1,1,1
PERK n=17 alpha=14 k=9 q=9 num=1027690 den=4264225 par=0,1,2,2,2,2,2,1,8,8,8,8,8,1,1,1,1
PERALPHA n=17 alpha=9 k=5 q=6 num=1074095 den=3083536 par=0,1,2,3,2,5,2,7,2,1,10,11,10,13,10,10,1
PERALPHA n=17 alpha=10 k=5 q=7 num=1185291 den=3767481 par=0,1,2,3,2,5,2,7,2,1,10,11,10,10,10,10,1
PERALPHA n=17 alpha=11 k=6 q=7 num=1344459 den=4717584 par=0,1,2,3,4,4,4,4,2,9,2,2,1,13,14,13,16
PERALPHA n=17 alpha=12 k=7 q=8 num=958913 den=3644281 par=0,1,2,3,3,3,1,7,8,8,8,1,12,13,12,1,1
PERALPHA n=17 alpha=13 k=7 q=9 num=1023507 den=4297329 par=0,1,2,3,3,3,1,7,8,8,8,1,12,13,13,13,1
PERALPHA n=17 alpha=14 k=7 q=9 num=2940247 den=13169641 par=0,1,2,2,2,2,2,1,8,8,8,8,1,13,13,13,13
TOPQ n=17 alpha=14 k=9 q=9 num=1027690 den=4264225 par=0,1,2,2,2,2,2,1,8,8,8,8,8,1,1,1,1
NEWTON n=17 alpha=13 k=8 q=9 num=26974782 den=28788984 par=0,1,2,3,3,3,1,7,8,8,8,1,12,13,13,13,1
NEWTONFAIL_DIST n=17 q_minus_k=0 trees=174
NEWTONFAIL_DIST n=17 q_minus_k=1 trees=107
NEWTONFAIL_DIST n=17 q_minus_k=2 trees=40
NEWTONFAIL_DIST n=17 q_minus_k=3 trees=26
NEWTONFAIL_DIST n=17 q_minus_k=4 trees=14
NEWTONFAIL_DIST n=17 q_minus_k=5 trees=2
VDBIN_FLOAT n=17 bin_lo=0 value=0.651422435642 k=6 alpha=9 q=6 lambda=1.66384102176 V=1.48295101601 delta=0.439274412039 par=0,1,2,3,4,3,2,7,2,9,2,11,2,13,1,15,16
VDBIN_FLOAT n=17 bin_lo=2 value=0.699615934851 k=7 alpha=10 q=7 lambda=2.12893765819 V=2.00671490051 delta=0.348637434582 par=0,1,2,3,4,5,6,6,4,4,2,11,1,13,14,15,16
STATS n=17 trees=9478 viol5=0 viol4=0 zero5=0 zero4=0 nonunimodal=0 sampled=0 newton_fail_trees=363
