TOP5 rank=0 n=18 alpha=16 k=8 q=11 num=34583166 den=165868641 par=0,1,2,2,2,2,2,2,2,2,1,11,11,11,11,11,11,11 poly=1,18,136,609,1911,4473,8085,11475,12879,11441,8008,4368,1820,560,120,16,1
TOP5 rank=1 n=18 alpha=15 k=7 q=10 num=10154917 den=47458321 par=0,1,2,3,3,3,3,3,3,1,10,11,11,11,11,1,1,1 poly=1,18,136,587,1685,3518,5581,6889,6684,5096,3023,1367,455,105,15,1
TOP5 rank=2 n=18 alpha=15 k=7 q=10 num=10151780 den=47389456 par=0,1,2,3,3,3,3,1,8,9,9,9,9,1,1,1,1,1 poly=1,18,136,587,1683,3511,5572,6884,6683,5096,3023,1367,455,105,15,1
TOP5 rank=3 n=18 alpha=15 k=7 q=10 num=10618366 den=49224256 par=0,1,2,3,3,3,3,3,3,1,10,11,11,11,11,11,1,1 poly=1,18,136,588,1696,3559,5669,7016,6810,5180,3059,1376,456,105,15,1
TOP5 rank=4 n=18 alpha=15 k=7 q=10 num=10631575 den=49210225 par=0,1,2,3,3,3,3,3,3,1,10,11,11,11,1,1,1,1 poly=1,18,136,588,1694,3554,5665,7015,6810,5180,3059,1376,456,105,15,1
TOP5 rank=5 n=18 alpha=15 k=8 q=10 num=10299969 den=47430769 par=0,1,2,3,3,3,3,1,8,9,9,9,1,1,1,1,1,1 poly=1,18,136,590,1709,3603,5756,7120,6887,5215,3068,1377,456,105,15,1
TOP5 rank=6 n=18 alpha=15 k=7 q=10 num=19907280 den=90916225 par=0,1,2,2,2,2,2,2,2,2,1,11,1,1,1,1,1,1 poly=1,18,136,609,1863,4185,7169,9535,9905,8017,5006,2366,819,196,29,2
TOP5 rank=7 n=18 alpha=15 k=8 q=10 num=11113441 den=50737129 par=0,1,2,2,2,2,2,2,2,2,1,11,11,11,1,15,15,15 poly=1,18,136,595,1749,3736,6005,7416,7123,5343,3114,1387,457,105,15,1
TOP5 rank=8 n=18 alpha=15 k=7 q=10 num=19778959 den=90136036 par=0,1,2,3,3,3,3,3,3,3,1,11,11,11,11,11,11,11 poly=1,18,136,602,1841,4144,7119,9494,9883,8010,5005,2366,819,196,29,2
TOP5 rank=9 n=18 alpha=15 k=8 q=10 num=11055606 den=50353216 par=0,1,2,3,3,3,3,3,3,3,1,11,11,11,11,1,1,1 poly=1,18,136,593,1739,3703,5951,7366,7096,5335,3113,1387,457,105,15,1
TOP5 rank=10 n=18 alpha=15 k=7 q=10 num=19734618 den=89851441 par=0,1,2,3,3,3,3,3,3,3,1,11,1,1,1,1,1,1 poly=1,18,136,602,1835,4129,7099,9479,9877,8009,5005,2366,819,196,29,2
TOP5 rank=11 n=18 alpha=15 k=7 q=10 num=19948625 den=90801841 par=0,1,2,2,2,2,2,2,2,2,1,11,11,11,11,11,11,1 poly=1,18,136,604,1848,4165,7154,9529,9904,8017,5006,2366,819,196,29,2
TOP4 rank=0 n=18 alpha=16 k=8 q=11 num=34583166 den=165868641 par=0,1,2,2,2,2,2,2,2,2,1,11,11,11,11,11,11,11 poly=1,18,136,609,1911,4473,8085,11475,12879,11441,8008,4368,1820,560,120,16,1
TOP4 rank=1 n=18 alpha=15 k=7 q=10 num=10154917 den=47458321 par=0,1,2,3,3,3,3,3,3,1,10,11,11,11,11,1,1,1 poly=1,18,136,587,1685,3518,5581,6889,6684,5096,3023,1367,455,105,15,1
TOP4 rank=2 n=18 alpha=15 k=7 q=10 num=10151780 den=47389456 par=0,1,2,3,3,3,3,1,8,9,9,9,9,1,1,1,1,1 poly=1,18,136,587,1683,3511,5572,6884,6683,5096,3023,1367,455,105,15,1
TOP4 rank=3 n=18 alpha=15 k=7 q=10 num=10618366 den=49224256 par=0,1,2,3,3,3,3,3,3,1,10,11,11,11,11,11,1,1 poly=1,18,136,588,1696,3559,5669,7016,6810,5180,3059,1376,456,105,15,1
TOP4 rank=4 n=18 alpha=15 k=7 q=10 num=10631575 den=49210225 par=0,1,2,3,3,3,3,3,3,1,10,11,11,11,1,1,1,1 poly=1,18,136,588,1694,3554,5665,7015,6810,5180,3059,1376,456,105,15,1
TOP4 rank=5 n=18 alpha=15 k=8 q=10 num=10299969 den=47430769 par=0,1,2,3,3,3,3,1,8,9,9,9,1,1,1,1,1,1 poly=1,18,136,590,1709,3603,5756,7120,6887,5215,3068,1377,456,105,15,1
TOP4 rank=6 n=18 alpha=15 k=7 q=10 num=19907280 den=90916225 par=0,1,2,2,2,2,2,2,2,2,1,11,1,1,1,1,1,1 poly=1,18,136,609,1863,4185,7169,9535,9905,8017,5006,2366,819,196,29,2
TOP4 rank=7 n=18 alpha=15 k=8 q=10 num=11113441 den=50737129 par=0,1,2,2,2,2,2,2,2,2,1,11,11,11,1,15,15,15 poly=1,18,136,595,1749,3736,6005,7416,7123,5343,3114,1387,457,105,15,1
TOP4 rank=8 n=18 alpha=15 k=7 q=10 num=19778959 den=90136036 par=0,1,2,3,3,3,3,3,3,3,1,11,11,11,11,11,11,11 poly=1,18,136,602,1841,4144,7119,9494,9883,8010,5005,2366,819,196,29,2
TOP4 rank=9 n=18 alpha=15 k=8 q=10 num=11055606 den=50353216 par=0,1,2,3,3,3,3,3,3,3,1,11,11,11,11,1,1,1 poly=1,18,136,593,1739,3703,5951,7366,7096,5335,3113,1387,457,105,15,1
TOP4 rank=10 n=18 alpha=15 k=7 q=10 num=19734618 den=89851441 par=0,1,2,3,3,3,3,3,3,3,1,11,1,1,1,1,1,1 poly=1,18,136,602,1835,4129,7099,9479,9877,8009,5005,2366,819,196,29,2
TOP4 rank=11 n=18 alpha=15 k=7 q=10 num=19948625 den=90801841 par=0,1,2,2,2,2,2,2,2,2,1,11,11,11,11,11,11,1 poly=1,18,136,604,1848,4165,7154,9529,9904,8017,5006,2366,819,196,29,2
VDMIN_FLOAT n=18 value=0.656729384429 k=7 alpha=10 q=7 lambda=2.16083269881 V=1.50864839824 delta=0.435309768131 par=0,1,2,3,3,1,6,7,6,9,6,11,6,13,6,15,6,17 poly=1,18,136,576,1523,2618,2925,2042,805,137,1
PERK n=18 alpha=16 k=4 q=11 num=927864 den=3651921 par=0,1,2,2,2,2,2,2,2,2,1,11,11,11,11,11,11,11
PERK n=18 alpha=16 k=5 q=11 num=4557294 den=20007729 par=0,1,2,2,2,2,2,2,2,2,1,11,11,11,11,11,11,11
PERK n=18 alpha=16 k=6 q=11 num=14039550 den=65367225 par=0,1,2,2,2,2,2,2,2,2,1,11,11,11,11,11,11,11
PERK n=18 alpha=16 k=7 q=11 num=27548910 den=131675625 par=0,1,2,2,2,2,2,2,2,2,1,11,11,11,11,11,11,11
PERK n=18 alpha=16 k=8 q=11 num=34583166 den=165868641 par=0,1,2,2,2,2,2,2,2,2,1,11,11,11,11,11,11,11
PERK n=18 alpha=16 k=9 q=11 num=27761449 den=130896481 par=0,1,2,2,2,2,2,2,2,2,1,11,11,11,11,11,11,11
PERK n=18 alpha=16 k=10 q=11 num=14153776 den=64128064 par=0,1,2,2,2,2,2,2,2,2,1,11,11,11,11,11,11,11
PERK n=18 alpha=16 k=11 q=11 num=4504864 den=19079424 par=0,1,2,2,2,2,2,2,2,2,1,11,11,11,11,11,11,11
PERALPHA n=18 alpha=9 k=5 q=6 num=2410339 den=7006609 par=0,1,2,3,4,3,6,3,8,3,10,3,12,3,1,15,16,15
PERALPHA n=18 alpha=10 k=5 q=7 num=2707746 den=8584900 par=0,1,2,3,4,3,6,3,8,3,10,3,3,3,1,15,16,15
PERALPHA n=18 alpha=11 k=6 q=7 num=4551732 den=15792676 par=0,1,2,3,3,3,3,3,2,1,10,1,12,1,14,1,16,1
PERALPHA n=18 alpha=12 k=6 q=8 num=5586390 den=21068100 par=0,1,2,3,2,5,2,7,2,2,2,1,12,13,12,12,12,12
PERALPHA n=18 alpha=13 k=7 q=9 num=4758480 den=19518724 par=0,1,2,3,3,3,3,1,8,9,9,9,9,1,14,1,16,1
PERALPHA n=18 alpha=14 k=8 q=9 num=2638759 den=11703241 par=0,1,2,3,3,3,3,1,8,9,9,9,8,13,13,13,1,1
PERALPHA n=18 alpha=15 k=7 q=10 num=10154917 den=47458321 par=0,1,2,3,3,3,3,3,3,1,10,11,11,11,11,1,1,1
PERALPHA n=18 alpha=16 k=8 q=11 num=34583166 den=165868641 par=0,1,2,2,2,2,2,2,2,2,1,11,11,11,11,11,11,11
TOPQ n=18 alpha=14 k=9 q=9 num=1087729 den=4618201 par=0,1,2,3,3,3,3,1,8,9,9,9,8,13,13,13,1,1
NEWTON n=18 alpha=13 k=9 q=9 num=10589150 den=11314814 par=0,1,2,2,2,1,6,6,6,1,10,10,1,13,13,1,16,16
NEWTONFAIL_DIST n=18 q_minus_k=0 trees=385
NEWTONFAIL_DIST n=18 q_minus_k=1 trees=206
NEWTONFAIL_DIST n=18 q_minus_k=2 trees=93
NEWTONFAIL_DIST n=18 q_minus_k=3 trees=30
NEWTONFAIL_DIST n=18 q_minus_k=4 trees=7
NEWTONFAIL_DIST n=18 q_minus_k=5 trees=12
NEWTONFAIL_DIST n=18 q_minus_k=6 trees=4
NEWTONFAIL_DIST n=18 q_minus_k=7 trees=1
VDBIN_FLOAT n=18 bin_lo=0 value=0.656729384429 k=7 alpha=10 q=7 lambda=2.16083269881 V=1.50864839824 delta=0.435309768131 par=0,1,2,3,3,1,6,7,6,9,6,11,6,13,6,15,6,17
VDBIN_FLOAT n=18 bin_lo=2 value=0.706861092103 k=7 alpha=10 q=7 lambda=1.85483321505 V=2.00409553391 delta=0.352708281688 par=0,1,2,3,4,3,6,3,8,2,10,10,10,1,14,15,16,1
VDBIN_FLOAT n=18 bin_lo=4 value=0.837314109533 k=7 alpha=16 q=11 lambda=0.784078904195 V=4.00211328485 delta=0.20921799308 par=0,1,2,2,2,2,2,2,2,2,1,11,11,11,11,11,11,11
STATS n=18 trees=23796 viol5=0 viol4=0 zero5=0 zero4=0 nonunimodal=0 sampled=0 newton_fail_trees=738
