TOP5 rank=0 n=18 alpha=15 k=7 q=10 num=10148233 den=47458321 par=0,1,2,2,2,2,2,2,1,9,9,9,9,1,14,14,14,14 poly=1,18,136,588,1688,3521,5582,6889,6684,5096,3023,1367,455,105,15,1
TOP5 rank=1 n=18 alpha=15 k=8 q=10 num=10329233 den=47900241 par=0,1,2,2,2,2,2,2,1,9,9,9,9,1,1,1,1,1 poly=1,18,136,596,1744,3679,5850,7192,6921,5224,3069,1377,456,105,15,1
TOP5 rank=2 n=18 alpha=15 k=7 q=10 num=10618366 den=49224256 par=0,1,2,2,2,2,2,2,1,9,9,9,9,9,1,15,15,15 poly=1,18,136,589,1698,3560,5669,7016,6810,5180,3059,1376,456,105,15,1
TOP5 rank=3 n=18 alpha=15 k=8 q=10 num=10334457 den=47900241 par=0,1,2,2,2,2,2,2,1,9,9,9,9,9,1,1,1,1 poly=1,18,136,595,1740,3673,5846,7191,6921,5224,3069,1377,456,105,15,1
TOP5 rank=4 n=18 alpha=15 k=8 q=10 num=10277148 den=47610000 par=0,1,2,3,3,3,3,3,3,3,2,2,2,2,1,15,15,15 poly=1,18,136,594,1733,3652,5811,7156,6900,5217,3068,1377,456,105,15,1
TOP5 rank=5 n=18 alpha=15 k=8 q=10 num=10277148 den=47610000 par=0,1,2,3,3,3,3,3,3,3,2,2,2,1,14,14,14,14 poly=1,18,136,593,1730,3649,5810,7156,6900,5217,3068,1377,456,105,15,1
TOP5 rank=6 n=18 alpha=15 k=8 q=10 num=10279780 den=47527236 par=0,1,2,3,3,3,3,2,2,2,2,2,2,1,14,14,14,14 poly=1,18,136,593,1727,3637,5791,7141,6894,5216,3068,1377,456,105,15,1
TOP5 rank=7 n=18 alpha=15 k=8 q=10 num=11035577 den=50452609 par=0,1,2,3,3,3,3,2,2,2,2,2,2,2,1,15,15,15 poly=1,18,136,597,1757,3737,5986,7387,7103,5336,3113,1387,457,105,15,1
TOP5 rank=8 n=18 alpha=15 k=7 q=10 num=20123457 den=91872225 par=0,1,2,2,2,2,2,2,1,9,1,1,1,1,1,1,1,1 poly=1,18,136,611,1876,4221,7224,9585,9932,8025,5007,2366,819,196,29,2
TOP5 rank=9 n=18 alpha=15 k=7 q=10 num=12338767 den=56145049 par=0,1,2,3,3,3,3,3,3,3,2,2,2,2,2,1,16,16 poly=1,18,136,597,1756,3739,6019,7493,7278,5511,3224,1431,467,106,15,1
TOP5 rank=10 n=18 alpha=15 k=7 q=10 num=12478889 den=56746089 par=0,1,2,2,2,2,2,2,1,9,9,9,1,1,1,1,1,1 poly=1,18,136,599,1768,3770,6064,7533,7300,5518,3225,1431,467,106,15,1
TOP5 rank=11 n=18 alpha=15 k=7 q=10 num=12132274 den=55160329 par=0,1,2,2,2,2,2,2,1,9,9,9,9,9,9,1,16,16 poly=1,18,136,592,1728,3678,5939,7427,7245,5502,3223,1431,467,106,15,1
TOP4 rank=0 n=18 alpha=15 k=7 q=10 num=10148233 den=47458321 par=0,1,2,2,2,2,2,2,1,9,9,9,9,1,14,14,14,14 poly=1,18,136,588,1688,3521,5582,6889,6684,5096,3023,1367,455,105,15,1
TOP4 rank=1 n=18 alpha=15 k=8 q=10 num=10329233 den=47900241 par=0,1,2,2,2,2,2,2,1,9,9,9,9,1,1,1,1,1 poly=1,18,136,596,1744,3679,5850,7192,6921,5224,3069,1377,456,105,15,1
TOP4 rank=2 n=18 alpha=15 k=7 q=10 num=10618366 den=49224256 par=0,1,2,2,2,2,2,2,1,9,9,9,9,9,1,15,15,15 poly=1,18,136,589,1698,3560,5669,7016,6810,5180,3059,1376,456,105,15,1
TOP4 rank=3 n=18 alpha=15 k=8 q=10 num=10334457 den=47900241 par=0,1,2,2,2,2,2,2,1,9,9,9,9,9,1,1,1,1 poly=1,18,136,595,1740,3673,5846,7191,6921,5224,3069,1377,456,105,15,1
TOP4 rank=4 n=18 alpha=15 k=8 q=10 num=10277148 den=47610000 par=0,1,2,3,3,3,3,3,3,3,2,2,2,2,1,15,15,15 poly=1,18,136,594,1733,3652,5811,7156,6900,5217,3068,1377,456,105,15,1
TOP4 rank=5 n=18 alpha=15 k=8 q=10 num=10277148 den=47610000 par=0,1,2,3,3,3,3,3,3,3,2,2,2,1,14,14,14,14 poly=1,18,136,593,1730,3649,5810,7156,6900,5217,3068,1377,456,105,15,1
TOP4 rank=6 n=18 alpha=15 k=8 q=10 num=10279780 den=47527236 par=0,1,2,3,3,3,3,2,2,2,2,2,2,1,14,14,14,14 poly=1,18,136,593,1727,3637,5791,7141,6894,5216,3068,1377,456,105,15,1
TOP4 rank=7 n=18 alpha=15 k=8 q=10 num=11035577 den=50452609 par=0,1,2,3,3,3,3,2,2,2,2,2,2,2,1,15,15,15 poly=1,18,136,597,1757,3737,5986,7387,7103,5336,3113,1387,457,105,15,1
TOP4 rank=8 n=18 alpha=15 k=7 q=10 num=20123457 den=91872225 par=0,1,2,2,2,2,2,2,1,9,1,1,1,1,1,1,1,1 poly=1,18,136,611,1876,4221,7224,9585,9932,8025,5007,2366,819,196,29,2
TOP4 rank=9 n=18 alpha=15 k=7 q=10 num=12338767 den=56145049 par=0,1,2,3,3,3,3,3,3,3,2,2,2,2,2,1,16,16 poly=1,18,136,597,1756,3739,6019,7493,7278,5511,3224,1431,467,106,15,1
TOP4 rank=10 n=18 alpha=15 k=7 q=10 num=12478889 den=56746089 par=0,1,2,2,2,2,2,2,1,9,9,9,1,1,1,1,1,1 poly=1,18,136,599,1768,3770,6064,7533,7300,5518,3225,1431,467,106,15,1
TOP4 rank=11 n=18 alpha=15 k=7 q=10 num=12132274 den=55160329 par=0,1,2,2,2,2,2,2,1,9,9,9,9,9,9,1,16,16 poly=1,18,136,592,1728,3678,5939,7427,7245,5502,3223,1431,467,106,15,1
VDMIN_FLOAT n=18 value=0.643983261088 k=7 alpha=10 q=7 lambda=2.77427571359 V=1.25713577582 delta=0.512262297738 par=0,1,2,3,2,5,2,7,2,9,1,11,12,11,14,11,16,1 poly=1,18,136,570,1466,2394,2453,1474,432,32,1
PERK n=18 alpha=15 k=4 q=10 num=940345 den=3519376 par=0,1,2,2,2,2,2,2,1,9,1,1,1,1,1,1,1,1
PERK n=18 alpha=15 k=5 q=10 num=4264617 den=17816841 par=0,1,2,2,2,2,2,2,1,9,1,1,1,1,1,1,1,1
PERK n=18 alpha=15 k=6 q=10 num=6902555 den=31158724 par=0,1,2,2,2,2,2,2,1,9,9,9,9,1,14,14,14,14
PERK n=18 alpha=15 k=7 q=10 num=10148233 den=47458321 par=0,1,2,2,2,2,2,2,1,9,9,9,9,1,14,14,14,14
PERK n=18 alpha=15 k=8 q=10 num=9569512 den=44675856 par=0,1,2,2,2,2,2,2,1,9,9,9,9,1,14,14,14,14
PERK n=18 alpha=15 k=9 q=10 num=6049627 den=27290176 par=0,1,2,2,2,2,2,2,1,9,9,9,9,9,1,1,1,1
PERK n=18 alpha=15 k=10 q=10 num=2225313 den=9418761 par=0,1,2,2,2,2,2,2,1,9,9,9,9,9,1,1,1,1
PERALPHA n=18 alpha=9 k=5 q=6 num=2261900 den=6538249 par=0,1,2,3,2,5,2,7,2,1,10,11,10,13,10,15,10,1
PERALPHA n=18 alpha=10 k=5 q=7 num=2387281 den=7546009 par=0,1,2,3,2,5,2,7,2,9,1,11,12,11,14,11,11,11
PERALPHA n=18 alpha=11 k=6 q=7 num=4740364 den=16418704 par=0,1,2,3,2,5,2,7,2,9,1,11,12,11,11,11,11,11
PERALPHA n=18 alpha=12 k=6 q=8 num=3747877 den=14145121 par=0,1,2,3,3,3,3,2,8,8,8,8,1,13,1,15,1,17
PERALPHA n=18 alpha=13 k=7 q=9 num=4744436 den=19518724 par=0,1,2,3,3,3,3,2,8,8,8,8,1,13,1,15,1,1
PERALPHA n=18 alpha=14 k=7 q=9 num=6856015 den=30426256 par=0,1,2,3,3,3,3,2,8,8,8,8,1,13,1,1,1,1
PERALPHA n=18 alpha=15 k=7 q=10 num=10148233 den=47458321 par=0,1,2,2,2,2,2,2,1,9,9,9,9,1,14,14,14,14
TOPQ n=18 alpha=14 k=9 q=9 num=1088592 den=4613904 par=0,1,2,3,3,3,3,2,8,8,8,1,12,13,13,13,1,1
NEWTON n=18 alpha=13 k=9 q=9 num=22564250 den=23988734 par=0,1,2,3,3,3,2,7,7,7,2,11,11,11,1,15,1,1
NEWTONFAIL_DIST n=18 q_minus_k=0 trees=480
NEWTONFAIL_DIST n=18 q_minus_k=1 trees=232
NEWTONFAIL_DIST n=18 q_minus_k=2 trees=127
NEWTONFAIL_DIST n=18 q_minus_k=3 trees=43
NEWTONFAIL_DIST n=18 q_minus_k=4 trees=18
NEWTONFAIL_DIST n=18 q_minus_k=5 trees=6
VDBIN_FLOAT n=18 bin_lo=0 value=0.643983261088 k=7 alpha=10 q=7 lambda=2.77427571359 V=1.25713577582 delta=0.512262297738 par=0,1,2,3,2,5,2,7,2,9,1,11,12,11,14,11,16,1
VDBIN_FLOAT n=18 bin_lo=2 value=0.70533734426 k=7 alpha=10 q=7 lambda=1.79849977319 V=2.01384745278 delta=0.350243680715 par=0,1,2,3,4,5,5,5,3,9,3,11,3,13,1,15,16,17
STATS n=18 trees=24582 viol5=0 viol4=0 zero5=0 zero4=0 nonunimodal=0 sampled=0 newton_fail_trees=906
