TOP5 rank=0 n=18 alpha=17 k=8 q=11 num=118195220 den=590976100 par=0,1,1,1,1,1,1,1,1,1,1,1,1,1,1,1,1,1 poly=1,18,136,680,2380,6188,12376,19448,24310,24310,19448,12376,6188,2380,680,136,17,1
TOP5 rank=1 n=18 alpha=16 k=8 q=11 num=34928365 den=168740100 par=0,1,2,2,2,2,2,2,2,2,2,2,1,1,1,1,1,1 poly=1,18,136,620,1960,4593,8266,11651,12990,11485,8018,4369,1820,560,120,16,1
TOP5 rank=2 n=18 alpha=16 k=8 q=11 num=34939850 den=168740100 par=0,1,2,2,2,2,2,2,2,2,2,2,1,13,13,13,13,13 poly=1,18,136,615,1950,4583,8261,11650,12990,11485,8018,4369,1820,560,120,16,1
TOP5 rank=3 n=18 alpha=16 k=8 q=11 num=36117290 den=174240000 par=0,1,2,2,2,2,2,2,2,2,2,2,2,1,14,14,14,14 poly=1,18,136,621,1989,4699,8470,11902,13200,11605,8063,4379,1821,560,120,16,1
TOP5 rank=4 n=18 alpha=16 k=8 q=11 num=36117290 den=174240000 par=0,1,2,2,2,2,2,2,2,2,2,2,2,1,1,1,1,1 poly=1,18,136,625,1995,4703,8471,11902,13200,11605,8063,4379,1821,560,120,16,1
TOP5 rank=5 n=18 alpha=16 k=8 q=11 num=34572230 den=166590649 par=0,1,2,2,2,2,2,2,2,2,2,1,1,1,1,1,1,1 poly=1,18,136,617,1939,4529,8155,11531,12907,11449,8009,4368,1820,560,120,16,1
TOP5 rank=6 n=18 alpha=16 k=8 q=11 num=34615111 den=166564836 par=0,1,2,2,2,2,2,2,2,2,2,1,12,12,12,12,12,12 poly=1,18,136,611,1924,4509,8140,11525,12906,11449,8009,4368,1820,560,120,16,1
TOP5 rank=7 n=18 alpha=16 k=8 q=11 num=39085904 den=186650244 par=0,1,2,2,2,2,2,2,2,2,2,2,2,2,1,15,15,15 poly=1,18,136,629,2041,4863,8800,12364,13662,11935,8228,4434,1832,561,120,16,1
TOP5 rank=8 n=18 alpha=16 k=8 q=11 num=39085904 den=186650244 par=0,1,2,2,2,2,2,2,2,2,2,2,2,2,1,1,1,1 poly=1,18,136,632,2044,4864,8800,12364,13662,11935,8228,4434,1832,561,120,16,1
TOP5 rank=9 n=18 alpha=16 k=8 q=11 num=78728650 den=372683025 par=0,1,2,2,2,2,2,2,2,2,2,2,2,2,2,2,2,1 poly=1,18,136,665,2275,5733,11011,16445,19305,17875,13013,7371,3185,1015,225,31,2
TOP5 rank=10 n=18 alpha=15 k=7 q=10 num=9863185 den=46444225 par=0,1,2,2,2,2,2,1,8,8,8,8,8,1,14,14,14,14 poly=1,18,136,587,1679,3489,5520,6815,6627,5068,3015,1366,455,105,15,1
TOP5 rank=11 n=18 alpha=16 k=8 q=11 num=45314984 den=212751396 par=0,1,2,2,2,2,2,2,2,2,2,2,2,2,2,1,16,16 poly=1,18,136,639,2106,5083,9295,13156,14586,12727,8723,4654,1898,573,121,16,1
TOP4 rank=0 n=18 alpha=17 k=8 q=11 num=118195220 den=590976100 par=0,1,1,1,1,1,1,1,1,1,1,1,1,1,1,1,1,1 poly=1,18,136,680,2380,6188,12376,19448,24310,24310,19448,12376,6188,2380,680,136,17,1
TOP4 rank=1 n=18 alpha=16 k=8 q=11 num=34928365 den=168740100 par=0,1,2,2,2,2,2,2,2,2,2,2,1,1,1,1,1,1 poly=1,18,136,620,1960,4593,8266,11651,12990,11485,8018,4369,1820,560,120,16,1
TOP4 rank=2 n=18 alpha=16 k=8 q=11 num=34939850 den=168740100 par=0,1,2,2,2,2,2,2,2,2,2,2,1,13,13,13,13,13 poly=1,18,136,615,1950,4583,8261,11650,12990,11485,8018,4369,1820,560,120,16,1
TOP4 rank=3 n=18 alpha=16 k=8 q=11 num=36117290 den=174240000 par=0,1,2,2,2,2,2,2,2,2,2,2,2,1,14,14,14,14 poly=1,18,136,621,1989,4699,8470,11902,13200,11605,8063,4379,1821,560,120,16,1
TOP4 rank=4 n=18 alpha=16 k=8 q=11 num=36117290 den=174240000 par=0,1,2,2,2,2,2,2,2,2,2,2,2,1,1,1,1,1 poly=1,18,136,625,1995,4703,8471,11902,13200,11605,8063,4379,1821,560,120,16,1
TOP4 rank=5 n=18 alpha=16 k=8 q=11 num=34572230 den=166590649 par=0,1,2,2,2,2,2,2,2,2,2,1,1,1,1,1,1,1 poly=1,18,136,617,1939,4529,8155,11531,12907,11449,8009,4368,1820,560,120,16,1
TOP4 rank=6 n=18 alpha=16 k=8 q=11 num=34615111 den=166564836 par=0,1,2,2,2,2,2,2,2,2,2,1,12,12,12,12,12,12 poly=1,18,136,611,1924,4509,8140,11525,12906,11449,8009,4368,1820,560,120,16,1
TOP4 rank=7 n=18 alpha=16 k=8 q=11 num=39085904 den=186650244 par=0,1,2,2,2,2,2,2,2,2,2,2,2,2,1,15,15,15 poly=1,18,136,629,2041,4863,8800,12364,13662,11935,8228,4434,1832,561,120,16,1
TOP4 rank=8 n=18 alpha=16 k=8 q=11 num=39085904 den=186650244 par=0,1,2,2,2,2,2,2,2,2,2,2,2,2,1,1,1,1 poly=1,18,136,632,2044,4864,8800,12364,13662,11935,8228,4434,1832,561,120,16,1
TOP4 rank=9 n=18 alpha=16 k=8 q=11 num=78728650 den=372683025 par=0,1,2,2,2,2,2,2,2,2,2,2,2,2,2,2,2,1 poly=1,18,136,665,2275,5733,11011,16445,19305,17875,13013,7371,3185,1015,225,31,2
TOP4 rank=10 n=18 alpha=15 k=7 q=10 num=9863185 den=46444225 par=0,1,2,2,2,2,2,1,8,8,8,8,8,1,14,14,14,14 poly=1,18,136,587,1679,3489,5520,6815,6627,5068,3015,1366,455,105,15,1
TOP4 rank=11 n=18 alpha=16 k=8 q=11 num=45314984 den=212751396 par=0,1,2,2,2,2,2,2,2,2,2,2,2,2,2,1,16,16 poly=1,18,136,639,2106,5083,9295,13156,14586,12727,8723,4654,1898,573,121,16,1
VDMIN_FLOAT n=18 value=0.657815081629 k=7 alpha=10 q=7 lambda=2.26344574151 V=1.50428635765 delta=0.437293789366 par=0,1,2,3,4,4,3,2,8,2,10,2,12,2,14,1,16,17 poly=1,18,136,572,1485,2476,2654,1763,659,107,1
PERK n=18 alpha=16 k=4 q=11 num=946777 den=3701776 par=0,1,2,2,2,2,2,2,2,2,2,1,12,12,12,12,12,12
PERK n=18 alpha=16 k=5 q=11 num=4699296 den=20511841 par=0,1,2,2,2,2,2,2,2,2,2,1,1,1,1,1,1,1
PERK n=18 alpha=17 k=6 q=11 num=32821152 den=153165376 par=0,1,1,1,1,1,1,1,1,1,1,1,1,1,1,1,1,1
PERK n=18 alpha=17 k=7 q=11 num=77364144 den=378224704 par=0,1,1,1,1,1,1,1,1,1,1,1,1,1,1,1,1,1
PERK n=18 alpha=17 k=8 q=11 num=118195220 den=590976100 par=0,1,1,1,1,1,1,1,1,1,1,1,1,1,1,1,1,1
PERK n=18 alpha=17 k=9 q=11 num=118195220 den=590976100 par=0,1,1,1,1,1,1,1,1,1,1,1,1,1,1,1,1,1
PERK n=18 alpha=17 k=10 q=11 num=77364144 den=378224704 par=0,1,1,1,1,1,1,1,1,1,1,1,1,1,1,1,1,1
PERK n=18 alpha=17 k=11 q=11 num=32821152 den=153165376 par=0,1,1,1,1,1,1,1,1,1,1,1,1,1,1,1,1,1
PERALPHA n=18 alpha=9 k=5 q=6 num=2232409 den=6461764 par=0,1,2,3,4,3,6,3,8,3,1,11,12,11,14,11,16,11
PERALPHA n=18 alpha=10 k=5 q=7 num=2416684 den=7628644 par=0,1,2,3,4,3,6,3,8,3,1,11,12,11,14,11,11,11
PERALPHA n=18 alpha=11 k=6 q=7 num=3643425 den=12595401 par=0,1,2,3,4,4,4,4,2,9,2,11,2,13,2,1,16,17
PERALPHA n=18 alpha=12 k=6 q=8 num=4077564 den=15366400 par=0,1,2,3,4,4,4,4,2,9,2,2,2,1,14,15,14,17
PERALPHA n=18 alpha=13 k=7 q=9 num=4707311 den=19368801 par=0,1,2,3,2,2,2,1,8,9,8,8,8,1,14,14,14,14
PERALPHA n=18 alpha=14 k=8 q=9 num=2623962 den=11634921 par=0,1,2,3,3,3,2,7,7,7,1,11,12,12,12,1,1,1
PERALPHA n=18 alpha=15 k=7 q=10 num=9863185 den=46444225 par=0,1,2,2,2,2,2,1,8,8,8,8,8,1,14,14,14,14
PERALPHA n=18 alpha=16 k=8 q=11 num=34928365 den=168740100 par=0,1,2,2,2,2,2,2,2,2,2,2,1,1,1,1,1,1
PERALPHA n=18 alpha=17 k=8 q=11 num=118195220 den=590976100 par=0,1,1,1,1,1,1,1,1,1,1,1,1,1,1,1,1,1
TOPQ n=18 alpha=17 k=11 q=11 num=32821152 den=153165376 par=0,1,1,1,1,1,1,1,1,1,1,1,1,1,1,1,1,1
NEWTON n=18 alpha=14 k=9 q=9 num=67581360 den=71547840 par=0,1,2,3,4,4,4,2,2,2,1,11,12,12,12,1,1,1
NEWTONFAIL_DIST n=18 q_minus_k=0 trees=433
NEWTONFAIL_DIST n=18 q_minus_k=1 trees=206
NEWTONFAIL_DIST n=18 q_minus_k=2 trees=84
NEWTONFAIL_DIST n=18 q_minus_k=3 trees=27
NEWTONFAIL_DIST n=18 q_minus_k=4 trees=13
NEWTONFAIL_DIST n=18 q_minus_k=5 trees=3
NEWTONFAIL_DIST n=18 q_minus_k=6 trees=3
NEWTONFAIL_DIST n=18 q_minus_k=7 trees=5
VDBIN_FLOAT n=18 bin_lo=0 value=0.657815081629 k=7 alpha=10 q=7 lambda=2.26344574151 V=1.50428635765 delta=0.437293789366 par=0,1,2,3,4,4,3,2,8,2,10,2,12,2,14,1,16,17
VDBIN_FLOAT n=18 bin_lo=2 value=0.704671332855 k=7 alpha=10 q=7 lambda=1.87485435504 V=2.00784222211 delta=0.350959515192 par=0,1,2,3,4,3,6,1,8,9,10,9,12,1,14,15,15,15
VDBIN_FLOAT n=18 bin_lo=4 value=0.834124352469 k=7 alpha=16 q=11 lambda=0.785735326722 V=4.00285028329 delta=0.208382600756 par=0,1,2,2,2,2,2,2,2,2,2,1,1,1,1,1,1,1
STATS n=18 trees=22657 viol5=0 viol4=0 zero5=0 zero4=0 nonunimodal=0 sampled=0 newton_fail_trees=774
