TOP5 rank=0 n=18 alpha=15 k=8 q=10 num=9603664 den=45050944 par=0,1,2,3,3,3,3,3,3,2,2,2,2,1,14,14,14,14 poly=1,18,136,591,1710,3573,5651,6945,6712,5104,3024,1367,455,105,15,1
TOP5 rank=1 n=18 alpha=15 k=8 q=10 num=10068708 den=46758244 par=0,1,2,3,3,3,3,3,3,2,2,2,2,2,1,15,15,15 poly=1,18,136,593,1723,3615,5739,7072,6838,5188,3060,1376,456,105,15,1
TOP5 rank=2 n=18 alpha=15 k=8 q=10 num=10073896 den=46758244 par=0,1,2,3,3,3,3,3,3,2,2,2,1,13,13,13,13,13 poly=1,18,136,591,1716,3606,5734,7071,6838,5188,3060,1376,456,105,15,1
TOP5 rank=3 n=18 alpha=15 k=8 q=10 num=10086161 den=46744569 par=0,1,2,3,3,3,3,3,1,9,9,9,9,1,1,1,1,1 poly=1,18,136,591,1714,3599,5725,7066,6837,5188,3060,1376,456,105,15,1
TOP5 rank=4 n=18 alpha=15 k=8 q=10 num=10297289 den=47513449 par=0,1,2,2,2,2,2,2,2,1,10,10,10,10,1,15,15,15 poly=1,18,136,591,1715,3618,5776,7135,6893,5216,3068,1377,456,105,15,1
TOP5 rank=5 n=18 alpha=15 k=7 q=10 num=19782165 den=90535225 par=0,1,2,2,2,2,2,2,2,1,10,1,1,1,1,1,1,1 poly=1,18,136,609,1862,4179,7154,9515,9890,8011,5005,2366,819,196,29,2
TOP5 rank=6 n=18 alpha=15 k=8 q=10 num=11095630 den=50751376 par=0,1,2,3,3,3,3,3,3,3,3,2,2,2,1,15,15,15 poly=1,18,136,597,1761,3755,6020,7422,7124,5343,3114,1387,457,105,15,1
TOP5 rank=7 n=18 alpha=15 k=8 q=10 num=11035577 den=50452609 par=0,1,2,2,2,2,2,2,2,1,10,10,10,10,1,1,1,1 poly=1,18,136,597,1757,3737,5986,7387,7103,5336,3113,1387,457,105,15,1
TOP5 rank=8 n=18 alpha=15 k=8 q=10 num=11113441 den=50737129 par=0,1,2,3,3,3,3,3,3,3,3,1,12,13,13,13,1,1 poly=1,18,136,594,1747,3735,6005,7416,7123,5343,3114,1387,457,105,15,1
TOP5 rank=9 n=18 alpha=15 k=8 q=10 num=11053388 den=50438404 par=0,1,2,3,3,3,1,7,8,8,8,1,1,1,1,1,1,1 poly=1,18,136,594,1742,3715,5970,7381,7102,5336,3113,1387,457,105,15,1
TOP5 rank=10 n=18 alpha=15 k=7 q=10 num=19778959 den=90136036 par=0,1,2,2,2,2,2,2,2,1,10,10,10,10,10,10,10,1 poly=1,18,136,603,1841,4144,7119,9494,9883,8010,5005,2366,819,196,29,2
TOP5 rank=11 n=18 alpha=15 k=7 q=10 num=12291832 den=55995289 par=0,1,2,3,3,3,3,3,3,2,2,2,2,2,2,1,16,16 poly=1,18,136,597,1755,3734,6009,7483,7273,5510,3224,1431,467,106,15,1
TOP4 rank=0 n=18 alpha=15 k=8 q=10 num=9603664 den=45050944 par=0,1,2,3,3,3,3,3,3,2,2,2,2,1,14,14,14,14 poly=1,18,136,591,1710,3573,5651,6945,6712,5104,3024,1367,455,105,15,1
TOP4 rank=1 n=18 alpha=15 k=8 q=10 num=10068708 den=46758244 par=0,1,2,3,3,3,3,3,3,2,2,2,2,2,1,15,15,15 poly=1,18,136,593,1723,3615,5739,7072,6838,5188,3060,1376,456,105,15,1
TOP4 rank=2 n=18 alpha=15 k=8 q=10 num=10073896 den=46758244 par=0,1,2,3,3,3,3,3,3,2,2,2,1,13,13,13,13,13 poly=1,18,136,591,1716,3606,5734,7071,6838,5188,3060,1376,456,105,15,1
TOP4 rank=3 n=18 alpha=15 k=8 q=10 num=10086161 den=46744569 par=0,1,2,3,3,3,3,3,1,9,9,9,9,1,1,1,1,1 poly=1,18,136,591,1714,3599,5725,7066,6837,5188,3060,1376,456,105,15,1
TOP4 rank=4 n=18 alpha=15 k=8 q=10 num=10297289 den=47513449 par=0,1,2,2,2,2,2,2,2,1,10,10,10,10,1,15,15,15 poly=1,18,136,591,1715,3618,5776,7135,6893,5216,3068,1377,456,105,15,1
TOP4 rank=5 n=18 alpha=15 k=7 q=10 num=19782165 den=90535225 par=0,1,2,2,2,2,2,2,2,1,10,1,1,1,1,1,1,1 poly=1,18,136,609,1862,4179,7154,9515,9890,8011,5005,2366,819,196,29,2
TOP4 rank=6 n=18 alpha=15 k=8 q=10 num=11095630 den=50751376 par=0,1,2,3,3,3,3,3,3,3,3,2,2,2,1,15,15,15 poly=1,18,136,597,1761,3755,6020,7422,7124,5343,3114,1387,457,105,15,1
TOP4 rank=7 n=18 alpha=15 k=8 q=10 num=11035577 den=50452609 par=0,1,2,2,2,2,2,2,2,1,10,10,10,10,1,1,1,1 poly=1,18,136,597,1757,3737,5986,7387,7103,5336,3113,1387,457,105,15,1
TOP4 rank=8 n=18 alpha=15 k=8 q=10 num=11113441 den=50737129 par=0,1,2,3,3,3,3,3,3,3,3,1,12,13,13,13,1,1 poly=1,18,136,594,1747,3735,6005,7416,7123,5343,3114,1387,457,105,15,1
TOP4 rank=9 n=18 alpha=15 k=8 q=10 num=11053388 den=50438404 par=0,1,2,3,3,3,1,7,8,8,8,1,1,1,1,1,1,1 poly=1,18,136,594,1742,3715,5970,7381,7102,5336,3113,1387,457,105,15,1
TOP4 rank=10 n=18 alpha=15 k=7 q=10 num=19778959 den=90136036 par=0,1,2,2,2,2,2,2,2,1,10,10,10,10,10,10,10,1 poly=1,18,136,603,1841,4144,7119,9494,9883,8010,5005,2366,819,196,29,2
TOP4 rank=11 n=18 alpha=15 k=7 q=10 num=12291832 den=55995289 par=0,1,2,3,3,3,3,3,3,2,2,2,2,2,2,1,16,16 poly=1,18,136,597,1755,3734,6009,7483,7273,5510,3224,1431,467,106,15,1
VDMIN_FLOAT n=18 value=0.650597931886 k=7 alpha=10 q=7 lambda=2.64497641497 V=1.30067498204 delta=0.500200235161 par=0,1,2,3,2,5,2,7,2,9,2,11,1,13,14,13,16,1 poly=1,18,136,572,1483,2453,2560,1581,488,44,1
PERK n=18 alpha=15 k=4 q=10 num=891184 den=3396649 par=0,1,2,3,3,3,3,3,3,3,3,1,12,1,1,1,1,1
PERK n=18 alpha=15 k=5 q=10 num=4066657 den=17172736 par=0,1,2,2,2,2,2,2,2,1,10,10,10,10,10,10,10,1
PERK n=18 alpha=15 k=6 q=10 num=7119316 den=31933801 par=0,1,2,3,3,3,3,3,3,2,2,2,2,1,14,14,14,14
PERK n=18 alpha=15 k=7 q=10 num=10303513 den=48233025 par=0,1,2,3,3,3,3,3,3,2,2,2,2,1,14,14,14,14
PERK n=18 alpha=15 k=8 q=10 num=9603664 den=45050944 par=0,1,2,3,3,3,3,3,3,2,2,2,2,1,14,14,14,14
PERK n=18 alpha=15 k=9 q=10 num=5753728 den=26050816 par=0,1,2,3,3,3,3,3,3,2,2,2,2,1,14,14,14,14
PERK n=18 alpha=15 k=10 q=10 num=2286255 den=9696996 par=0,1,2,3,3,3,3,3,3,3,3,2,2,2,1,15,15,15
PERALPHA n=18 alpha=9 k=5 q=6 num=2638939 den=7739524 par=0,1,2,3,2,5,2,7,2,9,2,11,2,13,2,1,16,17
PERALPHA n=18 alpha=10 k=5 q=7 num=2996100 den=9548100 par=0,1,2,3,2,5,2,7,2,9,2,11,2,2,2,1,16,17
PERALPHA n=18 alpha=11 k=6 q=7 num=4436076 den=15539364 par=0,1,2,3,3,3,3,3,1,9,1,11,1,13,1,15,1,17
PERALPHA n=18 alpha=12 k=6 q=8 num=3695097 den=13995081 par=0,1,2,3,4,4,4,4,2,2,2,1,12,13,12,15,12,17
PERALPHA n=18 alpha=13 k=7 q=9 num=3785077 den=15570916 par=0,1,2,3,4,4,4,4,3,9,9,9,2,2,2,1,16,17
PERALPHA n=18 alpha=14 k=7 q=9 num=3944034 den=17489124 par=0,1,2,3,3,3,1,7,8,8,8,1,12,13,13,13,1,1
PERALPHA n=18 alpha=15 k=8 q=10 num=9603664 den=45050944 par=0,1,2,3,3,3,3,3,3,2,2,2,2,1,14,14,14,14
TOPQ n=18 alpha=15 k=10 q=10 num=2286255 den=9696996 par=0,1,2,3,3,3,3,3,3,3,3,2,2,2,1,15,15,15
NEWTON n=18 alpha=13 k=9 q=9 num=10250000 den=10890936 par=0,1,2,3,4,4,4,2,1,9,10,11,11,9,9,1,16,16
NEWTONFAIL_DIST n=18 q_minus_k=0 trees=554
NEWTONFAIL_DIST n=18 q_minus_k=1 trees=332
NEWTONFAIL_DIST n=18 q_minus_k=2 trees=176
NEWTONFAIL_DIST n=18 q_minus_k=3 trees=69
NEWTONFAIL_DIST n=18 q_minus_k=4 trees=22
NEWTONFAIL_DIST n=18 q_minus_k=5 trees=2
NEWTONFAIL_DIST n=18 q_minus_k=6 trees=7
VDBIN_FLOAT n=18 bin_lo=0 value=0.650597931886 k=7 alpha=10 q=7 lambda=2.64497641497 V=1.30067498204 delta=0.500200235161 par=0,1,2,3,2,5,2,7,2,9,2,11,1,13,14,13,16,1
VDBIN_FLOAT n=18 bin_lo=2 value=0.706092473084 k=7 alpha=10 q=7 lambda=1.87127113236 V=2.00435867456 delta=0.352278502868 par=0,1,2,3,4,5,4,3,8,1,10,11,12,1,14,15,15,15
STATS n=18 trees=27953 viol5=0 viol4=0 zero5=0 zero4=0 nonunimodal=0 sampled=0 newton_fail_trees=1162
