TOP5 rank=0 n=18 alpha=16 k=8 q=11 num=34511764 den=166048996 par=0,1,2,2,2,2,2,2,2,2,1,1,1,1,1,1,1,1 poly=1,18,136,616,1932,4508,8120,11496,12886,11442,8008,4368,1820,560,120,16,1
TOP5 rank=1 n=18 alpha=15 k=7 q=10 num=9869812 den=46444225 par=0,1,2,3,3,3,3,3,1,9,10,10,10,10,10,1,1,1 poly=1,18,136,586,1676,3486,5519,6815,6627,5068,3015,1366,455,105,15,1
TOP5 rank=2 n=18 alpha=15 k=7 q=10 num=9876064 den=46430596 par=0,1,2,3,3,3,3,3,1,9,10,10,10,10,1,1,1,1 poly=1,18,136,586,1675,3483,5516,6814,6627,5068,3015,1366,455,105,15,1
TOP5 rank=3 n=18 alpha=15 k=8 q=10 num=9610657 den=45037521 par=0,1,2,3,3,3,3,3,2,2,2,2,2,1,14,14,14,14 poly=1,18,136,591,1709,3569,5645,6941,6711,5104,3024,1367,455,105,15,1
TOP5 rank=4 n=18 alpha=15 k=8 q=10 num=9615761 den=45037521 par=0,1,2,3,3,3,3,3,2,2,2,2,1,13,13,13,13,13 poly=1,18,136,590,1705,3563,5641,6940,6711,5104,3024,1367,455,105,15,1
TOP5 rank=5 n=18 alpha=15 k=7 q=10 num=10621990 den=49154121 par=0,1,2,3,3,3,3,3,1,9,10,10,10,1,1,1,1,1 poly=1,18,136,588,1693,3550,5659,7011,6809,5180,3059,1376,456,105,15,1
TOP5 rank=6 n=18 alpha=15 k=8 q=10 num=10274564 den=47527236 par=0,1,2,3,3,3,3,3,2,2,2,2,2,2,1,15,15,15 poly=1,18,136,594,1731,3643,5795,7142,6894,5216,3068,1377,456,105,15,1
TOP5 rank=7 n=18 alpha=15 k=8 q=10 num=10292073 den=47513449 par=0,1,2,3,3,3,3,3,3,1,10,10,10,10,10,1,1,1 poly=1,18,136,591,1719,3624,5780,7136,6893,5216,3068,1377,456,105,15,1
TOP5 rank=8 n=18 alpha=15 k=8 q=10 num=10297289 den=47513449 par=0,1,2,3,3,3,3,3,3,1,10,10,10,10,1,1,1,1 poly=1,18,136,591,1718,3621,5777,7135,6893,5216,3068,1377,456,105,15,1
TOP5 rank=9 n=18 alpha=15 k=8 q=10 num=11015604 den=50552100 par=0,1,2,2,2,2,1,7,7,7,7,1,1,1,1,1,1,1 poly=1,18,136,600,1772,3768,6020,7408,7110,5337,3113,1387,457,105,15,1
TOP5 rank=10 n=18 alpha=15 k=7 q=10 num=19778959 den=90136036 par=0,1,2,3,3,3,3,3,3,1,10,1,1,1,1,1,1,1 poly=1,18,136,603,1841,4144,7119,9494,9883,8010,5005,2366,819,196,29,2
TOP5 rank=11 n=18 alpha=15 k=7 q=10 num=12321120 den=55830784 par=0,1,2,3,3,3,3,3,3,1,10,10,10,1,1,1,1,1 poly=1,18,136,593,1738,3705,5984,7472,7271,5510,3224,1431,467,106,15,1
TOP4 rank=0 n=18 alpha=16 k=8 q=11 num=34511764 den=166048996 par=0,1,2,2,2,2,2,2,2,2,1,1,1,1,1,1,1,1 poly=1,18,136,616,1932,4508,8120,11496,12886,11442,8008,4368,1820,560,120,16,1
TOP4 rank=1 n=18 alpha=15 k=7 q=10 num=9869812 den=46444225 par=0,1,2,3,3,3,3,3,1,9,10,10,10,10,10,1,1,1 poly=1,18,136,586,1676,3486,5519,6815,6627,5068,3015,1366,455,105,15,1
TOP4 rank=2 n=18 alpha=15 k=7 q=10 num=9876064 den=46430596 par=0,1,2,3,3,3,3,3,1,9,10,10,10,10,1,1,1,1 poly=1,18,136,586,1675,3483,5516,6814,6627,5068,3015,1366,455,105,15,1
TOP4 rank=3 n=18 alpha=15 k=8 q=10 num=9610657 den=45037521 par=0,1,2,3,3,3,3,3,2,2,2,2,2,1,14,14,14,14 poly=1,18,136,591,1709,3569,5645,6941,6711,5104,3024,1367,455,105,15,1
TOP4 rank=4 n=18 alpha=15 k=8 q=10 num=9615761 den=45037521 par=0,1,2,3,3,3,3,3,2,2,2,2,1,13,13,13,13,13 poly=1,18,136,590,1705,3563,5641,6940,6711,5104,3024,1367,455,105,15,1
TOP4 rank=5 n=18 alpha=15 k=7 q=10 num=10621990 den=49154121 par=0,1,2,3,3,3,3,3,1,9,10,10,10,1,1,1,1,1 poly=1,18,136,588,1693,3550,5659,7011,6809,5180,3059,1376,456,105,15,1
TOP4 rank=6 n=18 alpha=15 k=8 q=10 num=10274564 den=47527236 par=0,1,2,3,3,3,3,3,2,2,2,2,2,2,1,15,15,15 poly=1,18,136,594,1731,3643,5795,7142,6894,5216,3068,1377,456,105,15,1
TOP4 rank=7 n=18 alpha=15 k=8 q=10 num=10292073 den=47513449 par=0,1,2,3,3,3,3,3,3,1,10,10,10,10,10,1,1,1 poly=1,18,136,591,1719,3624,5780,7136,6893,5216,3068,1377,456,105,15,1
TOP4 rank=8 n=18 alpha=15 k=8 q=10 num=10297289 den=47513449 par=0,1,2,3,3,3,3,3,3,1,10,10,10,10,1,1,1,1 poly=1,18,136,591,1718,3621,5777,7135,6893,5216,3068,1377,456,105,15,1
TOP4 rank=9 n=18 alpha=15 k=8 q=10 num=11015604 den=50552100 par=0,1,2,2,2,2,1,7,7,7,7,1,1,1,1,1,1,1 poly=1,18,136,600,1772,3768,6020,7408,7110,5337,3113,1387,457,105,15,1
TOP4 rank=10 n=18 alpha=15 k=7 q=10 num=19778959 den=90136036 par=0,1,2,3,3,3,3,3,3,1,10,1,1,1,1,1,1,1 poly=1,18,136,603,1841,4144,7119,9494,9883,8010,5005,2366,819,196,29,2
TOP4 rank=11 n=18 alpha=15 k=7 q=10 num=12321120 den=55830784 par=0,1,2,3,3,3,3,3,3,1,10,10,10,1,1,1,1,1 poly=1,18,136,593,1738,3705,5984,7472,7271,5510,3224,1431,467,106,15,1
VDMIN_FLOAT n=18 value=0.659268066733 k=7 alpha=10 q=7 lambda=2.36786259218 V=1.50382199936 delta=0.43839501418 par=0,1,2,3,4,1,6,7,8,1,10,11,11,10,1,15,1,17 poly=1,18,136,568,1448,2341,2406,1521,540,84,1
PERK n=18 alpha=16 k=4 q=11 num=955696 den=3732624 par=0,1,2,2,2,2,2,2,2,2,1,1,1,1,1,1,1,1
PERK n=18 alpha=16 k=5 q=11 num=4634224 den=20322064 par=0,1,2,2,2,2,2,2,2,2,1,1,1,1,1,1,1,1
PERK n=18 alpha=16 k=6 q=11 num=14110432 den=65934400 par=0,1,2,2,2,2,2,2,2,2,1,1,1,1,1,1,1,1
PERK n=18 alpha=16 k=7 q=11 num=27523696 den=132158016 par=0,1,2,2,2,2,2,2,2,2,1,1,1,1,1,1,1,1
PERK n=18 alpha=16 k=8 q=11 num=34511764 den=166048996 par=0,1,2,2,2,2,2,2,2,2,1,1,1,1,1,1,1,1
PERK n=18 alpha=16 k=9 q=11 num=27728276 den=130919364 par=0,1,2,2,2,2,2,2,2,2,1,1,1,1,1,1,1,1
PERK n=18 alpha=16 k=10 q=11 num=14149408 den=64128064 par=0,1,2,2,2,2,2,2,2,2,1,1,1,1,1,1,1,1
PERK n=18 alpha=16 k=11 q=11 num=4504864 den=19079424 par=0,1,2,2,2,2,2,2,2,2,1,1,1,1,1,1,1,1
PERALPHA n=18 alpha=9 k=4 q=6 num=883960 den=2637376 par=0,1,2,1,4,1,6,1,8,1,10,1,12,1,14,1,16,1
PERALPHA n=18 alpha=10 k=5 q=7 num=3401776 den=10962721 par=0,1,2,1,4,1,6,1,8,1,10,1,12,1,14,1,1,1
PERALPHA n=18 alpha=11 k=6 q=7 num=4545484 den=15760900 par=0,1,2,3,3,3,3,3,1,9,10,9,12,9,14,9,16,9
PERALPHA n=18 alpha=12 k=6 q=8 num=4691587 den=17673616 par=0,1,2,3,4,4,4,4,4,2,10,2,12,2,2,1,16,17
PERALPHA n=18 alpha=13 k=7 q=9 num=4702417 den=19324816 par=0,1,2,3,4,3,3,3,1,9,10,11,10,10,10,1,1,1
PERALPHA n=18 alpha=14 k=8 q=9 num=2630957 den=11716929 par=0,1,2,2,2,2,1,7,7,7,1,11,11,11,1,15,15,15
PERALPHA n=18 alpha=15 k=7 q=10 num=9869812 den=46444225 par=0,1,2,3,3,3,3,3,1,9,10,10,10,10,10,1,1,1
PERALPHA n=18 alpha=16 k=8 q=11 num=34511764 den=166048996 par=0,1,2,2,2,2,2,2,2,2,1,1,1,1,1,1,1,1
TOPQ n=18 alpha=14 k=9 q=9 num=1085665 den=4618201 par=0,1,2,2,2,2,1,7,7,7,1,11,11,11,1,15,15,15
NEWTON n=18 alpha=13 k=9 q=9 num=10226600 den=10915646 par=0,1,2,3,3,3,2,7,7,2,10,10,1,13,14,14,1,1
NEWTONFAIL_DIST n=18 q_minus_k=0 trees=410
NEWTONFAIL_DIST n=18 q_minus_k=1 trees=172
NEWTONFAIL_DIST n=18 q_minus_k=2 trees=99
NEWTONFAIL_DIST n=18 q_minus_k=3 trees=44
NEWTONFAIL_DIST n=18 q_minus_k=4 trees=13
NEWTONFAIL_DIST n=18 q_minus_k=5 trees=8
NEWTONFAIL_DIST n=18 q_minus_k=6 trees=1
NEWTONFAIL_DIST n=18 q_minus_k=7 trees=1
VDBIN_FLOAT n=18 bin_lo=0 value=0.659268066733 k=7 alpha=10 q=7 lambda=2.36786259218 V=1.50382199936 delta=0.43839501418 par=0,1,2,3,4,1,6,7,8,1,10,11,11,10,1,15,1,17
VDBIN_FLOAT n=18 bin_lo=2 value=0.70417323151 k=7 alpha=10 q=7 lambda=1.84889118548 V=2.02511260462 delta=0.347720531641 par=0,1,2,3,4,1,6,7,8,1,10,11,12,1,14,15,15,15
VDBIN_FLOAT n=18 bin_lo=4 value=0.834361147911 k=7 alpha=16 q=11 lambda=0.785268579093 V=4.00627568098 delta=0.208263538097 par=0,1,2,2,2,2,2,2,2,2,1,1,1,1,1,1,1,1
STATS n=18 trees=24879 viol5=0 viol4=0 zero5=0 zero4=0 nonunimodal=0 sampled=0 newton_fail_trees=748
