TOP5 rank=0 n=19 alpha=16 k=8 q=11 num=36134672 den=178409449 par=0,1,2,3,3,3,3,3,3,1,10,11,11,11,11,11,1,1,1 poly=1,19,153,711,2217,5065,8868,12203,13357,11659,8074,4380,1821,560,120,16,1
TOP5 rank=1 n=19 alpha=16 k=8 q=11 num=36146331 den=178409449 par=0,1,2,3,3,3,3,3,3,1,10,11,11,11,11,1,1,1,1 poly=1,19,153,711,2216,5062,8865,12202,13357,11659,8074,4380,1821,560,120,16,1
TOP5 rank=2 n=19 alpha=16 k=8 q=11 num=37341189 den=183467025 par=0,1,2,2,2,2,2,2,2,1,10,10,10,10,1,15,15,15,15 poly=1,19,153,714,2239,5141,9025,12413,13545,11772,8118,4390,1822,560,120,16,1
TOP5 rank=3 n=19 alpha=16 k=8 q=11 num=37367663 den=183304521 par=0,1,2,3,3,3,3,1,8,9,9,9,9,1,1,1,1,1,1 poly=1,19,153,713,2233,5126,9005,12398,13539,11771,8118,4390,1822,560,120,16,1
TOP5 rank=4 n=19 alpha=16 k=8 q=11 num=38739264 den=188677696 par=0,1,2,3,3,3,3,3,3,1,10,11,11,11,11,11,11,1,1 poly=1,19,153,713,2239,5155,9082,12544,13736,11953,8230,4434,1832,561,120,16,1
TOP5 rank=5 n=19 alpha=16 k=8 q=11 num=39096441 den=190357209 par=0,1,2,2,2,2,2,2,2,1,10,10,10,10,10,1,16,16,16 poly=1,19,153,715,2250,5189,9148,12624,13797,11982,8238,4435,1832,561,120,16,1
TOP5 rank=6 n=19 alpha=16 k=8 q=11 num=38771558 den=188650225 par=0,1,2,3,3,3,3,3,3,1,10,11,11,11,1,1,1,1,1 poly=1,19,153,713,2236,5146,9072,12539,13735,11953,8230,4434,1832,561,120,16,1
TOP5 rank=7 n=19 alpha=16 k=8 q=11 num=40445485 den=196784784 par=0,1,2,2,2,2,2,2,2,1,10,10,10,10,1,1,1,1,1 poly=1,19,153,722,2299,5329,9393,12911,14028,12109,8284,4445,1833,561,120,16,1
TOP5 rank=8 n=19 alpha=16 k=8 q=11 num=40457594 den=196784784 par=0,1,2,2,2,2,2,2,2,1,10,10,10,10,10,1,1,1,1 poly=1,19,153,721,2295,5323,9389,12910,14028,12109,8284,4445,1833,561,120,16,1
TOP5 rank=9 n=19 alpha=16 k=8 q=11 num=40441645 den=196000000 par=0,1,2,3,3,3,3,3,3,3,1,11,11,11,11,11,1,1,1 poly=1,19,153,717,2274,5274,9323,12855,14000,12101,8283,4445,1833,561,120,16,1
TOP5 rank=10 n=19 alpha=16 k=8 q=11 num=40453746 den=196000000 par=0,1,2,3,3,3,3,3,3,3,1,11,11,11,11,1,1,1,1 poly=1,19,153,717,2273,5271,9320,12854,14000,12101,8283,4445,1833,561,120,16,1
TOP5 rank=11 n=19 alpha=16 k=8 q=11 num=40453746 den=196000000 par=0,1,2,3,3,3,3,1,8,9,9,9,1,1,1,1,1,1,1 poly=1,19,153,717,2270,5268,9319,12854,14000,12101,8283,4445,1833,561,120,16,1
TOP4 rank=0 n=19 alpha=16 k=8 q=11 num=36134672 den=178409449 par=0,1,2,3,3,3,3,3,3,1,10,11,11,11,11,11,1,1,1 poly=1,19,153,711,2217,5065,8868,12203,13357,11659,8074,4380,1821,560,120,16,1
TOP4 rank=1 n=19 alpha=16 k=8 q=11 num=36146331 den=178409449 par=0,1,2,3,3,3,3,3,3,1,10,11,11,11,11,1,1,1,1 poly=1,19,153,711,2216,5062,8865,12202,13357,11659,8074,4380,1821,560,120,16,1
TOP4 rank=2 n=19 alpha=16 k=8 q=11 num=37341189 den=183467025 par=0,1,2,2,2,2,2,2,2,1,10,10,10,10,1,15,15,15,15 poly=1,19,153,714,2239,5141,9025,12413,13545,11772,8118,4390,1822,560,120,16,1
TOP4 rank=3 n=19 alpha=16 k=8 q=11 num=37367663 den=183304521 par=0,1,2,3,3,3,3,1,8,9,9,9,9,1,1,1,1,1,1 poly=1,19,153,713,2233,5126,9005,12398,13539,11771,8118,4390,1822,560,120,16,1
TOP4 rank=4 n=19 alpha=16 k=8 q=11 num=38739264 den=188677696 par=0,1,2,3,3,3,3,3,3,1,10,11,11,11,11,11,11,1,1 poly=1,19,153,713,2239,5155,9082,12544,13736,11953,8230,4434,1832,561,120,16,1
TOP4 rank=5 n=19 alpha=16 k=8 q=11 num=39096441 den=190357209 par=0,1,2,2,2,2,2,2,2,1,10,10,10,10,10,1,16,16,16 poly=1,19,153,715,2250,5189,9148,12624,13797,11982,8238,4435,1832,561,120,16,1
TOP4 rank=6 n=19 alpha=16 k=8 q=11 num=38771558 den=188650225 par=0,1,2,3,3,3,3,3,3,1,10,11,11,11,1,1,1,1,1 poly=1,19,153,713,2236,5146,9072,12539,13735,11953,8230,4434,1832,561,120,16,1
TOP4 rank=7 n=19 alpha=16 k=8 q=11 num=40445485 den=196784784 par=0,1,2,2,2,2,2,2,2,1,10,10,10,10,1,1,1,1,1 poly=1,19,153,722,2299,5329,9393,12911,14028,12109,8284,4445,1833,561,120,16,1
TOP4 rank=8 n=19 alpha=16 k=8 q=11 num=40457594 den=196784784 par=0,1,2,2,2,2,2,2,2,1,10,10,10,10,10,1,1,1,1 poly=1,19,153,721,2295,5323,9389,12910,14028,12109,8284,4445,1833,561,120,16,1
TOP4 rank=9 n=19 alpha=16 k=8 q=11 num=40441645 den=196000000 par=0,1,2,3,3,3,3,3,3,3,1,11,11,11,11,11,1,1,1 poly=1,19,153,717,2274,5274,9323,12855,14000,12101,8283,4445,1833,561,120,16,1
TOP4 rank=10 n=19 alpha=16 k=8 q=11 num=40453746 den=196000000 par=0,1,2,3,3,3,3,3,3,3,1,11,11,11,11,1,1,1,1 poly=1,19,153,717,2273,5271,9320,12854,14000,12101,8283,4445,1833,561,120,16,1
TOP4 rank=11 n=19 alpha=16 k=8 q=11 num=40453746 den=196000000 par=0,1,2,3,3,3,3,1,8,9,9,9,1,1,1,1,1,1,1 poly=1,19,153,717,2270,5268,9319,12854,14000,12101,8283,4445,1833,561,120,16,1
VDMIN_FLOAT n=19 value=0.650453633247 k=7 alpha=10 q=7 lambda=2.0382889636 V=1.5213447918 delta=0.427551753391 par=0,1,2,3,4,3,6,3,8,1,10,11,12,1,14,1,16,1,18 poly=1,19,153,689,1923,3468,4060,2987,1258,233,1
PERK n=19 alpha=16 k=4 q=11 num=1491532 den=5798464 par=0,1,2,3,3,3,3,3,3,3,1,11,1,1,1,1,1,1,1
PERK n=19 alpha=16 k=5 q=11 num=8036000 den=34904464 par=0,1,2,3,3,3,3,3,3,3,1,11,1,1,1,1,1,1,1
PERK n=19 alpha=16 k=6 q=11 num=16821701 den=78588225 par=0,1,2,3,3,3,3,3,3,1,10,11,11,11,11,1,1,1,1
PERK n=19 alpha=16 k=7 q=11 num=30463333 den=148913209 par=0,1,2,3,3,3,3,3,3,1,10,11,11,11,11,11,1,1,1
PERK n=19 alpha=16 k=8 q=11 num=36134672 den=178409449 par=0,1,2,3,3,3,3,3,3,1,10,11,11,11,11,11,1,1,1
PERK n=19 alpha=16 k=9 q=11 num=28621674 den=138579984 par=0,1,2,2,2,2,2,2,2,1,10,10,10,10,1,15,15,15,15
PERK n=19 alpha=16 k=10 q=11 num=14800151 den=68624656 par=0,1,2,2,2,2,2,2,2,1,10,10,10,10,10,1,1,1,1
PERK n=19 alpha=16 k=11 q=11 num=4573453 den=19758025 par=0,1,2,2,2,2,2,2,2,1,10,10,10,10,10,1,1,1,1
PERALPHA n=19 alpha=10 k=5 q=7 num=5236135 den=16337764 par=0,1,2,3,3,1,6,7,6,9,6,11,6,13,6,15,6,17,6
PERALPHA n=19 alpha=11 k=6 q=7 num=10524763 den=36036009 par=0,1,2,3,4,3,6,3,8,3,1,11,12,11,14,11,11,11,11
PERALPHA n=19 alpha=12 k=6 q=8 num=12566163 den=46895104 par=0,1,2,3,3,3,3,3,3,1,10,11,10,13,10,15,10,17,10
PERALPHA n=19 alpha=13 k=7 q=9 num=11488387 den=46485124 par=0,1,2,3,4,3,6,3,3,1,10,11,12,11,11,11,1,1,1
PERALPHA n=19 alpha=14 k=8 q=9 num=6903577 den=30239001 par=0,1,2,3,4,4,4,3,8,8,8,2,2,1,14,15,14,14,14
PERALPHA n=19 alpha=15 k=8 q=10 num=11549640 den=54464400 par=0,1,2,3,3,3,3,1,8,9,9,9,8,13,13,13,1,1,1
PERALPHA n=19 alpha=16 k=8 q=11 num=36134672 den=178409449 par=0,1,2,3,3,3,3,3,3,1,10,11,11,11,11,11,1,1,1
TOPQ n=19 alpha=15 k=10 q=10 num=2334596 den=10106041 par=0,1,2,3,3,3,3,1,8,9,9,9,1,13,13,13,13,1,1
NEWTON n=19 alpha=14 k=9 q=9 num=89541600 den=94652160 par=0,1,2,3,3,3,2,7,7,1,10,11,11,11,10,15,15,1,1
NEWTONFAIL_DIST n=19 q_minus_k=0 trees=1167
NEWTONFAIL_DIST n=19 q_minus_k=1 trees=451
NEWTONFAIL_DIST n=19 q_minus_k=2 trees=135
NEWTONFAIL_DIST n=19 q_minus_k=3 trees=56
NEWTONFAIL_DIST n=19 q_minus_k=4 trees=21
NEWTONFAIL_DIST n=19 q_minus_k=5 trees=14
NEWTONFAIL_DIST n=19 q_minus_k=6 trees=15
NEWTONFAIL_DIST n=19 q_minus_k=7 trees=2
VDBIN_FLOAT n=19 bin_lo=0 value=0.650453633247 k=7 alpha=10 q=7 lambda=2.0382889636 V=1.5213447918 delta=0.427551753391 par=0,1,2,3,4,3,6,3,8,1,10,11,12,1,14,1,16,1,18
VDBIN_FLOAT n=19 bin_lo=2 value=0.71119115605 k=7 alpha=10 q=7 lambda=1.64148280551 V=2.01617890327 delta=0.352742087965 par=0,1,2,3,4,3,6,1,8,9,10,9,12,1,14,15,16,1,1
VDBIN_FLOAT n=19 bin_lo=4 value=0.823138354614 k=7 alpha=16 q=11 lambda=0.801268539968 V=4.02372825838 delta=0.204571059912 par=0,1,2,3,3,3,3,3,3,1,10,11,11,11,11,11,1,1,1
STATS n=19 trees=64404 viol5=0 viol4=0 zero5=0 zero4=0 nonunimodal=0 sampled=0 newton_fail_trees=1861
