TOP5 rank=0 n=19 alpha=18 k=9 q=12 num=449141836 den=2363904400 par=0,1,1,1,1,1,1,1,1,1,1,1,1,1,1,1,1,1,1 poly=1,19,153,816,3060,8568,18564,31824,43758,48620,43758,31824,18564,8568,3060,816,153,18,1
TOP5 rank=1 n=19 alpha=16 k=8 q=11 num=35287925 den=175032900 par=0,1,2,2,2,2,2,1,8,8,8,8,8,1,14,14,14,14,14 poly=1,19,153,711,2210,5028,8779,12073,13230,11575,8038,4371,1820,560,120,16,1
TOP5 rank=2 n=19 alpha=16 k=8 q=11 num=36472826 den=180660481 par=0,1,2,3,3,3,3,3,3,2,2,2,2,2,1,15,15,15,15 poly=1,19,153,716,2250,5148,8994,12329,13441,11695,8083,4381,1821,560,120,16,1
TOP5 rank=3 n=19 alpha=16 k=8 q=11 num=36484521 den=180660481 par=0,1,2,3,3,3,3,3,3,2,2,2,2,1,14,14,14,14,14 poly=1,19,153,715,2246,5142,8990,12328,13441,11695,8083,4381,1821,560,120,16,1
TOP5 rank=4 n=19 alpha=16 k=8 q=11 num=37717101 den=186349801 par=0,1,2,2,2,2,2,1,8,8,8,8,8,1,1,1,1,1,1 poly=1,19,153,721,2285,5258,9199,12580,13651,11815,8128,4391,1822,560,120,16,1
TOP5 rank=5 n=19 alpha=16 k=8 q=11 num=39091770 den=190992400 par=0,1,2,3,3,3,3,3,3,2,2,2,2,2,2,1,16,16,16 poly=1,19,153,719,2274,5239,9208,12670,13820,11989,8239,4435,1832,561,120,16,1
TOP5 rank=6 n=19 alpha=16 k=8 q=11 num=39136065 den=190964761 par=0,1,2,3,3,3,3,3,3,2,2,2,1,13,13,13,13,13,13 poly=1,19,153,716,2262,5220,9193,12664,13819,11989,8239,4435,1832,561,120,16,1
TOP5 rank=7 n=19 alpha=16 k=8 q=11 num=39136065 den=190964761 par=0,1,2,3,3,3,3,3,1,9,9,9,9,1,1,1,1,1,1 poly=1,19,153,717,2265,5223,9194,12664,13819,11989,8239,4435,1832,561,120,16,1
TOP5 rank=8 n=19 alpha=16 k=8 q=11 num=40386815 den=196981225 par=0,1,2,2,2,2,2,1,8,8,8,8,1,1,1,1,1,1,1 poly=1,19,153,724,2310,5354,9423,12931,14035,12110,8284,4445,1833,561,120,16,1
TOP5 rank=9 n=19 alpha=16 k=8 q=11 num=40457594 den=196784784 par=0,1,2,3,3,3,3,3,3,3,3,2,2,2,2,1,16,16,16 poly=1,19,153,721,2295,5323,9389,12910,14028,12109,8284,4445,1833,561,120,16,1
TOP5 rank=10 n=19 alpha=16 k=8 q=11 num=40457594 den=196784784 par=0,1,2,3,3,3,3,3,3,3,3,2,2,2,1,15,15,15,15 poly=1,19,153,720,2292,5320,9388,12910,14028,12109,8284,4445,1833,561,120,16,1
TOP5 rank=11 n=19 alpha=16 k=8 q=11 num=40528429 den=196588441 par=0,1,2,3,3,3,3,3,3,3,3,1,12,13,13,13,13,1,1 poly=1,19,153,717,2275,5288,9354,12889,14021,12108,8284,4445,1833,561,120,16,1
TOP4 rank=0 n=19 alpha=18 k=9 q=12 num=449141836 den=2363904400 par=0,1,1,1,1,1,1,1,1,1,1,1,1,1,1,1,1,1,1 poly=1,19,153,816,3060,8568,18564,31824,43758,48620,43758,31824,18564,8568,3060,816,153,18,1
TOP4 rank=1 n=19 alpha=16 k=8 q=11 num=35287925 den=175032900 par=0,1,2,2,2,2,2,1,8,8,8,8,8,1,14,14,14,14,14 poly=1,19,153,711,2210,5028,8779,12073,13230,11575,8038,4371,1820,560,120,16,1
TOP4 rank=2 n=19 alpha=16 k=8 q=11 num=36472826 den=180660481 par=0,1,2,3,3,3,3,3,3,2,2,2,2,2,1,15,15,15,15 poly=1,19,153,716,2250,5148,8994,12329,13441,11695,8083,4381,1821,560,120,16,1
TOP4 rank=3 n=19 alpha=16 k=8 q=11 num=36484521 den=180660481 par=0,1,2,3,3,3,3,3,3,2,2,2,2,1,14,14,14,14,14 poly=1,19,153,715,2246,5142,8990,12328,13441,11695,8083,4381,1821,560,120,16,1
TOP4 rank=4 n=19 alpha=16 k=8 q=11 num=37717101 den=186349801 par=0,1,2,2,2,2,2,1,8,8,8,8,8,1,1,1,1,1,1 poly=1,19,153,721,2285,5258,9199,12580,13651,11815,8128,4391,1822,560,120,16,1
TOP4 rank=5 n=19 alpha=16 k=8 q=11 num=39091770 den=190992400 par=0,1,2,3,3,3,3,3,3,2,2,2,2,2,2,1,16,16,16 poly=1,19,153,719,2274,5239,9208,12670,13820,11989,8239,4435,1832,561,120,16,1
TOP4 rank=6 n=19 alpha=16 k=8 q=11 num=39136065 den=190964761 par=0,1,2,3,3,3,3,3,3,2,2,2,1,13,13,13,13,13,13 poly=1,19,153,716,2262,5220,9193,12664,13819,11989,8239,4435,1832,561,120,16,1
TOP4 rank=7 n=19 alpha=16 k=8 q=11 num=39136065 den=190964761 par=0,1,2,3,3,3,3,3,1,9,9,9,9,1,1,1,1,1,1 poly=1,19,153,717,2265,5223,9194,12664,13819,11989,8239,4435,1832,561,120,16,1
TOP4 rank=8 n=19 alpha=16 k=8 q=11 num=40386815 den=196981225 par=0,1,2,2,2,2,2,1,8,8,8,8,1,1,1,1,1,1,1 poly=1,19,153,724,2310,5354,9423,12931,14035,12110,8284,4445,1833,561,120,16,1
TOP4 rank=9 n=19 alpha=16 k=8 q=11 num=40457594 den=196784784 par=0,1,2,3,3,3,3,3,3,3,3,2,2,2,2,1,16,16,16 poly=1,19,153,721,2295,5323,9389,12910,14028,12109,8284,4445,1833,561,120,16,1
TOP4 rank=10 n=19 alpha=16 k=8 q=11 num=40457594 den=196784784 par=0,1,2,3,3,3,3,3,3,3,3,2,2,2,1,15,15,15,15 poly=1,19,153,720,2292,5320,9388,12910,14028,12109,8284,4445,1833,561,120,16,1
TOP4 rank=11 n=19 alpha=16 k=8 q=11 num=40528429 den=196588441 par=0,1,2,3,3,3,3,3,3,3,3,1,12,13,13,13,13,1,1 poly=1,19,153,717,2275,5288,9354,12889,14021,12108,8284,4445,1833,561,120,16,1
VDMIN_FLOAT n=19 value=0.64974775305 k=7 alpha=10 q=7 lambda=1.93617261326 V=1.53945467587 delta=0.422063580848 par=0,1,2,3,2,5,2,7,2,9,2,11,1,13,14,13,16,13,18 poly=1,19,153,693,1965,3643,4437,3434,1536,304,1
PERK n=19 alpha=18 k=4 q=12 num=2372112 den=9363600 par=0,1,1,1,1,1,1,1,1,1,1,1,1,1,1,1,1,1,1
PERK n=19 alpha=18 k=5 q=12 num=16604784 den=73410624 par=0,1,1,1,1,1,1,1,1,1,1,1,1,1,1,1,1,1,1
PERK n=19 alpha=18 k=6 q=12 num=71954064 den=344622096 par=0,1,1,1,1,1,1,1,1,1,1,1,1,1,1,1,1,1,1
PERK n=19 alpha=18 k=7 q=12 num=200443464 den=1012766976 par=0,1,1,1,1,1,1,1,1,1,1,1,1,1,1,1,1,1,1
PERK n=19 alpha=18 k=8 q=12 num=367479684 den=1914762564 par=0,1,1,1,1,1,1,1,1,1,1,1,1,1,1,1,1,1,1
PERK n=19 alpha=18 k=9 q=12 num=449141836 den=2363904400 par=0,1,1,1,1,1,1,1,1,1,1,1,1,1,1,1,1,1,1
PERK n=19 alpha=18 k=10 q=12 num=367479684 den=1914762564 par=0,1,1,1,1,1,1,1,1,1,1,1,1,1,1,1,1,1,1
PERK n=19 alpha=18 k=11 q=12 num=200443464 den=1012766976 par=0,1,1,1,1,1,1,1,1,1,1,1,1,1,1,1,1,1,1
PERK n=19 alpha=18 k=12 q=12 num=71954064 den=344622096 par=0,1,1,1,1,1,1,1,1,1,1,1,1,1,1,1,1,1,1
PERALPHA n=19 alpha=10 k=5 q=7 num=5729326 den=18301284 par=0,1,2,3,2,5,2,7,2,9,2,11,2,13,2,2,1,17,18
PERALPHA n=19 alpha=11 k=6 q=7 num=9875283 den=34117281 par=0,1,2,3,2,5,2,7,2,9,2,11,1,13,14,13,13,13,13
PERALPHA n=19 alpha=12 k=6 q=8 num=11910902 den=44756100 par=0,1,2,3,3,3,3,3,1,9,1,11,1,13,1,15,1,17,1
PERALPHA n=19 alpha=13 k=7 q=9 num=11542558 den=46689889 par=0,1,2,3,2,5,2,2,1,9,10,9,9,9,1,15,15,15,15
PERALPHA n=19 alpha=14 k=8 q=9 num=6890953 den=30184036 par=0,1,2,3,4,4,4,2,2,1,10,11,10,10,10,1,16,16,16
PERALPHA n=19 alpha=15 k=8 q=10 num=12192233 den=56987401 par=0,1,2,2,2,2,2,1,8,8,8,1,12,12,12,1,16,16,16
PERALPHA n=19 alpha=16 k=8 q=11 num=35287925 den=175032900 par=0,1,2,2,2,2,2,1,8,8,8,8,8,1,14,14,14,14,14
PERALPHA n=19 alpha=18 k=9 q=12 num=449141836 den=2363904400 par=0,1,1,1,1,1,1,1,1,1,1,1,1,1,1,1,1,1,1
TOPQ n=19 alpha=18 k=12 q=12 num=71954064 den=344622096 par=0,1,1,1,1,1,1,1,1,1,1,1,1,1,1,1,1,1,1
NEWTON n=19 alpha=13 k=9 q=9 num=14861300 den=15700734 par=0,1,2,3,3,2,6,6,1,9,10,10,9,13,13,1,16,17,17
NEWTONFAIL_DIST n=19 q_minus_k=0 trees=1091
NEWTONFAIL_DIST n=19 q_minus_k=1 trees=453
NEWTONFAIL_DIST n=19 q_minus_k=2 trees=146
NEWTONFAIL_DIST n=19 q_minus_k=3 trees=64
NEWTONFAIL_DIST n=19 q_minus_k=4 trees=36
NEWTONFAIL_DIST n=19 q_minus_k=5 trees=18
NEWTONFAIL_DIST n=19 q_minus_k=6 trees=10
NEWTONFAIL_DIST n=19 q_minus_k=7 trees=6
VDBIN_FLOAT n=19 bin_lo=0 value=0.64974775305 k=7 alpha=10 q=7 lambda=1.93617261326 V=1.53945467587 delta=0.422063580848 par=0,1,2,3,2,5,2,7,2,9,2,11,1,13,14,13,16,13,18
VDBIN_FLOAT n=19 bin_lo=2 value=0.715119212645 k=7 alpha=10 q=7 lambda=1.63289259703 V=2.01138540562 delta=0.355535647542 par=0,1,2,3,4,5,2,7,2,9,1,11,12,13,14,11,16,11,11
VDBIN_FLOAT n=19 bin_lo=4 value=0.820574001644 k=7 alpha=16 q=11 lambda=0.801314868849 V=4.03917572853 delta=0.20315382563 par=0,1,2,2,2,2,2,1,8,8,8,8,8,1,14,14,14,14,14
STATS n=19 trees=63361 viol5=0 viol4=0 zero5=0 zero4=0 nonunimodal=0 sampled=0 newton_fail_trees=1824
