TOP5 rank=0 n=19 alpha=17 k=8 q=11 num=119807875 den=607129600 par=0,1,2,2,2,2,2,2,2,2,2,2,2,1,1,1,1,1,1 poly=1,19,153,750,2565,6533,12844,19911,24640,24475,19503,12387,6189,2380,680,136,17,1
TOP5 rank=1 n=19 alpha=17 k=8 q=11 num=119832350 den=607129600 par=0,1,2,2,2,2,2,2,2,2,2,2,2,1,14,14,14,14,14 poly=1,19,153,745,2555,6523,12839,19910,24640,24475,19503,12387,6189,2380,680,136,17,1
TOP5 rank=2 n=19 alpha=17 k=8 q=11 num=117932686 den=596873761 par=0,1,2,2,2,2,2,2,2,2,2,2,1,1,1,1,1,1,1 poly=1,19,153,746,2535,6433,12649,19665,24431,24355,19458,12377,6188,2380,680,136,17,1
TOP5 rank=3 n=19 alpha=17 k=9 q=11 num=121581889 den=615288025 par=0,1,2,2,2,2,2,2,2,2,2,2,2,2,1,15,15,15,15 poly=1,19,153,752,2604,6684,13168,20372,25102,24805,19668,12442,6200,2381,680,136,17,1
TOP5 rank=4 n=19 alpha=17 k=9 q=11 num=121581889 den=615288025 par=0,1,2,2,2,2,2,2,2,2,2,2,2,2,1,1,1,1,1 poly=1,19,153,756,2610,6688,13169,20372,25102,24805,19668,12442,6200,2381,680,136,17,1
TOP5 rank=5 n=19 alpha=17 k=8 q=11 num=118029955 den=596824900 par=0,1,2,2,2,2,2,2,2,2,2,2,1,13,13,13,13,13,13 poly=1,19,153,740,2520,6413,12634,19659,24430,24355,19458,12377,6188,2380,680,136,17,1
TOP5 rank=6 n=19 alpha=17 k=8 q=11 num=117418116 den=593117316 par=0,1,2,2,2,2,2,2,2,2,2,1,1,1,1,1,1,1,1 poly=1,19,153,744,2520,6384,12558,19560,24354,24320,19449,12376,6188,2380,680,136,17,1
TOP5 rank=7 n=19 alpha=17 k=8 q=11 num=117607468 den=592776409 par=0,1,2,2,2,2,2,2,2,2,2,1,12,12,12,12,12,12,12 poly=1,19,153,737,2499,6349,12523,19539,24347,24319,19449,12376,6188,2380,680,136,17,1
TOP5 rank=8 n=19 alpha=17 k=9 q=11 num=130444171 den=655206409 par=0,1,2,2,2,2,2,2,2,2,2,2,2,2,2,1,16,16,16 poly=1,19,153,761,2667,6903,13663,21164,26026,25597,20163,12662,6266,2393,681,136,17,1
TOP5 rank=9 n=19 alpha=17 k=9 q=11 num=130444171 den=655206409 par=0,1,2,2,2,2,2,2,2,2,2,2,2,2,2,1,1,1,1 poly=1,19,153,764,2670,6904,13663,21164,26026,25597,20163,12662,6266,2393,681,136,17,1
TOP5 rank=10 n=19 alpha=17 k=9 q=11 num=278106400 den=1382352400 par=0,1,2,2,2,2,2,2,2,2,2,2,2,2,2,2,2,2,1 poly=1,19,153,800,2940,8008,16744,27456,35750,37180,30888,20384,10556,4200,1240,256,33,2
TOP5 rank=11 n=19 alpha=17 k=9 q=11 num=150934069 den=745999969 par=0,1,2,2,2,2,2,2,2,2,2,2,2,2,2,2,1,17,17 poly=1,19,153,772,2744,7189,14378,22451,27742,27313,21450,13377,6552,2471,694,137,17,1
TOP4 rank=0 n=19 alpha=17 k=8 q=11 num=119807875 den=607129600 par=0,1,2,2,2,2,2,2,2,2,2,2,2,1,1,1,1,1,1 poly=1,19,153,750,2565,6533,12844,19911,24640,24475,19503,12387,6189,2380,680,136,17,1
TOP4 rank=1 n=19 alpha=17 k=8 q=11 num=119832350 den=607129600 par=0,1,2,2,2,2,2,2,2,2,2,2,2,1,14,14,14,14,14 poly=1,19,153,745,2555,6523,12839,19910,24640,24475,19503,12387,6189,2380,680,136,17,1
TOP4 rank=2 n=19 alpha=17 k=8 q=11 num=117932686 den=596873761 par=0,1,2,2,2,2,2,2,2,2,2,2,1,1,1,1,1,1,1 poly=1,19,153,746,2535,6433,12649,19665,24431,24355,19458,12377,6188,2380,680,136,17,1
TOP4 rank=3 n=19 alpha=17 k=9 q=11 num=121581889 den=615288025 par=0,1,2,2,2,2,2,2,2,2,2,2,2,2,1,15,15,15,15 poly=1,19,153,752,2604,6684,13168,20372,25102,24805,19668,12442,6200,2381,680,136,17,1
TOP4 rank=4 n=19 alpha=17 k=9 q=11 num=121581889 den=615288025 par=0,1,2,2,2,2,2,2,2,2,2,2,2,2,1,1,1,1,1 poly=1,19,153,756,2610,6688,13169,20372,25102,24805,19668,12442,6200,2381,680,136,17,1
TOP4 rank=5 n=19 alpha=17 k=8 q=11 num=118029955 den=596824900 par=0,1,2,2,2,2,2,2,2,2,2,2,1,13,13,13,13,13,13 poly=1,19,153,740,2520,6413,12634,19659,24430,24355,19458,12377,6188,2380,680,136,17,1
TOP4 rank=6 n=19 alpha=17 k=8 q=11 num=117418116 den=593117316 par=0,1,2,2,2,2,2,2,2,2,2,1,1,1,1,1,1,1,1 poly=1,19,153,744,2520,6384,12558,19560,24354,24320,19449,12376,6188,2380,680,136,17,1
TOP4 rank=7 n=19 alpha=17 k=8 q=11 num=117607468 den=592776409 par=0,1,2,2,2,2,2,2,2,2,2,1,12,12,12,12,12,12,12 poly=1,19,153,737,2499,6349,12523,19539,24347,24319,19449,12376,6188,2380,680,136,17,1
TOP4 rank=8 n=19 alpha=17 k=9 q=11 num=130444171 den=655206409 par=0,1,2,2,2,2,2,2,2,2,2,2,2,2,2,1,16,16,16 poly=1,19,153,761,2667,6903,13663,21164,26026,25597,20163,12662,6266,2393,681,136,17,1
TOP4 rank=9 n=19 alpha=17 k=9 q=11 num=130444171 den=655206409 par=0,1,2,2,2,2,2,2,2,2,2,2,2,2,2,1,1,1,1 poly=1,19,153,764,2670,6904,13663,21164,26026,25597,20163,12662,6266,2393,681,136,17,1
TOP4 rank=10 n=19 alpha=17 k=9 q=11 num=278106400 den=1382352400 par=0,1,2,2,2,2,2,2,2,2,2,2,2,2,2,2,2,2,1 poly=1,19,153,800,2940,8008,16744,27456,35750,37180,30888,20384,10556,4200,1240,256,33,2
TOP4 rank=11 n=19 alpha=17 k=9 q=11 num=150934069 den=745999969 par=0,1,2,2,2,2,2,2,2,2,2,2,2,2,2,2,1,17,17 poly=1,19,153,772,2744,7189,14378,22451,27742,27313,21450,13377,6552,2471,694,137,17,1
VDMIN_FLOAT n=19 value=0.649458127243 k=7 alpha=10 q=7 lambda=1.94486308027 V=1.54044871545 delta=0.421603212575 par=0,1,2,3,2,5,2,7,2,9,1,11,12,11,14,11,16,11,18 poly=1,19,153,692,1956,3610,4374,3368,1500,296,1
PERK n=19 alpha=17 k=4 q=11 num=1565788 den=6245001 par=0,1,2,2,2,2,2,2,2,2,2,1,12,12,12,12,12,12,12
PERK n=19 alpha=17 k=5 q=11 num=9109296 den=40755456 par=0,1,2,2,2,2,2,2,2,2,2,1,1,1,1,1,1,1,1
PERK n=19 alpha=17 k=6 q=11 num=32832324 den=157703364 par=0,1,2,2,2,2,2,2,2,2,2,1,1,1,1,1,1,1,1
PERK n=19 alpha=17 k=7 q=11 num=76756068 den=382593600 par=0,1,2,2,2,2,2,2,2,2,2,1,1,1,1,1,1,1,1
PERK n=19 alpha=17 k=8 q=11 num=119807875 den=607129600 par=0,1,2,2,2,2,2,2,2,2,2,2,2,1,1,1,1,1,1
PERK n=19 alpha=17 k=9 q=11 num=121581889 den=615288025 par=0,1,2,2,2,2,2,2,2,2,2,2,2,2,1,15,15,15,15
PERK n=19 alpha=17 k=10 q=11 num=78206414 den=386830224 par=0,1,2,2,2,2,2,2,2,2,2,2,2,2,1,15,15,15,15
PERK n=19 alpha=17 k=11 q=11 num=33984886 den=160326244 par=0,1,2,2,2,2,2,2,2,2,2,2,2,2,2,1,16,16,16
PERALPHA n=19 alpha=10 k=5 q=7 num=4749458 den=14945956 par=0,1,2,3,2,5,2,7,2,9,1,11,12,11,14,11,16,11,11
PERALPHA n=19 alpha=11 k=6 q=7 num=10376743 den=35700625 par=0,1,2,3,2,5,2,7,2,9,1,11,12,11,14,11,11,11,11
PERALPHA n=19 alpha=12 k=6 q=8 num=13252398 den=49196196 par=0,1,2,3,2,5,2,7,2,9,1,11,12,11,11,11,11,11,11
PERALPHA n=19 alpha=13 k=7 q=9 num=11607770 den=47128225 par=0,1,2,3,4,4,4,4,2,2,2,1,12,13,12,15,12,17,12
PERALPHA n=19 alpha=14 k=8 q=9 num=6911509 den=30371121 par=0,1,2,3,3,3,2,7,7,7,2,11,11,11,1,15,1,1,1
PERALPHA n=19 alpha=15 k=8 q=10 num=11484421 den=54243225 par=0,1,2,3,3,3,3,2,8,8,8,1,12,13,13,13,1,1,1
PERALPHA n=19 alpha=16 k=8 q=11 num=37341509 den=184226329 par=0,1,2,3,3,3,3,3,3,3,2,2,2,2,1,15,15,15,15
PERALPHA n=19 alpha=17 k=8 q=11 num=119807875 den=607129600 par=0,1,2,2,2,2,2,2,2,2,2,2,2,1,1,1,1,1,1
TOPQ n=19 alpha=17 k=11 q=11 num=33984886 den=160326244 par=0,1,2,2,2,2,2,2,2,2,2,2,2,2,2,1,16,16,16
NEWTON n=19 alpha=14 k=9 q=9 num=89361780 den=94727535 par=0,1,2,3,3,3,2,7,7,7,2,11,11,1,14,15,15,1,1
NEWTONFAIL_DIST n=19 q_minus_k=0 trees=1495
NEWTONFAIL_DIST n=19 q_minus_k=1 trees=844
NEWTONFAIL_DIST n=19 q_minus_k=2 trees=296
NEWTONFAIL_DIST n=19 q_minus_k=3 trees=123
NEWTONFAIL_DIST n=19 q_minus_k=4 trees=37
NEWTONFAIL_DIST n=19 q_minus_k=5 trees=13
NEWTONFAIL_DIST n=19 q_minus_k=6 trees=4
NEWTONFAIL_DIST n=19 q_minus_k=7 trees=9
VDBIN_FLOAT n=19 bin_lo=0 value=0.649458127243 k=7 alpha=10 q=7 lambda=1.94486308027 V=1.54044871545 delta=0.421603212575 par=0,1,2,3,2,5,2,7,2,9,1,11,12,11,14,11,16,11,18
VDBIN_FLOAT n=19 bin_lo=2 value=0.713793567892 k=7 alpha=10 q=7 lambda=1.65771621535 V=2.01263628011 delta=0.354656017555 par=0,1,2,3,4,5,4,7,4,9,2,2,1,13,14,15,14,13,18
VDBIN_FLOAT n=19 bin_lo=4 value=0.829386914885 k=8 alpha=16 q=11 lambda=1.02752882539 V=4.09182464077 delta=0.202693660579 par=0,1,2,3,3,3,3,3,3,3,2,2,2,2,1,15,15,15,15
STATS n=19 trees=69887 viol5=0 viol4=0 zero5=0 zero4=0 nonunimodal=0 sampled=0 newton_fail_trees=2821
