TOP5 rank=0 n=19 alpha=17 k=8 q=11 num=117573028 den=591754276 par=0,1,2,2,2,2,2,2,2,2,1,11,11,11,11,11,11,11,11 poly=1,19,153,736,2492,6328,12488,19504,24326,24312,19448,12376,6188,2380,680,136,17,1
TOP5 rank=1 n=19 alpha=16 k=8 q=11 num=37341189 den=183467025 par=0,1,2,3,3,3,3,3,3,3,1,11,12,12,12,12,1,1,1 poly=1,19,153,713,2236,5138,9024,12413,13545,11772,8118,4390,1822,560,120,16,1
TOP5 rank=2 n=19 alpha=16 k=8 q=11 num=39096441 den=190357209 par=0,1,2,3,3,3,3,3,3,3,1,11,12,12,12,12,12,1,1 poly=1,19,153,714,2248,5188,9148,12624,13797,11982,8238,4435,1832,561,120,16,1
TOP5 rank=3 n=19 alpha=16 k=8 q=11 num=39108423 den=190357209 par=0,1,2,3,3,3,3,3,3,3,1,11,12,12,12,1,1,1,1 poly=1,19,153,714,2246,5183,9144,12623,13797,11982,8238,4435,1832,561,120,16,1
TOP5 rank=4 n=19 alpha=16 k=8 q=11 num=40528429 den=196588441 par=0,1,2,2,2,2,2,2,2,2,1,11,11,11,11,1,16,16,16 poly=1,19,153,718,2277,5289,9354,12889,14021,12108,8284,4445,1833,561,120,16,1
TOP5 rank=5 n=19 alpha=16 k=8 q=11 num=43625792 den=209960100 par=0,1,2,2,2,2,1,7,7,7,7,1,1,1,1,1,1,1,1 poly=1,19,153,728,2344,5484,9718,13372,14490,12439,8449,4500,1844,562,120,16,1
TOP5 rank=6 n=19 alpha=16 k=8 q=11 num=43618248 den=209149444 par=0,1,2,2,2,2,2,2,2,2,1,11,11,11,11,1,1,1,1 poly=1,19,153,724,2322,5432,9649,13316,14462,12431,8448,4500,1844,562,120,16,1
TOP5 rank=7 n=19 alpha=16 k=8 q=11 num=78140628 den=374654736 par=0,1,2,2,2,2,2,2,2,2,1,11,1,1,1,1,1,1,1 poly=1,19,153,736,2436,5964,11228,16578,19356,17886,13014,7371,3185,1015,225,31,2
TOP5 rank=8 n=19 alpha=16 k=8 q=11 num=78261856 den=374383801 par=0,1,2,2,2,2,2,2,2,2,1,11,11,11,11,11,11,11,1 poly=1,19,153,730,2415,5929,11193,16557,19349,17885,13014,7371,3185,1015,225,31,2
TOP5 rank=9 n=19 alpha=16 k=8 q=11 num=45484825 den=217120225 par=0,1,2,2,2,2,2,2,2,2,1,11,11,11,11,11,1,17,17 poly=1,19,153,720,2300,5394,9643,13430,14735,12780,8734,4655,1898,573,121,16,1
TOP5 rank=10 n=19 alpha=16 k=8 q=11 num=44919334 den=214271044 par=0,1,2,3,3,3,3,3,3,3,1,11,12,12,12,12,12,12,1 poly=1,19,153,717,2282,5334,9527,13295,14638,12738,8724,4654,1898,573,121,16,1
TOP5 rank=11 n=19 alpha=16 k=8 q=11 num=44953749 den=214241769 par=0,1,2,3,3,3,3,3,3,3,1,11,12,12,1,1,1,1,1 poly=1,19,153,717,2278,5324,9517,13290,14637,12738,8724,4654,1898,573,121,16,1
TOP4 rank=0 n=19 alpha=17 k=8 q=11 num=117573028 den=591754276 par=0,1,2,2,2,2,2,2,2,2,1,11,11,11,11,11,11,11,11 poly=1,19,153,736,2492,6328,12488,19504,24326,24312,19448,12376,6188,2380,680,136,17,1
TOP4 rank=1 n=19 alpha=16 k=8 q=11 num=37341189 den=183467025 par=0,1,2,3,3,3,3,3,3,3,1,11,12,12,12,12,1,1,1 poly=1,19,153,713,2236,5138,9024,12413,13545,11772,8118,4390,1822,560,120,16,1
TOP4 rank=2 n=19 alpha=16 k=8 q=11 num=39096441 den=190357209 par=0,1,2,3,3,3,3,3,3,3,1,11,12,12,12,12,12,1,1 poly=1,19,153,714,2248,5188,9148,12624,13797,11982,8238,4435,1832,561,120,16,1
TOP4 rank=3 n=19 alpha=16 k=8 q=11 num=39108423 den=190357209 par=0,1,2,3,3,3,3,3,3,3,1,11,12,12,12,1,1,1,1 poly=1,19,153,714,2246,5183,9144,12623,13797,11982,8238,4435,1832,561,120,16,1
TOP4 rank=4 n=19 alpha=16 k=8 q=11 num=40528429 den=196588441 par=0,1,2,2,2,2,2,2,2,2,1,11,11,11,11,1,16,16,16 poly=1,19,153,718,2277,5289,9354,12889,14021,12108,8284,4445,1833,561,120,16,1
TOP4 rank=5 n=19 alpha=16 k=8 q=11 num=43625792 den=209960100 par=0,1,2,2,2,2,1,7,7,7,7,1,1,1,1,1,1,1,1 poly=1,19,153,728,2344,5484,9718,13372,14490,12439,8449,4500,1844,562,120,16,1
TOP4 rank=6 n=19 alpha=16 k=8 q=11 num=43618248 den=209149444 par=0,1,2,2,2,2,2,2,2,2,1,11,11,11,11,1,1,1,1 poly=1,19,153,724,2322,5432,9649,13316,14462,12431,8448,4500,1844,562,120,16,1
TOP4 rank=7 n=19 alpha=16 k=8 q=11 num=78140628 den=374654736 par=0,1,2,2,2,2,2,2,2,2,1,11,1,1,1,1,1,1,1 poly=1,19,153,736,2436,5964,11228,16578,19356,17886,13014,7371,3185,1015,225,31,2
TOP4 rank=8 n=19 alpha=16 k=8 q=11 num=78261856 den=374383801 par=0,1,2,2,2,2,2,2,2,2,1,11,11,11,11,11,11,11,1 poly=1,19,153,730,2415,5929,11193,16557,19349,17885,13014,7371,3185,1015,225,31,2
TOP4 rank=9 n=19 alpha=16 k=8 q=11 num=45484825 den=217120225 par=0,1,2,2,2,2,2,2,2,2,1,11,11,11,11,11,1,17,17 poly=1,19,153,720,2300,5394,9643,13430,14735,12780,8734,4655,1898,573,121,16,1
TOP4 rank=10 n=19 alpha=16 k=8 q=11 num=44919334 den=214271044 par=0,1,2,3,3,3,3,3,3,3,1,11,12,12,12,12,12,12,1 poly=1,19,153,717,2282,5334,9527,13295,14638,12738,8724,4654,1898,573,121,16,1
TOP4 rank=11 n=19 alpha=16 k=8 q=11 num=44953749 den=214241769 par=0,1,2,3,3,3,3,3,3,3,1,11,12,12,1,1,1,1,1 poly=1,19,153,717,2278,5324,9517,13290,14637,12738,8724,4654,1898,573,121,16,1
VDMIN_FLOAT n=19 value=0.649637713102 k=7 alpha=10 q=7 lambda=1.75622094074 V=1.56470437611 delta=0.415182396766 par=0,1,2,1,4,1,6,1,8,1,10,1,12,1,14,1,16,1,18 poly=1,19,153,708,2100,4158,5502,4692,2340,521,1
PERK n=19 alpha=17 k=4 q=11 num=1552656 den=6210064 par=0,1,2,2,2,2,2,2,2,2,1,11,11,11,11,11,11,11,11
PERK n=19 alpha=17 k=5 q=11 num=8923488 den=40043584 par=0,1,2,2,2,2,2,2,2,2,1,11,11,11,11,11,11,11,11
PERK n=19 alpha=17 k=6 q=11 num=32528832 den=155950144 par=0,1,2,2,2,2,2,2,2,2,1,11,11,11,11,11,11,11,11
PERK n=19 alpha=17 k=7 q=11 num=76622928 den=380406016 par=0,1,2,2,2,2,2,2,2,2,1,11,11,11,11,11,11,11,11
PERK n=19 alpha=17 k=8 q=11 num=117573028 den=591754276 par=0,1,2,2,2,2,2,2,2,2,1,11,11,11,11,11,11,11,11
PERK n=19 alpha=17 k=9 q=11 num=117981296 den=591073344 par=0,1,2,2,2,2,2,2,2,2,1,11,11,11,11,11,11,11,11
PERK n=19 alpha=17 k=10 q=11 num=77339392 den=378224704 par=0,1,2,2,2,2,2,2,2,2,1,11,11,11,11,11,11,11,11
PERK n=19 alpha=17 k=11 q=11 num=32821152 den=153165376 par=0,1,2,2,2,2,2,2,2,2,1,11,11,11,11,11,11,11,11
PERALPHA n=19 alpha=10 k=5 q=7 num=6392932 den=20702500 par=0,1,2,1,4,1,6,1,8,1,10,1,12,1,14,1,16,1,1
PERALPHA n=19 alpha=11 k=5 q=7 num=7197533 den=24770529 par=0,1,2,1,4,1,6,1,8,1,10,1,12,1,14,1,1,1,1
PERALPHA n=19 alpha=12 k=6 q=8 num=12570510 den=46949904 par=0,1,2,3,3,3,3,3,3,2,1,11,1,13,1,15,1,17,1
PERALPHA n=19 alpha=13 k=7 q=9 num=9341461 den=37711881 par=0,1,2,3,4,5,5,5,3,3,3,1,12,13,14,1,16,1,1
PERALPHA n=19 alpha=14 k=8 q=9 num=6881941 den=30129121 par=0,1,2,3,3,3,2,7,7,7,1,11,12,12,12,1,16,1,1
PERALPHA n=19 alpha=15 k=8 q=10 num=11542565 den=54641664 par=0,1,2,2,2,2,1,7,7,7,7,1,12,12,12,1,16,16,16
PERALPHA n=19 alpha=16 k=8 q=11 num=37341189 den=183467025 par=0,1,2,3,3,3,3,3,3,3,1,11,12,12,12,12,1,1,1
PERALPHA n=19 alpha=17 k=8 q=11 num=117573028 den=591754276 par=0,1,2,2,2,2,2,2,2,2,1,11,11,11,11,11,11,11,11
TOPQ n=19 alpha=17 k=11 q=11 num=32821152 den=153165376 par=0,1,2,2,2,2,2,2,2,2,1,11,11,11,11,11,11,11,11
NEWTON n=19 alpha=15 k=9 q=10 num=447610870 den=472975504 par=0,1,2,2,2,2,1,7,7,7,7,1,12,12,12,1,16,16,16
NEWTONFAIL_DIST n=19 q_minus_k=0 trees=1058
NEWTONFAIL_DIST n=19 q_minus_k=1 trees=413
NEWTONFAIL_DIST n=19 q_minus_k=2 trees=100
NEWTONFAIL_DIST n=19 q_minus_k=3 trees=31
NEWTONFAIL_DIST n=19 q_minus_k=4 trees=19
NEWTONFAIL_DIST n=19 q_minus_k=5 trees=10
NEWTONFAIL_DIST n=19 q_minus_k=6 trees=8
NEWTONFAIL_DIST n=19 q_minus_k=7 trees=4
VDBIN_FLOAT n=19 bin_lo=0 value=0.649637713102 k=7 alpha=10 q=7 lambda=1.75622094074 V=1.56470437611 delta=0.415182396766 par=0,1,2,1,4,1,6,1,8,1,10,1,12,1,14,1,16,1,18
VDBIN_FLOAT n=19 bin_lo=2 value=0.712059541541 k=7 alpha=10 q=7 lambda=1.68503209593 V=2.00680050183 delta=0.35482328258 par=0,1,2,3,4,5,4,7,2,2,1,11,12,13,14,11,16,11,18
VDBIN_FLOAT n=19 bin_lo=4 value=0.827057903094 k=7 alpha=16 q=11 lambda=0.801806826067 V=4.0007927299 delta=0.206723506797 par=0,1,2,3,3,3,3,3,3,3,1,11,12,12,12,12,1,1,1
STATS n=19 trees=62902 viol5=0 viol4=0 zero5=0 zero4=0 nonunimodal=0 sampled=0 newton_fail_trees=1643
