TOP5 rank=0 n=19 alpha=16 k=8 q=11 num=35299500 den=175032900 par=0,1,2,3,3,3,3,3,1,9,10,10,10,10,10,1,1,1,1 poly=1,19,153,710,2206,5022,8775,12072,13230,11575,8038,4371,1820,560,120,16,1
TOP5 rank=1 n=19 alpha=16 k=8 q=11 num=36504420 den=180633600 par=0,1,2,3,3,3,3,3,2,2,2,2,2,1,14,14,14,14,14 poly=1,19,153,715,2245,5138,8984,12324,13440,11695,8083,4381,1821,560,120,16,1
TOP5 rank=2 n=19 alpha=16 k=8 q=11 num=36134672 den=178409449 par=0,1,2,2,2,2,2,2,1,9,9,9,9,9,1,15,15,15,15 poly=1,19,153,712,2220,5068,8869,12203,13357,11659,8074,4380,1821,560,120,16,1
TOP5 rank=3 n=19 alpha=16 k=8 q=11 num=37748875 den=186322500 par=0,1,2,2,2,2,2,2,1,9,9,9,9,9,1,1,1,1,1 poly=1,19,153,720,2280,5248,9189,12575,13650,11815,8128,4391,1822,560,120,16,1
TOP5 rank=4 n=19 alpha=16 k=8 q=11 num=36166254 den=178382736 par=0,1,2,3,3,3,3,3,1,9,10,10,10,10,1,1,1,1,1 poly=1,19,153,711,2215,5058,8859,12198,13356,11659,8074,4380,1821,560,120,16,1
TOP5 rank=5 n=19 alpha=16 k=8 q=11 num=37356044 den=184063489 par=0,1,2,3,3,3,3,3,2,2,2,2,2,2,1,15,15,15,15 poly=1,19,153,717,2259,5184,9078,12455,13567,11779,8119,4390,1822,560,120,16,1
TOP5 rank=6 n=19 alpha=16 k=8 q=11 num=37399585 den=184036356 par=0,1,2,3,3,3,3,3,3,1,10,10,10,10,10,1,1,1,1 poly=1,19,153,715,2250,5168,9064,12449,13566,11779,8119,4390,1822,560,120,16,1
TOP5 rank=7 n=19 alpha=16 k=8 q=11 num=39493659 den=193293409 par=0,1,2,2,2,2,2,2,1,9,9,9,9,1,1,1,1,1,1 poly=1,19,153,722,2295,5303,9319,12790,13903,12025,8248,4436,1832,561,120,16,1
TOP5 rank=8 n=19 alpha=16 k=8 q=11 num=39538004 den=193265604 par=0,1,2,2,2,2,2,2,1,9,9,9,9,9,9,1,1,1,1 poly=1,19,153,720,2286,5287,9305,12784,13902,12025,8248,4436,1832,561,120,16,1
TOP5 rank=9 n=19 alpha=16 k=8 q=11 num=39168373 den=190937124 par=0,1,2,3,3,3,3,3,3,1,10,10,10,10,1,1,1,1,1 poly=1,19,153,716,2260,5213,9184,12659,13818,11989,8239,4435,1832,561,120,16,1
TOP5 rank=10 n=19 alpha=16 k=8 q=11 num=38739264 den=188677696 par=0,1,2,2,2,2,2,2,1,9,9,9,9,9,9,1,16,16,16 poly=1,19,153,714,2241,5156,9082,12544,13736,11953,8230,4434,1832,561,120,16,1
TOP5 rank=11 n=19 alpha=16 k=8 q=11 num=39123252 den=190191681 par=0,1,2,3,3,3,3,3,1,9,10,10,10,1,1,1,1,1,1 poly=1,19,153,714,2244,5174,9128,12609,13791,11981,8238,4435,1832,561,120,16,1
TOP4 rank=0 n=19 alpha=16 k=8 q=11 num=35299500 den=175032900 par=0,1,2,3,3,3,3,3,1,9,10,10,10,10,10,1,1,1,1 poly=1,19,153,710,2206,5022,8775,12072,13230,11575,8038,4371,1820,560,120,16,1
TOP4 rank=1 n=19 alpha=16 k=8 q=11 num=36504420 den=180633600 par=0,1,2,3,3,3,3,3,2,2,2,2,2,1,14,14,14,14,14 poly=1,19,153,715,2245,5138,8984,12324,13440,11695,8083,4381,1821,560,120,16,1
TOP4 rank=2 n=19 alpha=16 k=8 q=11 num=36134672 den=178409449 par=0,1,2,2,2,2,2,2,1,9,9,9,9,9,1,15,15,15,15 poly=1,19,153,712,2220,5068,8869,12203,13357,11659,8074,4380,1821,560,120,16,1
TOP4 rank=3 n=19 alpha=16 k=8 q=11 num=37748875 den=186322500 par=0,1,2,2,2,2,2,2,1,9,9,9,9,9,1,1,1,1,1 poly=1,19,153,720,2280,5248,9189,12575,13650,11815,8128,4391,1822,560,120,16,1
TOP4 rank=4 n=19 alpha=16 k=8 q=11 num=36166254 den=178382736 par=0,1,2,3,3,3,3,3,1,9,10,10,10,10,1,1,1,1,1 poly=1,19,153,711,2215,5058,8859,12198,13356,11659,8074,4380,1821,560,120,16,1
TOP4 rank=5 n=19 alpha=16 k=8 q=11 num=37356044 den=184063489 par=0,1,2,3,3,3,3,3,2,2,2,2,2,2,1,15,15,15,15 poly=1,19,153,717,2259,5184,9078,12455,13567,11779,8119,4390,1822,560,120,16,1
TOP4 rank=6 n=19 alpha=16 k=8 q=11 num=37399585 den=184036356 par=0,1,2,3,3,3,3,3,3,1,10,10,10,10,10,1,1,1,1 poly=1,19,153,715,2250,5168,9064,12449,13566,11779,8119,4390,1822,560,120,16,1
TOP4 rank=7 n=19 alpha=16 k=8 q=11 num=39493659 den=193293409 par=0,1,2,2,2,2,2,2,1,9,9,9,9,1,1,1,1,1,1 poly=1,19,153,722,2295,5303,9319,12790,13903,12025,8248,4436,1832,561,120,16,1
TOP4 rank=8 n=19 alpha=16 k=8 q=11 num=39538004 den=193265604 par=0,1,2,2,2,2,2,2,1,9,9,9,9,9,9,1,1,1,1 poly=1,19,153,720,2286,5287,9305,12784,13902,12025,8248,4436,1832,561,120,16,1
TOP4 rank=9 n=19 alpha=16 k=8 q=11 num=39168373 den=190937124 par=0,1,2,3,3,3,3,3,3,1,10,10,10,10,1,1,1,1,1 poly=1,19,153,716,2260,5213,9184,12659,13818,11989,8239,4435,1832,561,120,16,1
TOP4 rank=10 n=19 alpha=16 k=8 q=11 num=38739264 den=188677696 par=0,1,2,2,2,2,2,2,1,9,9,9,9,9,9,1,16,16,16 poly=1,19,153,714,2241,5156,9082,12544,13736,11953,8230,4434,1832,561,120,16,1
TOP4 rank=11 n=19 alpha=16 k=8 q=11 num=39123252 den=190191681 par=0,1,2,3,3,3,3,3,1,9,10,10,10,1,1,1,1,1,1 poly=1,19,153,714,2244,5174,9128,12609,13791,11981,8238,4435,1832,561,120,16,1
VDMIN_FLOAT n=19 value=0.65090287481 k=7 alpha=10 q=7 lambda=2.04591360049 V=1.51764569419 delta=0.428889876803 par=0,1,2,3,4,3,6,3,8,3,10,1,12,13,14,1,16,1,18 poly=1,19,153,689,1923,3467,4054,2974,1246,229,1
PERK n=19 alpha=16 k=4 q=11 num=1516634 den=5866084 par=0,1,2,3,3,3,3,3,3,1,10,1,1,1,1,1,1,1,1
PERK n=19 alpha=16 k=5 q=11 num=8208284 den=35402500 par=0,1,2,3,3,3,3,3,3,1,10,1,1,1,1,1,1,1,1
PERK n=19 alpha=16 k=6 q=11 num=16375041 den=77000625 par=0,1,2,3,3,3,3,3,1,9,10,10,10,10,10,1,1,1,1
PERK n=19 alpha=16 k=7 q=11 num=29639934 den=145733184 par=0,1,2,3,3,3,3,3,1,9,10,10,10,10,10,1,1,1,1
PERK n=19 alpha=16 k=8 q=11 num=35299500 den=175032900 par=0,1,2,3,3,3,3,3,1,9,10,10,10,10,10,1,1,1,1
PERK n=19 alpha=16 k=9 q=11 num=28647025 den=139594225 par=0,1,2,2,2,2,2,2,1,9,9,9,9,9,1,1,1,1,1
PERK n=19 alpha=16 k=10 q=11 num=14184719 den=66064384 par=0,1,2,2,2,2,2,2,1,9,9,9,9,9,1,1,1,1,1
PERK n=19 alpha=16 k=11 q=11 num=4575286 den=19758025 par=0,1,2,3,3,3,3,3,2,2,2,2,2,2,2,1,16,16,16
PERALPHA n=19 alpha=10 k=5 q=7 num=5255740 den=16662724 par=0,1,2,3,4,3,6,3,8,3,10,3,12,3,3,1,16,17,16
PERALPHA n=19 alpha=11 k=6 q=7 num=8615740 den=29571844 par=0,1,2,3,4,3,6,3,8,3,10,1,12,13,14,1,1,1,1
PERALPHA n=19 alpha=12 k=6 q=8 num=12388302 den=46512400 par=0,1,2,3,3,3,3,3,3,1,10,1,12,1,14,1,16,1,18
PERALPHA n=19 alpha=13 k=7 q=9 num=9775829 den=39375625 par=0,1,2,3,4,5,5,5,5,3,3,3,1,13,14,15,1,17,1
PERALPHA n=19 alpha=14 k=7 q=9 num=12963897 den=56746089 par=0,1,2,3,4,5,5,5,5,3,3,3,1,13,14,15,1,1,1
PERALPHA n=19 alpha=15 k=8 q=10 num=12492520 den=58247424 par=0,1,2,3,3,3,3,3,2,2,2,1,12,12,12,1,16,16,16
PERALPHA n=19 alpha=16 k=8 q=11 num=35299500 den=175032900 par=0,1,2,3,3,3,3,3,1,9,10,10,10,10,10,1,1,1,1
TOPQ n=19 alpha=15 k=10 q=10 num=2327730 den=10118761 par=0,1,2,3,3,3,3,3,2,2,2,1,12,12,12,1,16,16,16
NEWTON n=19 alpha=14 k=9 q=9 num=89266800 den=94125375 par=0,1,2,3,4,4,4,2,2,1,10,11,12,12,10,10,1,17,17
NEWTONFAIL_DIST n=19 q_minus_k=0 trees=841
NEWTONFAIL_DIST n=19 q_minus_k=1 trees=372
NEWTONFAIL_DIST n=19 q_minus_k=2 trees=145
NEWTONFAIL_DIST n=19 q_minus_k=3 trees=70
NEWTONFAIL_DIST n=19 q_minus_k=4 trees=40
NEWTONFAIL_DIST n=19 q_minus_k=5 trees=11
NEWTONFAIL_DIST n=19 q_minus_k=6 trees=10
NEWTONFAIL_DIST n=19 q_minus_k=7 trees=1
VDBIN_FLOAT n=19 bin_lo=0 value=0.65090287481 k=7 alpha=10 q=7 lambda=2.04591360049 V=1.51764569419 delta=0.428889876803 par=0,1,2,3,4,3,6,3,8,3,10,1,12,13,14,1,16,1,18
VDBIN_FLOAT n=19 bin_lo=2 value=0.714229073655 k=7 alpha=10 q=7 lambda=1.6166998828 V=2.03092383386 delta=0.351676937237 par=0,1,2,3,4,3,6,3,8,3,10,1,12,13,14,13,16,1,1
VDBIN_FLOAT n=19 bin_lo=4 value=0.821321153933 k=7 alpha=16 q=11 lambda=0.8011338268 V=4.03825956054 delta=0.203384933935 par=0,1,2,3,3,3,3,3,1,9,10,10,10,10,10,1,1,1,1
STATS n=19 trees=57401 viol5=0 viol4=0 zero5=0 zero4=0 nonunimodal=0 sampled=0 newton_fail_trees=1490
