SAMPLE n=20 alpha=11 par=0,1,2,3,4,5,6,7,8,8,6,11,11,1,14,15,16,17,18,19 poly=1,20,171,819,2422,4607,5716,4615,2379,743,124,8
SAMPLE n=20 alpha=12 par=0,1,2,3,4,5,6,7,8,8,3,1,12,13,14,15,16,17,15,1 poly=1,20,171,820,2437,4697,5998,5126,2944,1130,281,42,3
SAMPLE n=20 alpha=11 par=0,1,2,3,4,5,6,7,7,6,10,2,1,13,14,15,16,17,16,19 poly=1,20,171,820,2434,4659,5811,4666,2331,678,98,4
SAMPLE n=20 alpha=12 par=0,1,2,3,4,5,6,7,7,5,10,1,12,13,14,15,16,17,17,1 poly=1,20,171,820,2437,4697,5997,5116,2910,1082,251,33,2
SAMPLE n=20 alpha=11 par=0,1,2,3,4,5,6,7,7,1,10,11,12,13,14,13,16,12,18,1 poly=1,20,171,820,2434,4661,5828,4718,2404,729,118,8
SAMPLE n=20 alpha=12 par=0,1,2,3,4,5,6,7,6,9,5,1,12,13,14,15,16,15,1,1 poly=1,20,171,822,2462,4818,6287,5486,3166,1179,271,35,2
SAMPLE n=20 alpha=12 par=0,1,2,3,4,5,6,7,6,6,6,4,12,12,1,15,16,17,18,19 poly=1,20,171,824,2490,4981,6793,6385,4093,1720,435,55,2
SAMPLE n=20 alpha=11 par=0,1,2,3,4,5,6,7,6,2,10,10,1,13,14,15,16,17,1,19 poly=1,20,171,820,2433,4651,5788,4634,2302,655,87,2
SAMPLE n=20 alpha=11 par=0,1,2,3,4,5,6,7,5,9,10,1,12,13,14,15,16,17,12,12 poly=1,20,171,820,2435,4674,5894,4883,2618,869,159,12
SAMPLE n=20 alpha=11 par=0,1,2,3,4,5,6,7,4,9,2,1,12,13,14,15,16,12,12,1 poly=1,20,171,822,2460,4799,6215,5337,2975,1023,194,15
SAMPLE n=20 alpha=13 par=0,1,2,3,4,5,6,6,6,6,6,5,4,1,14,15,16,17,18,18 poly=1,20,171,829,2558,5361,7943,8487,6542,3573,1331,315,41,2
SAMPLE n=20 alpha=13 par=0,1,2,3,4,5,6,6,6,6,4,3,2,1,14,15,16,17,17,15 poly=1,20,171,827,2535,5255,7691,8163,6346,3589,1442,392,65,5
SAMPLE n=20 alpha=14 par=0,1,2,3,4,5,6,6,6,6,3,3,3,3,3,1,16,17,18,19 poly=1,20,171,837,2666,5957,9744,11901,10920,7478,3742,1314,301,39,2
SAMPLE n=20 alpha=13 par=0,1,2,3,4,5,6,6,6,6,3,3,3,2,1,15,16,17,18,1 poly=1,20,171,830,2573,5449,8217,9012,7216,4166,1678,441,66,4
SAMPLE n=20 alpha=12 par=0,1,2,3,4,5,6,6,6,5,10,10,1,13,14,15,16,17,15,1 poly=1,20,171,823,2477,4914,6625,6187,4032,1808,532,92,7
SAMPLE n=20 alpha=13 par=0,1,2,3,4,5,6,6,6,5,10,10,1,13,14,15,16,16,14,14 poly=1,20,171,825,2506,5087,7185,7278,5385,2918,1139,306,51,4
SAMPLE n=20 alpha=13 par=0,1,2,3,4,5,6,6,6,5,5,2,2,1,14,15,16,17,18,16 poly=1,20,171,826,2518,5138,7266,7263,5171,2610,915,213,30,2
SAMPLE n=20 alpha=13 par=0,1,2,3,4,5,6,6,6,5,5,2,2,1,14,15,16,17,16,14 poly=1,20,171,827,2532,5219,7524,7769,5815,3153,1217,320,52,4
SAMPLE n=20 alpha=13 par=0,1,2,3,4,5,6,6,6,5,3,3,1,13,14,15,16,14,18,18 poly=1,20,171,825,2505,5071,7086,6975,4869,2390,802,173,21,1
SAMPLE n=20 alpha=12 par=0,1,2,3,4,5,6,6,6,3,3,2,1,13,14,15,16,14,1,19 poly=1,20,171,825,2504,5061,7042,6861,4682,2194,673,122,10
SAMPLE n=20 alpha=11 par=0,1,2,3,4,5,6,6,6,1,10,11,12,13,12,11,10,1,18,1 poly=1,20,171,825,2502,5036,6921,6562,4255,1816,462,53
SAMPLE n=20 alpha=12 par=0,1,2,3,4,5,6,6,6,1,10,11,12,13,12,10,16,16,1,1 poly=1,20,171,825,2505,5074,7110,7045,4966,2454,813,163,15
SAMPLE n=20 alpha=12 par=0,1,2,3,4,5,6,6,5,9,5,3,1,13,14,15,16,16,15,1 poly=1,20,171,824,2489,4967,6728,6257,3991,1720,482,80,6
SAMPLE n=20 alpha=13 par=0,1,2,3,4,5,6,6,5,9,4,4,2,1,14,15,16,17,16,14 poly=1,20,171,824,2489,4973,6787,6480,4418,2177,768,186,28,2
SAMPLE n=20 alpha=11 par=0,1,2,3,4,5,6,6,5,9,3,11,1,13,14,15,16,16,1,19 poly=1,20,171,821,2448,4741,6069,5132,2817,963,187,16
SAMPLE n=20 alpha=11 par=0,1,2,3,4,5,6,6,5,4,10,1,12,13,14,15,13,17,18,12 poly=1,20,171,821,2446,4718,5968,4909,2546,780,123,7
SAMPLE n=20 alpha=12 par=0,1,2,3,4,5,6,6,4,9,10,10,4,1,14,15,16,17,16,15 poly=1,20,171,823,2477,4915,6635,6227,4120,1919,608,119,11
SAMPLE n=20 alpha=12 par=0,1,2,3,4,5,6,6,4,9,4,3,2,1,14,15,16,17,16,16 poly=1,20,171,825,2502,5037,6933,6614,4374,1974,583,102,8
SAMPLE n=20 alpha=13 par=0,1,2,3,4,5,6,6,4,4,4,4,3,1,14,15,16,17,18,18 poly=1,20,171,829,2556,5344,7894,8442,6591,3730,1494,403,66,5
SAMPLE n=20 alpha=13 par=0,1,2,3,4,5,6,6,4,4,4,4,2,1,14,15,16,17,14,1 poly=1,20,171,830,2571,5434,8185,9011,7301,4310,1806,511,88,7
SAMPLE n=20 alpha=13 par=0,1,2,3,4,5,6,6,4,4,2,11,11,11,1,15,16,17,18,17 poly=1,20,171,825,2506,5086,7168,7198,5212,2711,990,240,34,2
SAMPLE n=20 alpha=12 par=0,1,2,3,4,5,6,6,4,4,2,11,2,13,2,1,16,17,18,19 poly=1,20,171,826,2514,5102,7142,7046,4950,2456,825,169,16
SAMPLE n=20 alpha=12 par=0,1,2,3,4,5,6,6,4,4,1,11,12,13,14,13,12,17,17,1 poly=1,20,171,824,2491,4994,6869,6622,4508,2143,684,133,12
SAMPLE n=20 alpha=12 par=0,1,2,3,4,5,6,6,4,3,1,11,12,13,14,15,13,13,11,19 poly=1,20,171,823,2477,4913,6615,6150,3970,1758,512,89,7
SAMPLE n=20 alpha=12 par=0,1,2,3,4,5,6,6,4,2,1,11,12,13,14,15,1,17,18,17 poly=1,20,171,821,2448,4744,6098,5240,3015,1154,283,39,2
SAMPLE n=20 alpha=12 par=0,1,2,3,4,5,6,6,3,9,10,1,12,13,14,15,1,17,17,17 poly=1,20,171,822,2463,4835,6384,5739,3502,1411,351,46,2
SAMPLE n=20 alpha=11 par=0,1,2,3,4,5,6,6,3,9,1,11,12,13,14,15,14,13,12,19 poly=1,20,171,821,2447,4728,6003,4961,2573,771,109,3
SAMPLE n=20 alpha=12 par=0,1,2,3,4,5,6,6,3,3,1,11,12,13,14,15,14,17,14,1 poly=1,20,171,824,2491,4990,6831,6490,4285,1933,570,100,8
SAMPLE n=20 alpha=12 par=0,1,2,3,4,5,6,6,3,3,1,11,12,13,14,15,13,12,1,19 poly=1,20,171,823,2477,4913,6611,6120,3887,1651,442,66,4
SAMPLE n=20 alpha=12 par=0,1,2,3,4,5,6,6,3,3,1,11,12,13,14,15,13,11,1,19 poly=1,20,171,823,2477,4914,6620,6152,3945,1710,479,79,6
SAMPLE n=20 alpha=12 par=0,1,2,3,4,5,6,6,2,9,10,10,2,13,1,15,16,17,18,18 poly=1,20,171,822,2463,4836,6396,5794,3623,1551,439,75,6
SAMPLE n=20 alpha=13 par=0,1,2,3,4,5,6,6,2,9,10,10,2,2,1,15,16,17,18,16 poly=1,20,171,825,2504,5066,7088,7029,5003,2550,911,217,31,2
SAMPLE n=20 alpha=12 par=0,1,2,3,4,5,6,6,2,9,2,2,1,13,14,15,16,15,13,1 poly=1,20,171,826,2513,5086,7046,6760,4480,2014,589,102,8
SAMPLE n=20 alpha=12 par=0,1,2,3,4,5,6,6,2,1,10,11,12,13,14,13,16,10,18,19 poly=1,20,171,820,2435,4673,5884,4851,2583,870,180,21,1
SAMPLE n=20 alpha=12 par=0,1,2,3,4,5,6,5,8,5,5,5,1,13,14,15,16,15,13,13 poly=1,20,171,830,2568,5390,7949,8372,6295,3316,1168,248,24
SAMPLE n=20 alpha=12 par=0,1,2,3,4,5,6,5,8,5,3,1,12,13,14,15,16,13,13,1 poly=1,20,171,824,2490,4981,6805,6471,4324,2022,642,127,12
SAMPLE n=20 alpha=11 par=0,1,2,3,4,5,6,5,8,5,3,1,12,13,14,15,16,12,18,1 poly=1,20,171,822,2460,4797,6201,5305,2953,1035,213,20
SAMPLE n=20 alpha=11 par=0,1,2,3,4,5,6,5,8,5,2,1,12,13,14,15,13,1,18,18 poly=1,20,171,823,2474,4876,6434,5694,3321,1219,253,22
SAMPLE n=20 alpha=11 par=0,1,2,3,4,5,6,5,8,4,10,4,2,13,1,15,16,17,18,1 poly=1,20,171,822,2457,4765,6064,4999,2566,758,111,6
SAMPLE n=20 alpha=11 par=0,1,2,3,4,5,6,5,8,4,2,11,1,13,14,15,16,1,18,1 poly=1,20,171,822,2457,4764,6056,4976,2537,743,109,6
SAMPLE n=20 alpha=12 par=0,1,2,3,4,5,6,5,8,4,1,11,12,13,14,13,13,13,11,1 poly=1,20,171,826,2516,5114,7151,6964,4695,2127,606,95,6
SAMPLE n=20 alpha=11 par=0,1,2,3,4,5,6,5,8,3,1,11,12,13,14,15,14,13,11,11 poly=1,20,171,823,2476,4899,6537,5927,3610,1417,324,33
SAMPLE n=20 alpha=12 par=0,1,2,3,4,5,6,5,8,2,1,11,12,13,14,15,13,12,18,18 poly=1,20,171,821,2447,4729,6014,5009,2679,895,182,21,1
SAMPLE n=20 alpha=12 par=0,1,2,3,4,5,6,5,5,5,3,1,12,13,14,15,12,17,18,1 poly=1,20,171,825,2503,5050,6999,6781,4604,2153,662,121,10
SAMPLE n=20 alpha=12 par=0,1,2,3,4,5,6,5,5,5,1,11,12,13,14,15,14,14,13,1 poly=1,20,171,827,2531,5202,7420,7451,5254,2544,803,148,12
SAMPLE n=20 alpha=13 par=0,1,2,3,4,5,6,5,5,5,1,11,12,13,14,15,12,12,12,1 poly=1,20,171,829,2560,5379,8019,8690,6906,3999,1646,457,77,6
SAMPLE n=20 alpha=12 par=0,1,2,3,4,5,6,5,5,3,10,11,11,11,1,15,16,17,18,19 poly=1,20,171,823,2479,4937,6724,6398,4288,2002,624,117,10
SAMPLE n=20 alpha=11 par=0,1,2,3,4,5,6,5,5,2,10,1,12,13,14,15,14,1,18,19 poly=1,20,171,822,2461,4807,6235,5347,2945,974,167,10
SAMPLE n=20 alpha=11 par=0,1,2,3,4,5,6,5,4,9,9,4,12,2,1,15,16,17,18,15 poly=1,20,171,823,2471,4848,6336,5531,3189,1174,252,24
SAMPLE n=20 alpha=12 par=0,1,2,3,4,5,6,5,4,9,3,1,12,13,14,15,14,12,1,1 poly=1,20,171,824,2487,4946,6640,6062,3740,1528,397,60,4
SAMPLE n=20 alpha=12 par=0,1,2,3,4,5,6,5,3,9,2,1,12,13,14,15,16,14,14,12 poly=1,20,171,823,2476,4902,6569,6057,3874,1709,501,88,7
SAMPLE n=20 alpha=12 par=0,1,2,3,4,5,6,5,3,3,3,2,2,1,14,15,16,17,15,19 poly=1,20,171,827,2526,5157,7263,7169,4969,2381,754,142,12
SAMPLE n=20 alpha=12 par=0,1,2,3,4,5,6,5,3,1,10,11,12,13,11,15,15,15,10,10 poly=1,20,171,825,2503,5054,7033,6891,4780,2309,740,141,12
SAMPLE n=20 alpha=10 par=0,1,2,3,4,5,6,5,2,9,1,11,12,13,14,15,14,11,1,19 poly=1,20,171,821,2446,4717,5954,4849,2432,675,78
SAMPLE n=20 alpha=11 par=0,1,2,3,4,5,6,5,2,9,1,11,12,13,14,15,12,11,18,1 poly=1,20,171,821,2445,4707,5916,4781,2380,674,96,6
SAMPLE n=20 alpha=12 par=0,1,2,3,4,5,6,5,1,9,10,11,12,10,14,15,10,17,1,1 poly=1,20,171,823,2474,4881,6479,5851,3597,1484,393,60,4
SAMPLE n=20 alpha=11 par=0,1,2,3,4,5,6,5,1,9,10,11,12,10,14,14,1,17,1,19 poly=1,20,171,822,2459,4786,6149,5171,2753,865,139,8
SAMPLE n=20 alpha=12 par=0,1,2,3,4,5,6,5,1,9,10,11,12,10,14,10,16,10,10,1 poly=1,20,171,828,2536,5193,7313,7154,4833,2201,642,108,8
SAMPLE n=20 alpha=12 par=0,1,2,3,4,5,6,5,1,9,10,11,12,10,10,9,16,17,17,1 poly=1,20,171,823,2475,4893,6533,5968,3729,1562,416,63,4
SAMPLE n=20 alpha=12 par=0,1,2,3,4,5,6,4,8,9,3,1,12,13,14,15,16,14,13,13 poly=1,20,171,822,2460,4798,6211,5337,2995,1059,221,24,1
SAMPLE n=20 alpha=12 par=0,1,2,3,4,5,6,4,8,8,2,11,2,1,14,15,16,17,1,1 poly=1,20,171,824,2485,4927,6566,5905,3539,1368,320,40,2
SAMPLE n=20 alpha=12 par=0,1,2,3,4,5,6,4,8,4,1,11,12,13,14,15,1,17,17,17 poly=1,20,171,823,2475,4889,6500,5866,3572,1428,350,45,2
SAMPLE n=20 alpha=12 par=0,1,2,3,4,5,6,4,8,2,2,1,12,13,14,15,13,12,12,1 poly=1,20,171,825,2499,5007,6812,6353,4037,1703,450,66,4
SAMPLE n=20 alpha=12 par=0,1,2,3,4,5,6,4,4,3,1,11,12,13,14,15,1,17,18,1 poly=1,20,171,823,2474,4880,6470,5821,3549,1445,378,58,4
SAMPLE n=20 alpha=12 par=0,1,2,3,4,5,6,4,3,9,10,10,9,3,3,1,16,17,18,19 poly=1,20,171,825,2496,4978,6696,6102,3717,1459,343,42,2
SAMPLE n=20 alpha=13 par=0,1,2,3,4,5,6,4,3,9,10,1,12,13,14,15,13,1,1,1 poly=1,20,171,825,2503,5055,7040,6913,4821,2357,782,166,20,1
SAMPLE n=20 alpha=12 par=0,1,2,3,4,5,6,4,3,9,1,11,12,13,14,15,13,11,18,18 poly=1,20,171,821,2447,4730,6024,5046,2740,938,191,21,1
SAMPLE n=20 alpha=11 par=0,1,2,3,4,5,6,4,3,2,10,1,12,13,14,15,16,12,1,19 poly=1,20,171,821,2444,4698,5887,4742,2364,681,101,6
SAMPLE n=20 alpha=11 par=0,1,2,3,4,5,6,4,3,2,1,11,12,13,14,15,1,17,18,1 poly=1,20,171,822,2458,4778,6128,5156,2774,906,162,12
SAMPLE n=20 alpha=14 par=0,1,2,3,4,5,6,4,2,2,2,2,1,13,14,15,16,1,1,1 poly=1,20,171,833,2601,5556,8458,9418,7776,4763,2133,676,143,18,1
SAMPLE n=20 alpha=13 par=0,1,2,3,4,5,5,5,5,5,5,5,4,3,2,1,16,17,18,1 poly=1,20,171,841,2707,6124,10109,12353,11163,7363,3448,1087,207,18
SAMPLE n=20 alpha=14 par=0,1,2,3,4,5,5,5,5,5,5,5,1,13,14,15,16,14,18,19 poly=1,20,171,838,2673,5962,9656,11492,10022,6334,2837,866,169,19,1
SAMPLE n=20 alpha=14 par=0,1,2,3,4,5,5,5,5,5,5,5,1,13,14,15,13,1,18,18 poly=1,20,171,840,2700,6110,10122,12466,11437,7776,3861,1360,322,46,3
SAMPLE n=20 alpha=14 par=0,1,2,3,4,5,5,5,5,5,2,1,12,13,14,14,14,12,18,18 poly=1,20,171,832,2605,5653,8913,10462,9226,6092,2964,1028,239,33,2
SAMPLE n=20 alpha=13 par=0,1,2,3,4,5,5,5,5,4,4,3,12,13,1,15,16,17,18,16 poly=1,20,171,827,2527,5169,7320,7309,5168,2556,854,180,21,1
SAMPLE n=20 alpha=13 par=0,1,2,3,4,5,5,5,5,3,10,11,11,10,14,2,1,17,18,19 poly=1,20,171,826,2518,5144,7311,7380,5300,2658,895,189,22,1
SAMPLE n=20 alpha=13 par=0,1,2,3,4,5,5,5,5,3,10,11,10,13,1,15,16,17,18,16 poly=1,20,171,825,2505,5073,7099,7000,4869,2339,747,151,18,1
SAMPLE n=20 alpha=14 par=0,1,2,3,4,5,5,5,5,3,10,11,3,3,1,15,16,17,17,17 poly=1,20,171,831,2590,5571,8699,10176,9041,6099,3079,1127,282,43,3
SAMPLE n=20 alpha=13 par=0,1,2,3,4,5,5,5,5,3,10,11,1,13,14,15,14,14,14,13 poly=1,20,171,830,2573,5447,8211,9024,7283,4276,1774,491,81,6
SAMPLE n=20 alpha=13 par=0,1,2,3,4,5,5,5,5,3,2,11,11,2,14,1,16,17,18,16 poly=1,20,171,828,2543,5271,7667,8016,6073,3299,1249,312,46,3
SAMPLE n=20 alpha=13 par=0,1,2,3,4,5,5,5,5,3,2,11,11,1,14,15,16,15,14,14 poly=1,20,171,829,2560,5381,8035,8745,7000,4088,1695,472,79,6
SAMPLE n=20 alpha=13 par=0,1,2,3,4,5,5,5,5,2,1,11,12,13,11,15,15,1,1,1 poly=1,20,171,831,2584,5500,8365,9322,7683,4654,2022,598,108,9
SAMPLE n=20 alpha=12 par=0,1,2,3,4,5,5,5,4,9,9,3,12,3,14,1,16,17,18,1 poly=1,20,171,825,2499,5015,6883,6599,4468,2119,677,132,12
SAMPLE n=20 alpha=14 par=0,1,2,3,4,5,5,5,4,9,9,3,1,13,14,15,16,16,16,14 poly=1,20,171,826,2520,5169,7450,7806,6077,3544,1541,489,108,15,1
SAMPLE n=20 alpha=13 par=0,1,2,3,4,5,5,5,4,9,4,4,4,2,2,1,16,17,18,19 poly=1,20,171,832,2590,5501,8293,9091,7330,4336,1843,536,96,8
SAMPLE n=20 alpha=14 par=0,1,2,3,4,5,5,5,4,9,4,4,2,2,1,15,16,17,17,17 poly=1,20,171,831,2584,5501,8376,9388,7879,4981,2356,814,195,29,2
SAMPLE n=20 alpha=12 par=0,1,2,3,4,5,5,5,4,9,3,11,3,1,14,15,16,17,16,15 poly=1,20,171,825,2500,5017,6856,6463,4203,1852,525,85,6
SAMPLE n=20 alpha=13 par=0,1,2,3,4,5,5,5,4,9,3,11,3,1,14,15,16,14,1,1 poly=1,20,171,827,2527,5170,7335,7379,5323,2746,990,236,33,2
SAMPLE n=20 alpha=13 par=0,1,2,3,4,5,5,5,4,9,1,11,12,13,13,13,12,11,1,1 poly=1,20,171,828,2544,5276,7666,7974,5989,3231,1223,308,46,3
SAMPLE n=20 alpha=13 par=0,1,2,3,4,5,5,5,4,9,1,11,12,13,12,12,11,17,17,1 poly=1,20,171,826,2515,5109,7164,7087,5006,2526,896,214,31,2
SAMPLE n=20 alpha=13 par=0,1,2,3,4,5,5,5,4,4,3,1,12,13,14,13,13,12,1,1 poly=1,20,171,830,2568,5392,7972,8472,6520,3612,1407,366,57,4
SAMPLE n=20 alpha=12 par=0,1,2,3,4,5,5,5,4,4,1,11,12,13,14,13,11,17,11,1 poly=1,20,171,827,2528,5172,7305,7223,4997,2378,746,140,12
SAMPLE n=20 alpha=12 par=0,1,2,3,4,5,5,5,4,3,10,2,12,13,12,2,1,17,18,19 poly=1,20,171,825,2498,4997,6769,6251,3894,1583,392,52,3
SAMPLE n=20 alpha=12 par=0,1,2,3,4,5,5,5,4,2,10,2,12,1,14,15,16,17,16,16 poly=1,20,171,826,2516,5113,7142,6941,4678,2140,632,108,8
SAMPLE n=20 alpha=13 par=0,1,2,3,4,5,5,5,4,2,10,2,2,2,1,15,16,17,16,1 poly=1,20,171,832,2592,5513,8301,9007,7065,3963,1546,397,60,4
SAMPLE n=20 alpha=13 par=0,1,2,3,4,5,5,5,4,2,10,2,1,13,14,15,16,16,14,1 poly=1,20,171,826,2517,5129,7235,7209,5121,2589,916,217,31,2
SAMPLE n=20 alpha=12 par=0,1,2,3,4,5,5,5,4,2,10,2,1,13,14,15,13,17,1,1 poly=1,20,171,827,2525,5144,7198,7000,4715,2153,634,108,8
SAMPLE n=20 alpha=13 par=0,1,2,3,4,5,5,5,4,2,2,1,12,13,14,13,16,13,12,12 poly=1,20,171,829,2556,5336,7837,8290,6388,3580,1432,390,65,5
SAMPLE n=20 alpha=13 par=0,1,2,3,4,5,5,5,3,9,10,10,10,3,14,3,1,17,18,19 poly=1,20,171,828,2545,5302,7838,8488,6838,4087,1771,527,96,8
SAMPLE n=20 alpha=13 par=0,1,2,3,4,5,5,5,3,9,9,1,12,13,14,14,12,1,18,18 poly=1,20,171,825,2506,5087,7177,7228,5268,2775,1037,263,41,3
SAMPLE n=20 alpha=12 par=0,1,2,3,4,5,5,5,3,9,1,11,12,13,14,14,13,11,18,1 poly=1,20,171,824,2491,4992,6848,6544,4368,2000,597,104,8
SAMPLE n=20 alpha=13 par=0,1,2,3,4,5,5,5,3,3,1,11,12,13,14,14,12,11,18,11 poly=1,20,171,827,2533,5234,7607,7993,6156,3467,1396,382,64,5
SAMPLE n=20 alpha=13 par=0,1,2,3,4,5,5,5,3,3,1,11,12,13,14,13,1,17,17,1 poly=1,20,171,827,2533,5236,7623,8047,6253,3568,1458,403,67,5
SAMPLE n=20 alpha=13 par=0,1,2,3,4,5,5,5,3,3,1,11,12,13,14,12,11,17,18,17 poly=1,20,171,825,2505,5075,7124,7111,5115,2638,947,223,31,2
SAMPLE n=20 alpha=13 par=0,1,2,3,4,5,5,5,3,2,1,11,12,13,14,13,13,12,18,11 poly=1,20,171,826,2517,5130,7248,7259,5205,2658,943,221,31,2
SAMPLE n=20 alpha=13 par=0,1,2,3,4,5,5,5,3,2,1,11,12,13,14,11,11,1,18,18 poly=1,20,171,826,2517,5136,7298,7420,5472,2919,1102,280,43,3
SAMPLE n=20 alpha=13 par=0,1,2,3,4,5,5,5,2,9,2,2,1,13,14,15,16,16,16,1 poly=1,20,171,829,2559,5368,7964,8545,6679,3773,1499,395,61,4
SAMPLE n=20 alpha=12 par=0,1,2,3,4,5,5,5,2,9,2,2,1,13,14,15,13,1,18,19 poly=1,20,171,827,2527,5170,7323,7298,5112,2465,779,145,12
SAMPLE n=20 alpha=12 par=0,1,2,3,4,5,5,5,2,1,10,11,12,13,13,12,11,11,10,1 poly=1,20,171,827,2530,5197,7422,7501,5374,2682,890,177,16
SAMPLE n=20 alpha=13 par=0,1,2,3,4,5,5,5,2,1,10,11,12,13,12,11,16,10,10,10 poly=1,20,171,828,2544,5284,7733,8187,6335,3557,1410,372,58,4
SAMPLE n=20 alpha=12 par=0,1,2,3,4,5,5,4,8,8,4,4,4,3,1,15,16,17,15,19 poly=1,20,171,830,2557,5280,7502,7392,5012,2280,661,110,8
SAMPLE n=20 alpha=12 par=0,1,2,3,4,5,5,4,8,8,4,4,2,13,2,1,16,17,18,1 poly=1,20,171,828,2536,5192,7306,7135,4807,2182,635,107,8
SAMPLE n=20 alpha=13 par=0,1,2,3,4,5,5,4,8,8,3,11,12,12,1,15,16,17,17,16 poly=1,20,171,823,2476,4904,6586,6114,3976,1824,587,128,17,1
SAMPLE n=20 alpha=11 par=0,1,2,3,4,5,5,4,8,8,3,11,3,13,1,15,16,17,16,19 poly=1,20,171,823,2470,4837,6289,5433,3088,1129,247,25
SAMPLE n=20 alpha=12 par=0,1,2,3,4,5,5,4,8,8,3,11,2,1,14,15,16,15,15,1 poly=1,20,171,825,2501,5029,6913,6603,4401,2024,619,115,10
SAMPLE n=20 alpha=12 par=0,1,2,3,4,5,5,4,8,8,2,11,1,13,14,15,14,17,1,1 poly=1,20,171,824,2487,4948,6658,6124,3845,1621,440,70,5
SAMPLE n=20 alpha=14 par=0,1,2,3,4,5,5,4,8,8,1,11,12,13,12,1,1,1,1,1 poly=1,20,171,835,2635,5768,9134,10683,9280,5961,2796,935,213,30,2
SAMPLE n=20 alpha=12 par=0,1,2,3,4,5,5,4,8,4,3,1,12,13,14,13,13,12,1,1 poly=1,20,171,828,2539,5220,7417,7380,5135,2453,769,143,12
SAMPLE n=20 alpha=12 par=0,1,2,3,4,5,5,4,8,4,3,1,12,13,14,1,16,17,1,1 poly=1,20,171,827,2525,5144,7203,7029,4778,2218,668,117,9
SAMPLE n=20 alpha=11 par=0,1,2,3,4,5,5,4,8,4,1,11,12,13,14,14,13,1,18,1 poly=1,20,171,825,2501,5020,6829,6308,3879,1511,335,32
SAMPLE n=20 alpha=11 par=0,1,2,3,4,5,5,4,8,4,1,11,12,13,14,11,1,17,1,1 poly=1,20,171,827,2524,5127,7098,6712,4252,1718,398,40
SAMPLE n=20 alpha=12 par=0,1,2,3,4,5,5,4,8,4,1,11,12,13,14,1,16,17,17,17 poly=1,20,171,824,2490,4980,6792,6411,4186,1846,516,80,5
SAMPLE n=20 alpha=12 par=0,1,2,3,4,5,5,4,8,3,2,1,12,13,14,13,13,12,18,18 poly=1,20,171,825,2500,5016,6848,6435,4152,1804,504,82,6
SAMPLE n=20 alpha=11 par=0,1,2,3,4,5,5,4,8,2,10,2,12,2,14,1,16,17,18,18 poly=1,20,171,825,2496,4972,6647,5953,3498,1291,274,26
SAMPLE n=20 alpha=12 par=0,1,2,3,4,5,5,4,8,2,10,2,2,1,14,15,16,16,14,19 poly=1,20,171,826,2515,5110,7160,7036,4855,2313,729,138,12
SAMPLE n=20 alpha=12 par=0,1,2,3,4,5,5,4,4,4,3,11,2,13,2,1,16,17,18,17 poly=1,20,171,828,2537,5205,7369,7291,5028,2367,724,129,10
SAMPLE n=20 alpha=12 par=0,1,2,3,4,5,5,4,4,4,2,11,2,13,2,1,16,17,18,1 poly=1,20,171,830,2563,5343,7767,7988,5803,2916,963,187,16
SAMPLE n=20 alpha=12 par=0,1,2,3,4,5,5,4,4,4,1,11,12,13,12,1,16,1,18,1 poly=1,20,171,830,2566,5367,7842,8107,5905,2961,971,187,16
SAMPLE n=20 alpha=11 par=0,1,2,3,4,5,5,4,3,9,10,9,12,9,3,1,16,17,18,16 poly=1,20,171,825,2496,4974,6663,5998,3553,1317,274,24
SAMPLE n=20 alpha=11 par=0,1,2,3,4,5,5,4,3,9,10,9,9,3,1,15,16,17,1,19 poly=1,20,171,825,2497,4986,6718,6123,3708,1424,313,30
SAMPLE n=20 alpha=12 par=0,1,2,3,4,5,5,4,3,9,10,9,2,1,14,15,16,16,1,1 poly=1,20,171,825,2501,5029,6903,6538,4243,1832,493,72,4
SAMPLE n=20 alpha=12 par=0,1,2,3,4,5,5,4,3,9,3,11,1,13,14,15,13,13,1,19 poly=1,20,171,825,2497,4983,6701,6091,3690,1437,333,38,1
SAMPLE n=20 alpha=11 par=0,1,2,3,4,5,5,4,3,9,2,11,1,13,14,15,13,17,1,1 poly=1,20,171,824,2483,4906,6481,5731,3339,1230,260,24
SAMPLE n=20 alpha=11 par=0,1,2,3,4,5,5,4,3,9,1,11,12,13,12,15,1,17,1,1 poly=1,20,171,826,2513,5085,7036,6712,4357,1841,456,50
SAMPLE n=20 alpha=12 par=0,1,2,3,4,5,5,4,3,9,1,11,12,13,12,12,11,1,18,18 poly=1,20,171,825,2500,5014,6825,6343,3975,1620,398,50,2
SAMPLE n=20 alpha=11 par=0,1,2,3,4,5,5,4,3,9,1,11,12,13,12,11,16,1,18,1 poly=1,20,171,824,2484,4914,6503,5750,3323,1192,238,20
SAMPLE n=20 alpha=12 par=0,1,2,3,4,5,5,4,3,2,10,1,12,13,14,13,16,12,12,1 poly=1,20,171,825,2497,4982,6692,6062,3646,1405,325,40,2
SAMPLE n=20 alpha=11 par=0,1,2,3,4,5,5,4,2,9,10,9,12,1,14,15,16,15,1,19 poly=1,20,171,822,2459,4787,6156,5188,2770,870,137,7
SAMPLE n=20 alpha=13 par=0,1,2,3,4,5,5,4,2,9,9,2,2,2,1,15,16,17,18,17 poly=1,20,171,830,2565,5365,7861,8205,6113,3209,1150,265,35,2
SAMPLE n=20 alpha=13 par=0,1,2,3,4,5,5,4,2,9,9,2,2,2,1,15,16,17,15,1 poly=1,20,171,831,2574,5397,7921,8270,6154,3223,1152,265,35,2
SAMPLE n=20 alpha=13 par=0,1,2,3,4,5,5,4,2,9,9,2,1,13,14,15,16,16,1,1 poly=1,20,171,826,2514,5099,7112,6933,4744,2262,735,155,19,1
SAMPLE n=20 alpha=12 par=0,1,2,3,4,5,5,4,2,2,2,1,12,13,14,15,14,13,18,19 poly=1,20,171,826,2517,5129,7231,7171,4995,2385,737,131,10
SAMPLE n=20 alpha=14 par=0,1,2,3,4,5,5,4,2,1,10,11,12,12,10,15,15,15,15,10 poly=1,20,171,829,2557,5353,7931,8542,6789,4002,1741,548,119,16,1
SAMPLE n=20 alpha=13 par=0,1,2,3,4,5,5,4,2,1,10,11,12,11,11,11,1,17,18,18 poly=1,20,171,827,2532,5220,7525,7743,5718,3001,1088,257,35,2
SAMPLE n=20 alpha=12 par=0,1,2,3,4,5,5,4,2,1,10,11,12,11,10,1,16,16,1,1 poly=1,20,171,828,2535,5182,7262,7027,4647,2036,555,83,5
SAMPLE n=20 alpha=13 par=0,1,2,3,4,5,5,3,8,9,9,1,12,13,14,15,14,12,12,12 poly=1,20,171,826,2520,5167,7422,7673,5773,3146,1217,320,52,4
SAMPLE n=20 alpha=12 par=0,1,2,3,4,5,5,3,8,9,9,1,12,13,14,15,13,12,18,19 poly=1,20,171,821,2449,4756,6156,5382,3203,1293,344,55,4
SAMPLE n=20 alpha=11 par=0,1,2,3,4,5,5,3,8,9,8,2,12,13,14,13,1,17,18,19 poly=1,20,171,821,2447,4733,6044,5088,2762,914,161,10
SAMPLE n=20 alpha=12 par=0,1,2,3,4,5,5,3,8,9,3,2,12,13,1,15,16,17,16,1 poly=1,20,171,823,2473,4874,6466,5862,3664,1574,449,77,6
SAMPLE n=20 alpha=13 par=0,1,2,3,4,5,5,3,8,8,3,3,3,1,14,15,16,14,18,18 poly=1,20,171,830,2565,5368,7895,8339,6382,3522,1370,357,56,4
SAMPLE n=20 alpha=12 par=0,1,2,3,4,5,5,3,8,3,10,3,3,1,14,15,16,14,18,18 poly=1,20,171,829,2550,5274,7571,7657,5460,2702,889,176,16
SAMPLE n=20 alpha=12 par=0,1,2,3,4,5,5,3,8,3,3,2,12,12,2,1,16,17,18,1 poly=1,20,171,828,2534,5182,7306,7223,5030,2438,790,155,14
SAMPLE n=20 alpha=12 par=0,1,2,3,4,5,5,3,8,2,10,10,2,1,14,15,16,17,16,16 poly=1,20,171,825,2501,5027,6893,6529,4264,1882,534,87,6
SAMPLE n=20 alpha=12 par=0,1,2,3,4,5,5,3,8,1,10,11,12,12,10,1,16,17,17,16 poly=1,20,171,823,2476,4904,6582,6086,3899,1714,498,87,7
SAMPLE n=20 alpha=12 par=0,1,2,3,4,5,5,3,8,1,10,11,12,11,10,15,15,15,1,19 poly=1,20,171,824,2488,4964,6749,6370,4198,1905,569,101,8
SAMPLE n=20 alpha=12 par=0,1,2,3,4,5,5,3,8,1,10,11,12,1,14,15,1,17,18,1 poly=1,20,171,824,2485,4933,6621,6098,3873,1677,476,80,6
SAMPLE n=20 alpha=13 par=0,1,2,3,4,5,5,3,3,3,2,11,12,13,1,15,16,17,15,1 poly=1,20,171,826,2514,5105,7165,7110,5035,2520,860,186,22,1
SAMPLE n=20 alpha=12 par=0,1,2,3,4,5,5,3,2,9,9,2,1,13,14,15,16,15,18,1 poly=1,20,171,824,2485,4926,6560,5896,3544,1390,337,44,2
SAMPLE n=20 alpha=13 par=0,1,2,3,4,5,5,3,2,1,10,11,12,10,10,1,16,16,1,19 poly=1,20,171,826,2509,5051,6935,6607,4415,2072,671,143,18,1
SAMPLE n=20 alpha=12 par=0,1,2,3,4,5,5,2,8,9,8,8,2,2,1,15,16,17,18,15 poly=1,20,171,827,2525,5150,7244,7141,4941,2360,744,140,12
SAMPLE n=20 alpha=13 par=0,1,2,3,4,5,5,2,8,9,2,2,2,1,14,15,16,15,15,14 poly=1,20,171,831,2581,5467,8208,8908,7011,3952,1548,398,60,4
SAMPLE n=20 alpha=13 par=0,1,2,3,4,5,5,2,8,9,2,2,1,13,14,15,16,14,14,13 poly=1,20,171,827,2529,5190,7409,7510,5439,2791,990,231,32,2
SAMPLE n=20 alpha=13 par=0,1,2,3,4,5,5,2,8,8,2,2,1,13,14,15,13,13,1,1 poly=1,20,171,830,2561,5328,7724,7933,5793,2980,1053,243,33,2
SAMPLE n=20 alpha=11 par=0,1,2,3,4,5,5,2,8,2,10,2,12,1,14,15,16,17,15,14 poly=1,20,171,825,2496,4972,6646,5942,3461,1237,239,18
SAMPLE n=20 alpha=12 par=0,1,2,3,4,5,5,2,8,2,2,1,12,13,14,13,13,12,1,19 poly=1,20,171,828,2538,5214,7399,7336,5051,2350,696,116,8
SAMPLE n=20 alpha=12 par=0,1,2,3,4,5,5,1,8,9,10,9,8,13,14,8,1,17,18,18 poly=1,20,171,823,2473,4872,6445,5778,3498,1400,352,50,3
SAMPLE n=20 alpha=12 par=0,1,2,3,4,5,5,1,8,9,10,9,8,1,14,15,15,15,14,19 poly=1,20,171,824,2488,4961,6720,6270,4031,1751,487,77,5
SAMPLE n=20 alpha=12 par=0,1,2,3,4,5,5,1,8,9,10,8,12,12,8,15,15,1,18,1 poly=1,20,171,825,2495,4971,6688,6146,3866,1648,460,77,6
SAMPLE n=20 alpha=12 par=0,1,2,3,4,5,5,1,8,9,10,1,12,13,13,13,13,12,1,19 poly=1,20,171,827,2528,5181,7371,7409,5261,2583,834,160,14
SAMPLE n=20 alpha=13 par=0,1,2,3,4,5,4,7,4,2,2,2,1,13,14,15,14,17,13,13 poly=1,20,171,829,2556,5341,7878,8419,6589,3743,1495,395,61,4
SAMPLE n=20 alpha=12 par=0,1,2,3,4,5,4,7,4,1,10,11,12,13,11,11,10,17,17,1 poly=1,20,171,825,2500,5017,6859,6484,4262,1936,588,108,9
SAMPLE n=20 alpha=11 par=0,1,2,3,4,5,4,7,2,9,10,11,9,9,1,15,16,17,16,15 poly=1,20,171,823,2473,4866,6392,5601,3207,1144,230,20
SAMPLE n=20 alpha=12 par=0,1,2,3,4,5,4,7,2,9,10,11,9,9,1,15,16,17,15,1 poly=1,20,171,823,2472,4858,6370,5580,3217,1179,256,28,1
SAMPLE n=20 alpha=11 par=0,1,2,3,4,5,4,7,2,9,10,11,1,13,14,15,16,13,18,18 poly=1,20,171,820,2433,4651,5787,4626,2281,632,77,1
SAMPLE n=20 alpha=11 par=0,1,2,3,4,5,4,7,2,9,2,11,2,2,1,15,16,17,16,19 poly=1,20,171,828,2534,5168,7181,6782,4225,1614,320,20
SAMPLE n=20 alpha=12 par=0,1,2,3,4,5,4,7,2,9,1,11,12,13,12,12,12,11,11,11 poly=1,20,171,830,2563,5344,7780,8045,5928,3070,1071,227,22
SAMPLE n=20 alpha=12 par=0,1,2,3,4,5,4,7,2,9,1,11,12,13,1,15,15,1,1,1 poly=1,20,171,829,2545,5224,7360,7163,4754,2071,546,73,3
SAMPLE n=20 alpha=14 par=0,1,2,3,4,5,4,4,4,4,4,4,3,13,1,15,16,17,15,15 poly=1,20,171,841,2703,6085,9965,12078,10873,7223,3482,1180,265,35,2
SAMPLE n=20 alpha=13 par=0,1,2,3,4,5,4,4,4,4,4,4,1,13,14,15,16,14,18,13 poly=1,20,171,839,2680,5966,9585,11247,9601,5866,2486,690,112,8
SAMPLE n=20 alpha=13 par=0,1,2,3,4,5,4,4,4,4,2,11,12,12,12,11,1,17,18,19 poly=1,20,171,831,2584,5496,8321,9149,7328,4220,1691,442,66,4
SAMPLE n=20 alpha=12 par=0,1,2,3,4,5,4,4,3,9,10,3,12,12,3,3,1,17,18,19 poly=1,20,171,830,2553,5249,7404,7229,4859,2200,640,108,8
SAMPLE n=20 alpha=12 par=0,1,2,3,4,5,4,4,3,9,10,3,3,2,1,15,16,17,18,16 poly=1,20,171,827,2521,5105,7045,6682,4331,1878,521,84,6
SAMPLE n=20 alpha=11 par=0,1,2,3,4,5,4,4,3,9,10,3,2,13,2,1,16,17,18,1 poly=1,20,171,826,2506,5015,6753,6110,3627,1335,270,22
SAMPLE n=20 alpha=11 par=0,1,2,3,4,5,4,4,3,9,9,3,1,13,14,15,16,14,18,13 poly=1,20,171,825,2497,4982,6693,6063,3636,1378,298,28
SAMPLE n=20 alpha=13 par=0,1,2,3,4,5,4,4,3,3,3,3,1,13,14,15,13,1,18,1 poly=1,20,171,833,2602,5556,8420,9238,7368,4217,1674,432,64,4
SAMPLE n=20 alpha=12 par=0,1,2,3,4,5,4,4,3,3,2,2,1,13,14,15,16,13,13,1 poly=1,20,171,829,2550,5273,7561,7617,5375,2599,818,150,12
SAMPLE n=20 alpha=11 par=0,1,2,3,4,5,4,4,3,2,10,11,10,10,1,15,16,17,1,19 poly=1,20,171,825,2498,4996,6757,6201,3795,1478,330,32
SAMPLE n=20 alpha=13 par=0,1,2,3,4,5,4,4,1,9,10,11,12,11,10,15,9,9,9,9 poly=1,20,171,831,2580,5457,8173,8850,6961,3929,1542,397,60,4
SAMPLE n=20 alpha=11 par=0,1,2,3,4,5,4,4,1,9,10,11,12,11,10,1,16,17,1,19 poly=1,20,171,824,2487,4944,6618,5973,3561,1331,278,24
SAMPLE n=20 alpha=11 par=0,1,2,3,4,5,4,4,1,9,10,11,12,11,1,15,16,15,18,15 poly=1,20,171,824,2487,4942,6600,5913,3461,1241,236,16
SAMPLE n=20 alpha=11 par=0,1,2,3,4,5,4,4,1,9,10,11,12,10,14,14,10,17,10,19 poly=1,20,171,826,2508,5029,6796,6191,3729,1415,304,28
SAMPLE n=20 alpha=12 par=0,1,2,3,4,5,4,4,1,9,10,11,12,1,14,14,1,17,17,1 poly=1,20,171,827,2523,5122,7098,6758,4374,1866,493,71,4
SAMPLE n=20 alpha=11 par=0,1,2,3,4,5,4,3,8,8,2,1,12,13,14,13,12,1,18,1 poly=1,20,171,825,2496,4973,6657,5983,3535,1309,276,26
SAMPLE n=20 alpha=13 par=0,1,2,3,4,5,4,3,3,3,3,2,2,1,14,15,16,1,1,1 poly=1,20,171,836,2637,5732,8924,10157,8499,5182,2242,652,114,9
SAMPLE n=20 alpha=12 par=0,1,2,3,4,5,4,3,3,2,10,10,1,13,14,15,14,13,1,1 poly=1,20,171,827,2524,5138,7193,7040,4846,2332,762,155,15
SAMPLE n=20 alpha=11 par=0,1,2,3,4,5,4,3,2,9,1,11,12,13,14,13,11,17,18,11 poly=1,20,171,823,2473,4868,6412,5672,3327,1247,272,26
SAMPLE n=20 alpha=10 par=0,1,2,3,4,5,4,3,2,9,1,11,12,13,14,11,16,17,16,11 poly=1,20,171,823,2471,4844,6296,5378,2904,901,123
SAMPLE n=20 alpha=12 par=0,1,2,3,4,5,4,3,1,9,10,11,9,13,13,13,9,17,17,9 poly=1,20,171,828,2534,5174,7246,7039,4730,2155,634,108,8
SAMPLE n=20 alpha=12 par=0,1,2,3,4,5,4,3,1,9,10,11,1,13,14,1,16,16,16,16 poly=1,20,171,827,2525,5150,7244,7135,4912,2307,698,121,9
SAMPLE n=20 alpha=11 par=0,1,2,3,4,5,4,2,8,9,1,11,12,13,14,12,1,17,18,17 poly=1,20,171,821,2446,4721,5989,4966,2625,840,146,10
SAMPLE n=20 alpha=11 par=0,1,2,3,4,5,4,2,8,8,8,1,12,13,14,12,16,12,18,1 poly=1,20,171,825,2498,4996,6762,6233,3868,1553,365,38
SAMPLE n=20 alpha=12 par=0,1,2,3,4,5,4,2,8,1,10,11,12,13,10,10,10,1,18,18 poly=1,20,171,826,2513,5094,7115,6983,4834,2319,735,139,12
SAMPLE n=20 alpha=13 par=0,1,2,3,4,5,4,2,2,2,1,11,12,13,14,12,16,17,1,1 poly=1,20,171,827,2526,5160,7289,7260,5143,2584,904,211,30,2
SAMPLE n=20 alpha=12 par=0,1,2,3,4,5,4,2,1,9,10,11,9,13,14,9,16,9,9,1 poly=1,20,171,829,2545,5225,7374,7227,4894,2237,655,110,8
SAMPLE n=20 alpha=12 par=0,1,2,3,4,5,4,2,1,9,10,11,9,13,1,15,16,1,1,1 poly=1,20,171,829,2545,5228,7394,7279,4961,2282,670,112,8
SAMPLE n=20 alpha=12 par=0,1,2,3,4,5,4,2,1,9,10,11,9,9,9,1,16,17,16,1 poly=1,20,171,828,2535,5189,7321,7223,4982,2355,724,129,10
SAMPLE n=20 alpha=12 par=0,1,2,3,4,5,4,2,1,9,10,11,9,1,14,15,15,1,18,19 poly=1,20,171,823,2471,4852,6366,5618,3316,1278,303,39,2
SAMPLE n=20 alpha=11 par=0,1,2,3,4,5,3,7,8,3,10,3,12,2,14,14,1,17,18,19 poly=1,20,171,824,2478,4858,6296,5365,2944,1000,192,16
SAMPLE n=20 alpha=11 par=0,1,2,3,4,5,3,7,7,7,1,11,12,13,14,12,16,11,1,19 poly=1,20,171,823,2473,4868,6413,5675,3325,1235,262,24
SAMPLE n=20 alpha=13 par=0,1,2,3,4,5,3,7,7,3,1,11,12,13,14,12,12,1,18,1 poly=1,20,171,826,2515,5111,7177,7123,5061,2574,918,218,31,2
SAMPLE n=20 alpha=12 par=0,1,2,3,4,5,3,7,7,2,1,11,12,13,14,11,16,16,11,11 poly=1,20,171,826,2512,5077,7021,6739,4497,2057,619,111,9
SAMPLE n=20 alpha=12 par=0,1,2,3,4,5,3,7,3,9,3,3,2,2,2,1,16,17,18,19 poly=1,20,171,832,2579,5390,7826,8002,5761,2870,944,184,16
SAMPLE n=20 alpha=11 par=0,1,2,3,4,5,3,7,3,2,10,11,12,10,1,15,16,17,18,15 poly=1,20,171,822,2458,4780,6145,5210,2854,962,179,14
SAMPLE n=20 alpha=12 par=0,1,2,3,4,5,3,7,3,1,10,11,12,13,11,15,10,10,1,1 poly=1,20,171,826,2511,5066,6972,6625,4347,1943,570,100,8
SAMPLE n=20 alpha=12 par=0,1,2,3,4,5,3,7,1,9,10,11,12,10,10,9,16,17,18,1 poly=1,20,171,822,2459,4791,6197,5345,3059,1143,267,35,2
SAMPLE n=20 alpha=13 par=0,1,2,3,4,5,3,3,2,9,10,10,9,2,2,1,16,17,18,16 poly=1,20,171,828,2535,5191,7339,7294,5140,2567,896,210,30,2
SAMPLE n=20 alpha=13 par=0,1,2,3,4,5,3,3,2,9,10,10,2,13,13,2,1,17,18,19 poly=1,20,171,827,2520,5103,7069,6806,4585,2153,691,145,18,1
SAMPLE n=20 alpha=12 par=0,1,2,3,4,5,3,2,8,8,2,1,12,13,14,15,12,12,1,1 poly=1,20,171,827,2521,5107,7058,6715,4373,1906,530,85,6
SAMPLE n=20 alpha=12 par=0,1,2,3,4,5,3,2,2,1,10,11,12,1,14,15,15,14,1,1 poly=1,20,171,828,2533,5168,7228,6998,4661,2081,588,93,6
SAMPLE n=20 alpha=11 par=0,1,2,3,4,5,2,7,8,7,2,11,11,1,14,15,16,17,14,19 poly=1,20,171,822,2456,4758,6047,4980,2549,738,96,2
SAMPLE n=20 alpha=11 par=0,1,2,3,4,5,2,7,8,7,2,11,11,1,14,15,16,17,14,14 poly=1,20,171,824,2485,4931,6599,6004,3673,1448,331,33
SAMPLE n=20 alpha=13 par=0,1,2,3,4,5,2,7,7,7,7,1,12,13,14,15,12,17,17,1 poly=1,20,171,826,2515,5113,7186,7121,4993,2436,795,163,19,1
SAMPLE n=20 alpha=12 par=0,1,2,3,4,5,2,1,8,9,10,11,1,13,14,14,1,17,17,17 poly=1,20,171,824,2485,4935,6633,6120,3878,1650,445,67,4
SAMPLE n=20 alpha=15 par=0,1,2,3,4,4,4,4,4,4,4,1,12,13,14,14,12,17,12,12 poly=1,20,171,844,2755,6419,11125,14644,14781,11465,6798,3035,990,223,31,2
SAMPLE n=20 alpha=14 par=0,1,2,3,4,4,4,4,4,4,3,1,12,13,14,14,14,13,12,19 poly=1,20,171,837,2662,5910,9544,11436,10212,6740,3217,1065,226,26,1
SAMPLE n=20 alpha=14 par=0,1,2,3,4,4,4,4,4,3,10,2,2,1,14,15,15,1,18,19 poly=1,20,171,832,2595,5556,8536,9653,8096,5006,2241,703,146,18,1
SAMPLE n=20 alpha=15 par=0,1,2,3,4,4,4,4,4,3,3,1,12,13,14,14,14,12,1,1 poly=1,20,171,836,2652,5880,9546,11677,10935,7885,4362,1825,561,120,16,1
SAMPLE n=20 alpha=15 par=0,1,2,3,4,4,4,4,4,3,3,1,12,13,14,12,12,12,12,1 poly=1,20,171,840,2700,6111,10179,12804,12318,9083,5095,2135,647,134,17,1
SAMPLE n=20 alpha=13 par=0,1,2,3,4,4,4,4,4,3,2,1,12,13,12,12,1,17,1,1 poly=1,20,171,837,2656,5849,9297,10881,9415,5955,2674,806,146,12
SAMPLE n=20 alpha=13 par=0,1,2,3,4,4,4,4,4,2,10,2,12,2,1,15,16,15,1,1 poly=1,20,171,836,2645,5809,9234,10848,9442,6003,2702,814,147,12
SAMPLE n=20 alpha=13 par=0,1,2,3,4,4,4,4,4,2,10,2,2,1,14,15,16,15,14,19 poly=1,20,171,834,2626,5743,9131,10804,9555,6241,2924,930,180,16
SAMPLE n=20 alpha=13 par=0,1,2,3,4,4,4,4,3,9,9,9,9,2,14,1,16,17,16,19 poly=1,20,171,831,2584,5511,8449,9581,8113,5086,2294,702,130,11
SAMPLE n=20 alpha=13 par=0,1,2,3,4,4,4,4,3,9,9,9,3,13,13,3,1,17,18,19 poly=1,20,171,832,2584,5450,8115,8739,6872,3920,1581,427,69,5
SAMPLE n=20 alpha=13 par=0,1,2,3,4,4,4,4,3,9,9,9,1,13,14,15,1,17,1,19 poly=1,20,171,829,2556,5342,7877,8380,6460,3550,1332,312,37,1
SAMPLE n=20 alpha=13 par=0,1,2,3,4,4,4,4,3,9,3,11,2,13,2,2,1,17,18,18 poly=1,20,171,832,2587,5475,8197,8878,7004,3984,1583,412,62,4
SAMPLE n=20 alpha=13 par=0,1,2,3,4,4,4,4,3,9,2,11,12,12,12,1,16,17,1,19 poly=1,20,171,828,2544,5285,7737,8192,6337,3557,1410,372,58,4
SAMPLE n=20 alpha=13 par=0,1,2,3,4,4,4,4,3,9,2,11,12,2,14,15,2,1,18,19 poly=1,20,171,829,2550,5287,7678,8007,6055,3289,1247,312,46,3
SAMPLE n=20 alpha=14 par=0,1,2,3,4,4,4,4,3,9,2,11,2,2,2,1,16,17,17,17 poly=1,20,171,836,2648,5847,9423,11379,10417,7223,3740,1402,359,56,4
SAMPLE n=20 alpha=13 par=0,1,2,3,4,4,4,4,3,9,1,11,12,12,11,1,16,16,1,1 poly=1,20,171,832,2593,5525,8370,9213,7418,4332,1786,492,81,6
SAMPLE n=20 alpha=13 par=0,1,2,3,4,4,4,4,3,3,2,11,12,12,2,15,1,17,18,18 poly=1,20,171,830,2566,5383,7970,8525,6650,3764,1511,409,67,5
SAMPLE n=20 alpha=14 par=0,1,2,3,4,4,4,4,3,3,1,11,12,12,11,15,15,11,18,18 poly=1,20,171,831,2579,5442,8112,8751,6924,4031,1715,524,111,15,1
SAMPLE n=20 alpha=13 par=0,1,2,3,4,4,4,4,2,9,9,1,12,13,14,12,1,17,18,18 poly=1,20,171,827,2533,5237,7623,8007,6105,3342,1275,320,47,3
SAMPLE n=20 alpha=14 par=0,1,2,3,4,4,4,4,1,9,10,11,11,11,10,10,9,9,1,1 poly=1,20,171,834,2624,5716,9002,10507,9185,6002,2889,993,230,32,2
SAMPLE n=20 alpha=13 par=0,1,2,3,4,4,4,4,1,9,10,11,11,9,14,1,16,1,1,1 poly=1,20,171,834,2622,5697,8918,10276,8770,5499,2469,753,140,12
SAMPLE n=20 alpha=13 par=0,1,2,3,4,4,4,4,1,9,10,11,10,13,9,15,16,9,18,18 poly=1,20,171,827,2528,5178,7358,7394,5262,2596,849,171,19,1
SAMPLE n=20 alpha=14 par=0,1,2,3,4,4,4,3,8,8,8,1,12,13,13,12,12,12,1,1 poly=1,20,171,833,2608,5618,8695,9936,8503,5459,2599,892,209,30,2
SAMPLE n=20 alpha=13 par=0,1,2,3,4,4,4,3,8,8,3,1,12,13,13,12,16,1,18,1 poly=1,20,171,828,2538,5216,7428,7468,5340,2703,949,221,31,2
SAMPLE n=20 alpha=13 par=0,1,2,3,4,4,4,3,8,8,1,11,12,13,11,15,15,1,18,18 poly=1,20,171,825,2502,5043,6987,6799,4692,2283,762,164,20,1
SAMPLE n=20 alpha=13 par=0,1,2,3,4,4,4,3,8,3,2,11,12,2,1,15,16,16,15,15 poly=1,20,171,829,2551,5287,7640,7855,5799,3066,1139,284,43,3
SAMPLE n=20 alpha=13 par=0,1,2,3,4,4,4,3,8,3,1,11,12,12,11,1,16,16,1,1 poly=1,20,171,831,2577,5424,8030,8526,6536,3596,1389,359,56,4
SAMPLE n=20 alpha=13 par=0,1,2,3,4,4,4,3,8,2,1,11,12,12,11,1,16,17,16,16 poly=1,20,171,827,2527,5169,7323,7333,5239,2662,942,221,31,2
SAMPLE n=20 alpha=14 par=0,1,2,3,4,4,4,3,3,3,3,1,12,13,14,14,1,17,18,18 poly=1,20,171,832,2595,5553,8516,9625,8141,5171,2444,838,198,29,2
SAMPLE n=20 alpha=13 par=0,1,2,3,4,4,4,3,2,9,10,10,9,9,1,15,16,17,17,15 poly=1,20,171,827,2530,5201,7456,7623,5617,2977,1114,281,43,3
SAMPLE n=20 alpha=14 par=0,1,2,3,4,4,4,3,2,9,10,10,2,2,1,15,16,1,1,1 poly=1,20,171,833,2602,5568,8516,9573,8042,5078,2394,823,196,29,2
SAMPLE n=20 alpha=13 par=0,1,2,3,4,4,4,3,2,9,10,10,1,13,14,13,16,13,13,13 poly=1,20,171,832,2595,5543,8430,9324,7558,4467,1885,542,96,8
SAMPLE n=20 alpha=14 par=0,1,2,3,4,4,4,3,2,9,10,10,1,13,14,1,1,1,1,1 poly=1,20,171,837,2658,5885,9483,11372,10232,6890,3426,1223,297,44,3
SAMPLE n=20 alpha=14 par=0,1,2,3,4,4,4,3,2,9,9,9,9,1,14,15,1,17,17,1 poly=1,20,171,831,2582,5486,8323,9254,7626,4648,2063,646,135,17,1
SAMPLE n=20 alpha=14 par=0,1,2,3,4,4,4,3,2,9,2,2,2,2,1,15,16,17,17,15 poly=1,20,171,837,2655,5857,9382,11185,10037,6786,3425,1261,323,52,4
SAMPLE n=20 alpha=12 par=0,1,2,3,4,4,4,3,2,9,2,2,1,13,14,14,13,1,18,1 poly=1,20,171,831,2573,5387,7882,8185,6032,3097,1057,216,20
SAMPLE n=20 alpha=13 par=0,1,2,3,4,4,4,3,2,9,2,2,1,13,14,13,13,13,1,1 poly=1,20,171,835,2626,5677,8761,9848,8113,4861,2066,591,102,8
SAMPLE n=20 alpha=12 par=0,1,2,3,4,4,4,3,2,1,10,11,12,12,11,15,11,17,11,1 poly=1,20,171,829,2551,5278,7568,7615,5361,2585,812,149,12
SAMPLE n=20 alpha=12 par=0,1,2,3,4,4,4,3,2,1,10,11,12,10,14,14,10,17,10,19 poly=1,20,171,828,2535,5181,7267,7077,4776,2189,647,110,8
SAMPLE n=20 alpha=14 par=0,1,2,3,4,4,4,2,8,9,9,8,12,2,1,15,16,16,16,1 poly=1,20,171,828,2545,5298,7807,8398,6708,3993,1755,555,120,16,1
SAMPLE n=20 alpha=13 par=0,1,2,3,4,4,4,2,8,9,9,8,8,2,14,14,1,17,18,18 poly=1,20,171,828,2541,5255,7612,7905,5939,3206,1211,303,45,3
SAMPLE n=20 alpha=13 par=0,1,2,3,4,4,4,2,8,9,9,8,8,2,14,14,1,17,18,1 poly=1,20,171,828,2538,5225,7491,7642,5588,2901,1038,242,33,2
SAMPLE n=20 alpha=14 par=0,1,2,3,4,4,4,2,8,9,8,8,8,8,1,15,16,17,17,17 poly=1,20,171,833,2613,5671,8905,10377,9075,5952,2888,1005,236,33,2
SAMPLE n=20 alpha=12 par=0,1,2,3,4,4,4,2,8,9,8,8,1,13,14,15,1,17,18,19 poly=1,20,171,824,2489,4974,6779,6388,4137,1779,468,62,2
SAMPLE n=20 alpha=14 par=0,1,2,3,4,4,4,2,8,8,8,8,2,13,13,1,16,17,16,16 poly=1,20,171,832,2597,5579,8638,9910,8536,5525,2655,920,217,31,2
SAMPLE n=20 alpha=13 par=0,1,2,3,4,4,4,2,8,2,10,2,1,13,14,15,15,13,1,1 poly=1,20,171,830,2564,5362,7884,8341,6413,3564,1396,365,57,4
SAMPLE n=20 alpha=15 par=0,1,2,3,4,4,4,2,2,2,2,2,1,13,14,15,15,14,14,14 poly=1,20,171,841,2719,6250,10690,13949,14051,10949,6554,2961,977,222,31,2
SAMPLE n=20 alpha=13 par=0,1,2,3,4,4,4,2,2,1,10,11,12,12,11,10,1,17,18,1 poly=1,20,171,828,2541,5252,7594,7869,5911,3205,1222,309,46,3
SAMPLE n=20 alpha=13 par=0,1,2,3,4,4,4,2,2,1,10,11,12,11,14,11,16,11,18,10 poly=1,20,171,829,2551,5283,7616,7802,5738,3007,1078,242,28,1
SAMPLE n=20 alpha=12 par=0,1,2,3,4,4,4,2,2,1,10,11,12,11,14,11,16,1,18,19 poly=1,20,171,826,2515,5109,7157,7045,4898,2366,752,139,11
SAMPLE n=20 alpha=14 par=0,1,2,3,4,4,4,2,2,1,10,11,12,11,14,11,11,11,11,10 poly=1,20,171,838,2670,5934,9590,11549,10497,7217,3714,1390,357,56,4
SAMPLE n=20 alpha=12 par=0,1,2,3,4,4,3,7,7,3,10,2,12,2,14,2,1,17,18,18 poly=1,20,171,828,2530,5139,7118,6786,4439,1961,565,98,8
SAMPLE n=20 alpha=12 par=0,1,2,3,4,4,3,7,7,3,10,2,12,2,2,1,16,17,1,19 poly=1,20,171,828,2528,5120,7047,6653,4306,1890,546,96,8
SAMPLE n=20 alpha=12 par=0,1,2,3,4,4,3,7,7,3,10,2,12,1,14,15,15,1,18,18 poly=1,20,171,825,2496,4980,6721,6211,3939,1692,474,79,6
SAMPLE n=20 alpha=13 par=0,1,2,3,4,4,3,7,7,3,10,2,1,13,14,14,13,17,17,13 poly=1,20,171,827,2522,5111,7066,6746,4467,2048,643,134,17,1
SAMPLE n=20 alpha=12 par=0,1,2,3,4,4,3,7,7,3,3,1,12,13,14,13,16,12,18,1 poly=1,20,171,827,2522,5110,7051,6675,4309,1859,514,83,6
SAMPLE n=20 alpha=11 par=0,1,2,3,4,4,3,7,3,9,3,11,3,2,1,15,16,15,18,15 poly=1,20,171,831,2565,5292,7440,7102,4484,1769,389,36
SAMPLE n=20 alpha=13 par=0,1,2,3,4,4,3,7,3,3,2,11,11,2,1,15,16,16,1,1 poly=1,20,171,831,2572,5382,7886,8262,6253,3415,1322,346,55,4
SAMPLE n=20 alpha=12 par=0,1,2,3,4,4,3,7,3,3,2,11,2,13,1,15,16,17,15,15 poly=1,20,171,829,2546,5235,7417,7331,5047,2374,726,129,10
SAMPLE n=20 alpha=11 par=0,1,2,3,4,4,3,7,3,3,2,11,1,13,14,15,14,17,14,19 poly=1,20,171,827,2520,5083,6911,6301,3742,1361,269,22
SAMPLE n=20 alpha=13 par=0,1,2,3,4,4,3,7,3,3,1,11,12,12,11,11,11,1,18,18 poly=1,20,171,832,2591,5500,8248,8900,6941,3876,1509,388,59,4
SAMPLE n=20 alpha=14 par=0,1,2,3,4,4,3,7,2,9,10,2,2,2,1,15,16,16,1,1 poly=1,20,171,832,2584,5448,8103,8726,6920,4072,1770,556,120,16,1
SAMPLE n=20 alpha=14 par=0,1,2,3,4,4,3,7,2,2,2,1,12,13,12,12,12,1,1,1 poly=1,20,171,836,2635,5714,8866,10084,8521,5371,2509,850,199,29,2
SAMPLE n=20 alpha=12 par=0,1,2,3,4,4,3,7,1,9,10,11,11,9,14,15,14,17,14,9 poly=1,20,171,825,2498,4995,6758,6237,3912,1641,443,70,5
SAMPLE n=20 alpha=13 par=0,1,2,3,4,4,3,7,1,9,10,11,11,9,14,14,14,14,1,19 poly=1,20,171,827,2530,5203,7471,7650,5601,2882,1001,217,25,1
SAMPLE n=20 alpha=12 par=0,1,2,3,4,4,3,7,1,9,10,11,11,1,14,15,16,14,14,1 poly=1,20,171,825,2500,5019,6867,6485,4224,1866,536,91,7
SAMPLE n=20 alpha=12 par=0,1,2,3,4,4,3,3,2,9,10,9,2,13,13,1,16,17,16,1 poly=1,20,171,827,2519,5089,6991,6581,4218,1803,494,80,6
SAMPLE n=20 alpha=12 par=0,1,2,3,4,4,3,3,2,9,10,9,2,13,1,15,16,15,18,1 poly=1,20,171,826,2505,5004,6706,6013,3530,1302,285,35,2
SAMPLE n=20 alpha=13 par=0,1,2,3,4,4,3,3,2,9,9,2,2,1,14,15,16,15,15,1 poly=1,20,171,831,2574,5394,7903,8226,6098,3184,1138,263,35,2
SAMPLE n=20 alpha=12 par=0,1,2,3,4,4,3,2,8,9,8,1,12,13,14,13,1,17,17,1 poly=1,20,171,825,2498,4999,6783,6289,3951,1637,424,62,4
SAMPLE n=20 alpha=13 par=0,1,2,3,4,4,3,2,1,9,10,11,11,9,14,9,9,9,1,1 poly=1,20,171,833,2600,5539,8360,9129,7270,4199,1719,474,79,6
SAMPLE n=20 alpha=13 par=0,1,2,3,4,4,3,2,1,9,10,11,10,13,9,9,9,9,1,19 poly=1,20,171,831,2574,5398,7937,8336,6273,3330,1201,276,36,2
SAMPLE n=20 alpha=12 par=0,1,2,3,4,4,3,2,1,9,10,11,10,10,10,1,16,17,16,16 poly=1,20,171,829,2556,5334,7806,8142,6044,3125,1070,218,20
SAMPLE n=20 alpha=11 par=0,1,2,3,4,4,3,2,1,9,10,11,10,9,1,15,16,16,1,19 poly=1,20,171,825,2497,4987,6728,6162,3782,1496,347,36
SAMPLE n=20 alpha=12 par=0,1,2,3,4,4,2,7,8,8,1,11,12,13,12,11,1,17,18,17 poly=1,20,171,823,2474,4883,6492,5883,3643,1533,429,74,6
SAMPLE n=20 alpha=12 par=0,1,2,3,4,4,2,7,8,7,2,11,12,2,1,15,16,17,1,1 poly=1,20,171,827,2519,5093,7027,6706,4434,2006,599,108,9
SAMPLE n=20 alpha=12 par=0,1,2,3,4,4,2,7,8,7,2,11,2,2,1,15,16,1,18,19 poly=1,20,171,829,2542,5202,7303,7112,4786,2174,629,101,6
SAMPLE n=20 alpha=11 par=0,1,2,3,4,4,2,7,8,7,2,11,1,13,14,1,16,16,1,19 poly=1,20,171,825,2492,4940,6554,5834,3440,1295,284,28
SAMPLE n=20 alpha=14 par=0,1,2,3,4,4,2,7,8,2,1,11,12,11,1,1,1,1,1,1 poly=1,20,171,842,2705,6067,9872,11882,10648,7085,3460,1211,290,43,3
SAMPLE n=20 alpha=13 par=0,1,2,3,4,4,2,7,7,7,2,1,12,13,12,12,1,17,1,19 poly=1,20,171,829,2547,5251,7503,7562,5408,2729,953,221,31,2
SAMPLE n=20 alpha=13 par=0,1,2,3,4,4,2,7,7,2,1,11,12,13,12,12,12,1,18,18 poly=1,20,171,829,2556,5340,7861,8334,6407,3545,1378,358,56,4
SAMPLE n=20 alpha=12 par=0,1,2,3,4,4,2,7,2,9,2,2,1,13,14,15,1,17,1,19 poly=1,20,171,830,2553,5250,7410,7242,4868,2190,617,92,4
SAMPLE n=20 alpha=12 par=0,1,2,3,4,4,2,7,2,1,10,11,12,12,1,15,16,15,18,15 poly=1,20,171,825,2499,5010,6835,6428,4174,1851,542,96,8
SAMPLE n=20 alpha=14 par=0,1,2,3,4,4,2,7,2,1,10,11,12,10,14,10,10,10,10,10 poly=1,20,171,841,2703,6094,10031,12294,11294,7761,3945,1446,363,56,4
SAMPLE n=20 alpha=13 par=0,1,2,3,4,4,1,7,8,7,10,7,7,7,7,1,16,16,1,1 poly=1,20,171,839,2667,5858,9216,10569,8862,5372,2287,646,108,8
SAMPLE n=20 alpha=11 par=0,1,2,3,4,3,6,3,8,3,10,3,1,13,14,15,13,1,18,18 poly=1,20,171,829,2544,5205,7248,6851,4283,1672,363,33
SAMPLE n=20 alpha=13 par=0,1,2,3,4,3,6,3,8,3,3,2,12,12,1,15,16,1,1,1 poly=1,20,171,834,2611,5594,8526,9462,7726,4621,1975,571,100,8
SAMPLE n=20 alpha=12 par=0,1,2,3,4,3,6,3,8,3,3,2,12,2,1,15,16,1,1,1 poly=1,20,171,835,2617,5588,8389,8972,6819,3607,1263,262,24
SAMPLE n=20 alpha=11 par=0,1,2,3,4,3,6,3,8,3,2,1,12,13,14,13,16,13,12,12 poly=1,20,171,829,2546,5220,7302,6969,4445,1807,425,45
SAMPLE n=20 alpha=12 par=0,1,2,3,4,3,6,3,8,2,2,1,12,13,14,13,13,12,18,1 poly=1,20,171,827,2520,5088,6951,6430,3956,1554,361,43,2
SAMPLE n=20 alpha=11 par=0,1,2,3,4,3,6,3,8,1,10,11,10,10,10,1,16,1,18,1 poly=1,20,171,831,2569,5339,7655,7614,5179,2310,613,74
SAMPLE n=20 alpha=13 par=0,1,2,3,4,3,6,3,3,3,2,11,11,11,2,2,1,17,18,17 poly=1,20,171,836,2632,5685,8733,9722,7889,4637,1934,548,96,8
SAMPLE n=20 alpha=12 par=0,1,2,3,4,3,6,3,3,3,2,11,11,1,14,15,16,15,14,1 poly=1,20,171,831,2574,5394,7900,8203,6029,3076,1041,212,20
SAMPLE n=20 alpha=10 par=0,1,2,3,4,3,6,3,2,9,1,11,12,13,12,11,1,17,1,19 poly=1,20,171,825,2492,4930,6469,5550,2967,885,110
SAMPLE n=20 alpha=11 par=0,1,2,3,4,3,6,2,8,9,1,11,12,13,12,11,16,11,11,1 poly=1,20,171,826,2506,5010,6715,5996,3453,1192,210,12
SAMPLE n=20 alpha=12 par=0,1,2,3,4,3,6,2,8,9,1,11,12,13,12,11,1,1,1,1 poly=1,20,171,830,2560,5319,7684,7808,5525,2620,766,115,5
SAMPLE n=20 alpha=14 par=0,1,2,3,4,3,3,3,3,3,3,2,2,1,14,15,16,1,18,18 poly=1,20,171,842,2709,6095,9949,11986,10698,7028,3342,1116,248,33,2
SAMPLE n=20 alpha=12 par=0,1,2,3,4,3,3,3,2,9,2,2,1,13,14,13,1,17,18,1 poly=1,20,171,832,2580,5398,7847,8014,5721,2786,876,158,12
SAMPLE n=20 alpha=12 par=0,1,2,3,4,3,3,2,8,9,8,2,2,1,14,15,1,17,17,1 poly=1,20,171,830,2554,5259,7440,7288,4899,2195,617,96,6
SAMPLE n=20 alpha=12 par=0,1,2,3,4,3,3,2,8,9,8,2,1,13,14,13,13,1,18,18 poly=1,20,171,828,2535,5189,7319,7212,4964,2349,734,138,12
SAMPLE n=20 alpha=12 par=0,1,2,3,4,3,3,2,2,2,2,1,12,13,14,13,12,17,18,17 poly=1,20,171,832,2589,5484,8190,8764,6710,3596,1281,272,26
SAMPLE n=20 alpha=11 par=0,1,2,3,4,3,2,7,8,7,1,11,12,13,11,15,1,17,17,17 poly=1,20,171,824,2485,4932,6605,6018,3691,1462,337,34
SAMPLE n=20 alpha=12 par=0,1,2,3,4,3,2,7,7,7,2,1,12,13,14,12,1,17,1,19 poly=1,20,171,827,2518,5078,6943,6470,4063,1663,413,54,3
SAMPLE n=20 alpha=13 par=0,1,2,3,4,3,2,7,7,2,10,2,2,2,2,1,16,17,1,1 poly=1,20,171,842,2689,5912,9232,10384,8423,4874,1961,522,83,6
SAMPLE n=20 alpha=12 par=0,1,2,3,4,3,2,7,2,9,2,11,2,2,1,15,16,17,15,15 poly=1,20,171,835,2616,5578,8349,8889,6723,3546,1244,260,24
SAMPLE n=20 alpha=12 par=0,1,2,3,4,3,2,2,2,1,10,11,12,10,14,14,1,17,18,18 poly=1,20,171,827,2525,5151,7251,7157,4954,2361,741,139,12
SAMPLE n=20 alpha=12 par=0,1,2,3,4,3,2,2,2,1,10,11,12,10,14,1,16,16,16,1 poly=1,20,171,830,2559,5312,7673,7843,5683,2870,965,195,18
SAMPLE n=20 alpha=14 par=0,1,2,3,4,2,6,6,6,6,6,1,12,13,14,12,16,16,16,12 poly=1,20,171,833,2609,5627,8716,9918,8348,5166,2308,720,148,18,1
SAMPLE n=20 alpha=13 par=0,1,2,3,4,2,6,6,2,9,9,1,12,13,14,12,16,16,12,12 poly=1,20,171,828,2536,5196,7344,7273,5063,2452,803,168,20,1
SAMPLE n=20 alpha=12 par=0,1,2,3,4,2,6,6,1,9,10,11,1,13,14,15,1,1,1,1 poly=1,20,171,833,2597,5517,8282,8924,6867,3684,1311,279,27
SAMPLE n=20 alpha=14 par=0,1,2,3,4,2,1,7,8,9,7,1,12,13,13,13,13,13,13,1 poly=1,20,171,836,2649,5849,9385,11139,9779,6277,2881,909,184,21,1
SAMPLE n=20 alpha=12 par=0,1,2,3,4,2,1,7,8,9,7,1,12,13,13,13,1,17,1,19 poly=1,20,171,827,2520,5101,7051,6738,4440,1962,540,81,5
SAMPLE n=20 alpha=14 par=0,1,2,3,4,2,1,7,8,9,7,1,12,13,13,12,12,12,12,12 poly=1,20,171,835,2624,5665,8732,9809,8083,4865,2112,647,134,17,1
SAMPLE n=20 alpha=15 par=0,1,2,3,3,3,3,3,3,3,3,2,12,12,12,2,16,2,1,19 poly=1,20,171,853,2838,6770,12034,16233,16739,13195,7891,3518,1132,248,33,2
SAMPLE n=20 alpha=15 par=0,1,2,3,3,3,3,3,3,3,3,2,12,2,1,15,16,15,15,15 poly=1,20,171,853,2853,6883,12449,17226,18409,15211,9649,4619,1616,390,58,4
SAMPLE n=20 alpha=15 par=0,1,2,3,3,3,3,3,3,3,3,2,12,1,14,15,14,14,1,1 poly=1,20,171,851,2828,6749,12004,16186,16653,13069,7765,3434,1096,239,32,2
SAMPLE n=20 alpha=15 par=0,1,2,3,3,3,3,3,3,3,3,2,2,1,14,15,1,17,18,1 poly=1,20,171,850,2808,6619,11548,15162,15064,11305,6349,2618,767,151,18,1
SAMPLE n=20 alpha=15 par=0,1,2,3,3,3,3,3,3,2,10,2,2,2,1,15,16,16,16,16 poly=1,20,171,847,2783,6546,11533,15620,16467,13540,8618,4169,1483,366,56,4
SAMPLE n=20 alpha=15 par=0,1,2,3,3,3,3,3,2,9,9,9,2,2,1,15,15,1,18,18 poly=1,20,171,838,2664,5899,9522,11524,10620,7500,4055,1663,506,109,15,1
SAMPLE n=20 alpha=14 par=0,1,2,3,3,3,3,3,2,9,9,9,2,2,1,15,1,17,1,1 poly=1,20,171,841,2697,6051,9909,12129,11203,7786,4010,1484,373,57,4
SAMPLE n=20 alpha=15 par=0,1,2,3,3,3,3,3,2,9,9,9,1,13,14,1,16,16,16,16 poly=1,20,171,837,2666,5974,9896,12452,12058,9003,5140,2200,681,143,18,1
SAMPLE n=20 alpha=14 par=0,1,2,3,3,3,3,3,2,1,10,11,11,11,11,10,16,10,10,1 poly=1,20,171,840,2697,6084,10070,12534,11857,8514,4578,1789,480,79,6
SAMPLE n=20 alpha=13 par=0,1,2,3,3,3,3,3,2,1,10,11,11,10,14,1,16,1,18,1 poly=1,20,171,835,2628,5699,8857,10061,8375,5042,2132,601,102,8
SAMPLE n=20 alpha=13 par=0,1,2,3,3,3,3,2,8,2,2,1,12,12,1,15,15,1,18,1 poly=1,20,171,836,2629,5657,8630,9518,7640,4432,1812,495,81,6
SAMPLE n=20 alpha=15 par=0,1,2,3,3,3,3,1,8,9,9,9,8,13,13,13,1,17,18,1 poly=1,20,171,832,2601,5627,8886,10623,9816,7073,3962,1697,537,118,16,1
SAMPLE n=20 alpha=13 par=0,1,2,3,3,3,3,1,8,9,9,9,8,13,8,15,8,17,8,19 poly=1,20,171,835,2622,5631,8558,9360,7377,4120,1564,370,44,1
SAMPLE n=20 alpha=13 par=0,1,2,3,3,3,2,7,7,2,10,1,12,13,12,1,16,1,1,1 poly=1,20,171,834,2605,5539,8313,8998,7093,4060,1654,457,77,6
SAMPLE n=20 alpha=14 par=0,1,2,3,3,3,2,7,7,2,1,11,12,11,11,11,11,1,18,18 poly=1,20,171,835,2630,5725,8991,10444,9069,5878,2805,957,221,31,2
SAMPLE n=20 alpha=13 par=0,1,2,3,3,3,2,7,2,9,2,2,1,13,14,14,13,1,18,18 poly=1,20,171,833,2594,5482,8133,8629,6594,3613,1391,359,56,4
SAMPLE n=20 alpha=13 par=0,1,2,3,3,3,2,7,2,9,2,2,1,13,13,1,16,16,1,1 poly=1,20,171,837,2636,5670,8605,9363,7330,4092,1588,406,61,4
SAMPLE n=20 alpha=15 par=0,1,2,3,3,3,2,2,2,2,2,2,2,2,1,15,1,17,1,1 poly=1,20,171,861,2912,7081,12854,17778,18913,15499,9724,4599,1592,382,57,4
SAMPLE n=20 alpha=14 par=0,1,2,3,3,3,2,2,2,1,10,11,11,11,10,1,16,17,1,1 poly=1,20,171,835,2625,5675,8786,9989,8455,5346,2505,850,199,29,2
SAMPLE n=20 alpha=14 par=0,1,2,3,3,3,2,2,2,1,10,11,11,10,10,1,16,17,17,1 poly=1,20,171,833,2601,5552,8423,9298,7560,4537,1991,623,132,17,1
SAMPLE n=20 alpha=13 par=0,1,2,3,3,3,2,2,2,1,10,11,10,13,10,15,10,17,1,1 poly=1,20,171,834,2605,5521,8176,8561,6329,3255,1126,244,28,1
SAMPLE n=20 alpha=12 par=0,1,2,3,3,3,2,1,8,9,9,8,12,12,8,15,8,17,8,1 poly=1,20,171,833,2591,5442,7935,8115,5798,2835,904,169,14
SAMPLE n=20 alpha=13 par=0,1,2,3,3,3,1,7,8,7,7,1,12,13,12,12,1,17,18,1 poly=1,20,171,831,2573,5396,7954,8422,6461,3571,1388,360,56,4
SAMPLE n=20 alpha=13 par=0,1,2,3,3,2,6,2,8,2,2,2,1,13,14,14,13,13,13,1 poly=1,20,171,840,2681,5925,9381,10809,9078,5491,2324,651,108,8
SAMPLE n=20 alpha=12 par=0,1,2,3,3,2,6,2,8,2,2,2,1,13,14,14,13,1,18,19 poly=1,20,171,835,2615,5567,8291,8717,6420,3225,1046,196,16
SAMPLE n=20 alpha=12 par=0,1,2,3,3,2,6,2,8,1,10,11,10,13,10,15,10,17,1,1 poly=1,20,171,829,2537,5137,6983,6315,3687,1325,277,30,1
SAMPLE n=20 alpha=13 par=0,1,2,3,3,2,6,2,2,2,1,11,12,11,14,11,11,11,11,1 poly=1,20,171,843,2723,6163,10131,12293,11024,7213,3342,1036,192,16
SAMPLE n=20 alpha=13 par=0,1,2,3,3,2,2,2,1,9,10,10,9,1,14,15,1,17,18,1 poly=1,20,171,831,2568,5343,7723,7878,5693,2893,1012,233,32,2
SAMPLE n=20 alpha=14 par=0,1,2,3,3,2,2,2,1,9,10,9,9,9,9,9,1,17,18,17 poly=1,20,171,840,2693,6058,9976,12295,11426,7974,4115,1523,382,58,4
SAMPLE n=20 alpha=13 par=0,1,2,3,3,1,6,7,6,6,6,1,12,12,12,1,16,16,1,19 poly=1,20,171,833,2593,5484,8186,8834,6968,4003,1639,455,77,6
SAMPLE n=20 alpha=11 par=0,1,2,3,2,5,1,7,8,7,1,11,12,1,14,15,1,17,1,19 poly=1,20,171,828,2519,5028,6657,5769,3152,1015,172,12
SAMPLE n=20 alpha=12 par=0,1,2,3,2,5,1,7,8,7,1,11,11,1,14,1,16,1,1,1 poly=1,20,171,840,2660,5736,8634,9116,6667,3268,1007,172,12
SAMPLE n=20 alpha=13 par=0,1,2,3,2,2,2,1,8,9,8,8,8,1,14,1,16,1,1,1 poly=1,20,171,843,2706,6028,9663,11367,9879,6306,2892,908,176,16
SAMPLE n=20 alpha=13 par=0,1,2,3,2,2,2,1,8,9,8,1,12,12,1,15,15,1,18,18 poly=1,20,171,832,2575,5363,7765,7975,5875,3110,1171,304,50,4
SAMPLE n=20 alpha=15 par=0,1,2,2,2,2,2,1,8,8,8,8,8,1,14,14,1,17,1,19 poly=1,20,171,843,2722,6197,10422,13301,13033,9808,5606,2378,721,147,18,1
TOP5 rank=0 n=20 alpha=18 k=9 q=12 num=447654244 den=2365655044 par=0,1,2,2,2,2,2,2,2,2,2,1,1,1,1,1,1,1,1,1 poly=1,20,171,888,3228,8820,18816,31992,43830,48638,43760,31824,18564,8568,3060,816,153,18,1
TOP5 rank=1 n=20 alpha=17 k=8 q=11 num=126365044 den=652955809 par=0,1,2,3,3,3,3,3,2,2,2,2,2,2,1,15,15,15,15,15 poly=1,20,171,857,2910,7253,13902,21051,25553,25015,19733,12454,6201,2381,680,136,17,1
TOP5 rank=2 n=20 alpha=17 k=9 q=11 num=124653858 den=642419716 par=0,1,2,2,2,2,2,1,8,8,8,8,8,1,1,1,1,1,1,1 poly=1,20,171,864,2961,7423,14247,21527,26021,25346,19898,12509,6212,2382,680,136,17,1
TOP5 rank=3 n=20 alpha=17 k=9 q=11 num=124645869 den=640950489 par=0,1,2,3,3,3,3,3,3,3,3,2,2,2,2,1,16,16,16,16 poly=1,20,171,860,2938,7364,14157,21436,25958,25317,19890,12508,6212,2382,680,136,17,1
TOP5 rank=4 n=20 alpha=17 k=9 q=11 num=124735107 den=640596100 par=0,1,2,3,3,3,3,3,2,2,2,2,2,2,2,1,16,16,16,16 poly=1,20,171,860,2935,7349,14126,21402,25937,25310,19889,12508,6212,2382,680,136,17,1
TOP5 rank=5 n=20 alpha=17 k=9 q=11 num=124913012 den=640191204 par=0,1,2,3,3,3,3,1,8,9,9,9,9,1,1,1,1,1,1,1 poly=1,20,171,856,2909,7291,14053,21345,25909,25302,19888,12508,6212,2382,680,136,17,1
TOP5 rank=6 n=20 alpha=17 k=8 q=11 num=136884907 den=698016400 par=0,1,2,3,3,3,3,3,3,3,3,2,2,2,2,2,1,17,17,17 poly=1,20,171,862,2953,7425,14326,21767,26420,25779,20220,12673,6267,2393,681,136,17,1
TOP5 rank=7 n=20 alpha=17 k=9 q=11 num=133690311 den=681679881 par=0,1,2,2,2,2,2,1,8,8,8,8,1,1,1,1,1,1,1,1 poly=1,20,171,868,2998,7580,14651,22228,26882,26109,20385,12728,6278,2394,681,136,17,1
TOP5 rank=8 n=20 alpha=17 k=9 q=11 num=130344441 den=664556841 par=0,1,2,3,3,3,3,3,3,3,3,2,2,2,1,15,15,15,15,15 poly=1,20,171,860,2946,7416,14321,21766,26420,25779,20220,12673,6267,2393,681,136,17,1
TOP5 rank=9 n=20 alpha=17 k=9 q=11 num=133870265 den=681262201 par=0,1,2,3,3,3,3,3,2,2,2,2,2,2,2,2,1,17,17,17 poly=1,20,171,865,2980,7534,14586,22173,26854,26101,20384,12728,6278,2394,681,136,17,1
TOP5 rank=10 n=20 alpha=17 k=9 q=11 num=133870265 den=681262201 par=0,1,2,3,3,3,3,2,2,2,2,2,2,2,2,1,16,16,16,16 poly=1,20,171,864,2976,7528,14582,22172,26854,26101,20384,12728,6278,2394,681,136,17,1
TOP5 rank=11 n=20 alpha=17 k=9 q=11 num=133960752 den=681210000 par=0,1,2,3,3,3,3,1,8,9,9,9,1,1,1,1,1,1,1,1 poly=1,20,171,861,2958,7494,14547,22151,26847,26100,20384,12728,6278,2394,681,136,17,1
TOP4 rank=0 n=20 alpha=18 k=9 q=12 num=447654244 den=2365655044 par=0,1,2,2,2,2,2,2,2,2,2,1,1,1,1,1,1,1,1,1 poly=1,20,171,888,3228,8820,18816,31992,43830,48638,43760,31824,18564,8568,3060,816,153,18,1
TOP4 rank=1 n=20 alpha=17 k=8 q=11 num=126365044 den=652955809 par=0,1,2,3,3,3,3,3,2,2,2,2,2,2,1,15,15,15,15,15 poly=1,20,171,857,2910,7253,13902,21051,25553,25015,19733,12454,6201,2381,680,136,17,1
TOP4 rank=2 n=20 alpha=17 k=9 q=11 num=124653858 den=642419716 par=0,1,2,2,2,2,2,1,8,8,8,8,8,1,1,1,1,1,1,1 poly=1,20,171,864,2961,7423,14247,21527,26021,25346,19898,12509,6212,2382,680,136,17,1
TOP4 rank=3 n=20 alpha=17 k=9 q=11 num=124645869 den=640950489 par=0,1,2,3,3,3,3,3,3,3,3,2,2,2,2,1,16,16,16,16 poly=1,20,171,860,2938,7364,14157,21436,25958,25317,19890,12508,6212,2382,680,136,17,1
TOP4 rank=4 n=20 alpha=17 k=9 q=11 num=124735107 den=640596100 par=0,1,2,3,3,3,3,3,2,2,2,2,2,2,2,1,16,16,16,16 poly=1,20,171,860,2935,7349,14126,21402,25937,25310,19889,12508,6212,2382,680,136,17,1
TOP4 rank=5 n=20 alpha=17 k=9 q=11 num=124913012 den=640191204 par=0,1,2,3,3,3,3,1,8,9,9,9,9,1,1,1,1,1,1,1 poly=1,20,171,856,2909,7291,14053,21345,25909,25302,19888,12508,6212,2382,680,136,17,1
TOP4 rank=6 n=20 alpha=17 k=8 q=11 num=136884907 den=698016400 par=0,1,2,3,3,3,3,3,3,3,3,2,2,2,2,2,1,17,17,17 poly=1,20,171,862,2953,7425,14326,21767,26420,25779,20220,12673,6267,2393,681,136,17,1
TOP4 rank=7 n=20 alpha=17 k=9 q=11 num=133690311 den=681679881 par=0,1,2,2,2,2,2,1,8,8,8,8,1,1,1,1,1,1,1,1 poly=1,20,171,868,2998,7580,14651,22228,26882,26109,20385,12728,6278,2394,681,136,17,1
TOP4 rank=8 n=20 alpha=17 k=9 q=11 num=130344441 den=664556841 par=0,1,2,3,3,3,3,3,3,3,3,2,2,2,1,15,15,15,15,15 poly=1,20,171,860,2946,7416,14321,21766,26420,25779,20220,12673,6267,2393,681,136,17,1
TOP4 rank=9 n=20 alpha=17 k=9 q=11 num=133870265 den=681262201 par=0,1,2,3,3,3,3,3,2,2,2,2,2,2,2,2,1,17,17,17 poly=1,20,171,865,2980,7534,14586,22173,26854,26101,20384,12728,6278,2394,681,136,17,1
TOP4 rank=10 n=20 alpha=17 k=9 q=11 num=133870265 den=681262201 par=0,1,2,3,3,3,3,2,2,2,2,2,2,2,2,1,16,16,16,16 poly=1,20,171,864,2976,7528,14582,22172,26854,26101,20384,12728,6278,2394,681,136,17,1
TOP4 rank=11 n=20 alpha=17 k=9 q=11 num=133960752 den=681210000 par=0,1,2,3,3,3,3,1,8,9,9,9,1,1,1,1,1,1,1,1 poly=1,20,171,861,2958,7494,14547,22151,26847,26100,20384,12728,6278,2394,681,136,17,1
VDMIN_FLOAT n=20 value=0.682564666035 k=7 alpha=10 q=7 lambda=1.65858760939 V=1.69344859096 delta=0.403061935083 par=0,1,2,3,4,3,6,3,8,3,10,3,12,1,14,15,14,17,14,19 poly=1,20,171,829,2538,5132,6904,6009,3122,788,41
PERK n=20 alpha=18 k=4 q=12 num=2587824 den=10419984 par=0,1,2,2,2,2,2,2,2,2,2,1,1,1,1,1,1,1,1,1
PERK n=20 alpha=18 k=5 q=12 num=17054352 den=77792400 par=0,1,2,2,2,2,2,2,2,2,2,1,1,1,1,1,1,1,1,1
PERK n=20 alpha=18 k=6 q=12 num=71872416 den=354041856 par=0,1,2,2,2,2,2,2,2,2,2,1,1,1,1,1,1,1,1,1
PERK n=20 alpha=18 k=7 q=12 num=198782784 den=1023488064 par=0,1,2,2,2,2,2,2,2,2,2,1,1,1,1,1,1,1,1,1
PERK n=20 alpha=18 k=8 q=12 num=365042004 den=1921068900 par=0,1,2,2,2,2,2,2,2,2,2,1,1,1,1,1,1,1,1,1
PERK n=20 alpha=18 k=9 q=12 num=447654244 den=2365655044 par=0,1,2,2,2,2,2,2,2,2,2,1,1,1,1,1,1,1,1,1
PERK n=20 alpha=18 k=10 q=12 num=367081888 den=1914937600 par=0,1,2,2,2,2,2,2,2,2,2,1,1,1,1,1,1,1,1,1
PERK n=20 alpha=18 k=11 q=12 num=200406336 den=1012766976 par=0,1,2,2,2,2,2,2,2,2,2,1,1,1,1,1,1,1,1,1
PERK n=20 alpha=18 k=12 q=12 num=71954064 den=344622096 par=0,1,2,2,2,2,2,2,2,2,2,1,1,1,1,1,1,1,1,1
PERALPHA n=20 alpha=10 k=5 q=7 num=11690028 den=38118276 par=0,1,2,1,4,1,6,1,8,1,10,1,12,1,14,1,16,1,18,1
PERALPHA n=20 alpha=11 k=5 q=7 num=12911780 den=44595684 par=0,1,2,1,4,1,6,1,8,1,10,1,12,1,14,1,16,1,1,1
PERALPHA n=20 alpha=12 k=6 q=8 num=26107386 den=96707556 par=0,1,2,3,4,3,6,3,8,3,10,3,1,13,14,13,13,13,13,13
PERALPHA n=20 alpha=13 k=7 q=9 num=27907776 den=112487236 par=0,1,2,3,4,4,4,4,2,2,2,1,12,13,12,15,12,17,12,19
PERALPHA n=20 alpha=14 k=7 q=9 num=36460329 den=157552704 par=0,1,2,3,3,3,3,2,8,8,8,8,1,13,1,15,1,17,1,1
PERALPHA n=20 alpha=15 k=8 q=10 num=28899513 den=134397649 par=0,1,2,3,4,4,4,4,3,9,9,9,2,2,1,15,16,15,15,15
PERALPHA n=20 alpha=16 k=8 q=11 num=43411766 den=216531225 par=0,1,2,3,3,3,3,2,8,8,8,8,1,13,14,14,14,1,1,1
PERALPHA n=20 alpha=17 k=8 q=11 num=126365044 den=652955809 par=0,1,2,3,3,3,3,3,2,2,2,2,2,2,1,15,15,15,15,15
PERALPHA n=20 alpha=18 k=9 q=12 num=447654244 den=2365655044 par=0,1,2,2,2,2,2,2,2,2,2,1,1,1,1,1,1,1,1,1
TOPQ n=20 alpha=18 k=12 q=12 num=71954064 den=344622096 par=0,1,2,2,2,2,2,2,2,2,2,1,1,1,1,1,1,1,1,1
NEWTON n=20 alpha=15 k=10 q=10 num=180955038 den=194323600 par=0,1,2,2,2,1,6,6,6,1,10,10,10,1,14,14,14,1,18,18
NEWTONFAIL_DIST n=20 q_minus_k=0 trees=2466
NEWTONFAIL_DIST n=20 q_minus_k=1 trees=928
NEWTONFAIL_DIST n=20 q_minus_k=2 trees=421
NEWTONFAIL_DIST n=20 q_minus_k=3 trees=225
NEWTONFAIL_DIST n=20 q_minus_k=4 trees=109
NEWTONFAIL_DIST n=20 q_minus_k=5 trees=42
NEWTONFAIL_DIST n=20 q_minus_k=6 trees=7
NEWTONFAIL_DIST n=20 q_minus_k=7 trees=2
NEWTONFAIL_DIST n=20 q_minus_k=8 trees=1
VDBIN_FLOAT n=20 bin_lo=0 value=0.682564666035 k=7 alpha=10 q=7 lambda=1.65858760939 V=1.69344859096 delta=0.403061935083 par=0,1,2,3,4,3,6,3,8,3,10,3,12,1,14,15,14,17,14,19
VDBIN_FLOAT n=20 bin_lo=2 value=0.718785389352 k=7 alpha=10 q=7 lambda=1.4830876905 V=2.01141614986 delta=0.35735289756 par=0,1,2,3,4,5,4,7,4,1,10,11,12,13,12,15,12,1,18,1
VDBIN_FLOAT n=20 bin_lo=4 value=0.821666563293 k=8 alpha=16 q=11 lambda=1.05088611063 V=4.09834668996 delta=0.200487324634 par=0,1,2,3,3,3,3,2,8,8,8,8,1,13,14,14,14,1,1,1
STATS n=20 trees=160105 viol5=0 viol4=0 zero5=0 zero4=0 nonunimodal=0 sampled=381 newton_fail_trees=4201
