SAMPLE n=20 alpha=11 par=0,1,2,3,4,5,6,7,8,6,10,6,2,1,14,15,16,17,18,19 poly=1,20,171,820,2434,4661,5828,4719,2411,744,129,10
SAMPLE n=20 alpha=12 par=0,1,2,3,4,5,6,7,8,6,4,1,12,13,14,15,16,17,18,12 poly=1,20,171,819,2422,4606,5709,4604,2396,799,168,20,1
SAMPLE n=20 alpha=12 par=0,1,2,3,4,5,6,7,7,5,4,1,12,13,14,15,16,17,13,1 poly=1,20,171,821,2450,4765,6183,5408,3188,1250,314,46,3
SAMPLE n=20 alpha=12 par=0,1,2,3,4,5,6,7,6,9,5,3,3,1,14,15,16,17,18,16 poly=1,20,171,822,2462,4821,6315,5585,3336,1327,334,48,3
SAMPLE n=20 alpha=11 par=0,1,2,3,4,5,6,7,6,9,4,4,1,13,14,15,16,17,1,1 poly=1,20,171,823,2477,4912,6600,6074,3791,1539,369,40
SAMPLE n=20 alpha=11 par=0,1,2,3,4,5,6,7,6,9,1,11,12,13,14,15,14,13,12,1 poly=1,20,171,821,2447,4727,5995,4940,2551,765,113,5
SAMPLE n=20 alpha=11 par=0,1,2,3,4,5,6,7,6,6,1,11,12,13,14,15,16,14,1,19 poly=1,20,171,821,2449,4750,6099,5179,2851,971,186,16
SAMPLE n=20 alpha=11 par=0,1,2,3,4,5,6,7,6,5,5,1,12,13,14,15,16,15,1,19 poly=1,20,171,822,2461,4806,6229,5338,2948,990,178,12
SAMPLE n=20 alpha=11 par=0,1,2,3,4,5,6,7,6,3,3,1,12,13,14,15,16,15,12,12 poly=1,20,171,824,2492,5000,6861,6504,4208,1780,445,50
SAMPLE n=20 alpha=11 par=0,1,2,3,4,5,6,7,6,3,3,1,12,13,14,15,16,1,18,1 poly=1,20,171,823,2476,4902,6561,6000,3722,1511,365,40
SAMPLE n=20 alpha=11 par=0,1,2,3,4,5,6,7,5,4,10,1,12,13,14,15,16,1,18,19 poly=1,20,171,819,2419,4571,5549,4237,1945,503,68,4
SAMPLE n=20 alpha=10 par=0,1,2,3,4,5,6,7,3,9,10,11,3,13,1,15,16,17,18,19 poly=1,20,171,819,2418,4561,5507,4139,1810,401,33
SAMPLE n=20 alpha=12 par=0,1,2,3,4,5,6,6,6,6,6,3,2,1,14,15,16,17,14,19 poly=1,20,171,829,2560,5377,7988,8532,6516,3462,1211,250,23
SAMPLE n=20 alpha=13 par=0,1,2,3,4,5,6,6,6,6,5,1,12,13,14,15,13,17,17,1 poly=1,20,171,826,2518,5139,7275,7281,5164,2553,846,175,20,1
SAMPLE n=20 alpha=13 par=0,1,2,3,4,5,6,6,6,6,4,1,12,13,14,15,16,16,15,14 poly=1,20,171,826,2521,5174,7436,7669,5712,3030,1105,260,35,2
SAMPLE n=20 alpha=14 par=0,1,2,3,4,5,6,6,6,6,2,1,12,13,14,15,13,13,12,12 poly=1,20,171,829,2560,5380,8030,8741,7029,4179,1819,567,121,16,1
SAMPLE n=20 alpha=12 par=0,1,2,3,4,5,6,6,6,5,4,1,12,13,14,15,16,16,16,15 poly=1,20,171,825,2505,5069,7068,6911,4750,2257,708,132,11
SAMPLE n=20 alpha=13 par=0,1,2,3,4,5,6,6,6,5,4,1,12,13,14,15,16,16,14,12 poly=1,20,171,824,2492,5004,6909,6716,4663,2320,817,196,29,2
SAMPLE n=20 alpha=12 par=0,1,2,3,4,5,6,6,6,4,10,4,12,2,1,15,16,17,18,19 poly=1,20,171,823,2476,4905,6590,6106,3910,1689,461,69,4
SAMPLE n=20 alpha=12 par=0,1,2,3,4,5,6,6,6,4,10,4,4,1,14,15,16,17,18,15 poly=1,20,171,826,2518,5145,7325,7445,5442,2817,984,208,20
SAMPLE n=20 alpha=13 par=0,1,2,3,4,5,6,6,6,4,4,4,1,13,14,15,16,17,15,1 poly=1,20,171,827,2535,5259,7725,8271,6524,3763,1542,423,69,5
SAMPLE n=20 alpha=13 par=0,1,2,3,4,5,6,6,6,4,1,11,12,13,14,14,14,11,1,1 poly=1,20,171,827,2536,5265,7731,8255,6492,3749,1555,440,76,6
SAMPLE n=20 alpha=12 par=0,1,2,3,4,5,6,6,6,4,1,11,12,13,14,14,12,17,18,17 poly=1,20,171,823,2479,4937,6728,6420,4331,2043,646,124,11
SAMPLE n=20 alpha=12 par=0,1,2,3,4,5,6,6,6,4,1,11,12,13,14,13,12,17,1,19 poly=1,20,171,823,2477,4912,6605,6110,3884,1650,432,57,2
SAMPLE n=20 alpha=12 par=0,1,2,3,4,5,6,6,6,2,1,11,12,13,14,15,14,13,18,13 poly=1,20,171,824,2490,4978,6775,6358,4108,1791,501,81,6
SAMPLE n=20 alpha=12 par=0,1,2,3,4,5,6,6,5,9,9,4,1,13,14,15,16,17,17,1 poly=1,20,171,822,2463,4835,6391,5790,3635,1576,458,82,7
SAMPLE n=20 alpha=13 par=0,1,2,3,4,5,6,6,5,9,9,4,1,13,14,15,16,16,15,15 poly=1,20,171,824,2489,4969,6751,6350,4176,1926,617,132,17,1
SAMPLE n=20 alpha=11 par=0,1,2,3,4,5,6,6,5,9,5,11,4,13,4,1,16,17,18,19 poly=1,20,171,823,2467,4805,6149,5110,2668,827,139,10
SAMPLE n=20 alpha=12 par=0,1,2,3,4,5,6,6,5,5,5,4,3,1,14,15,16,17,17,16 poly=1,20,171,827,2527,5163,7269,7139,4873,2261,678,118,9
SAMPLE n=20 alpha=12 par=0,1,2,3,4,5,6,6,5,5,4,11,12,3,1,15,16,17,18,16 poly=1,20,171,823,2473,4869,6421,5704,3388,1318,323,46,3
SAMPLE n=20 alpha=12 par=0,1,2,3,4,5,6,6,5,4,2,2,1,13,14,15,16,17,14,14 poly=1,20,171,825,2505,5071,7083,6952,4804,2297,727,138,12
SAMPLE n=20 alpha=11 par=0,1,2,3,4,5,6,6,5,3,10,11,10,3,14,1,16,17,18,19 poly=1,20,171,822,2458,4777,6117,5111,2686,820,123,6
SAMPLE n=20 alpha=11 par=0,1,2,3,4,5,6,6,5,3,10,11,1,13,14,15,16,17,16,15 poly=1,20,171,821,2448,4739,6051,5070,2714,877,153,11
SAMPLE n=20 alpha=12 par=0,1,2,3,4,5,6,6,5,3,10,11,1,13,14,15,16,16,14,13 poly=1,20,171,822,2463,4832,6360,5669,3410,1358,342,49,3
SAMPLE n=20 alpha=11 par=0,1,2,3,4,5,6,6,5,3,2,11,12,13,1,15,16,17,18,19 poly=1,20,171,820,2434,4662,5834,4727,2401,716,111,7
SAMPLE n=20 alpha=12 par=0,1,2,3,4,5,6,6,5,3,2,11,11,1,14,15,16,17,18,18 poly=1,20,171,822,2463,4833,6369,5702,3470,1417,374,58,4
SAMPLE n=20 alpha=11 par=0,1,2,3,4,5,6,6,5,2,1,11,12,13,14,13,12,11,18,18 poly=1,20,171,823,2475,4888,6488,5812,3460,1310,285,27
SAMPLE n=20 alpha=11 par=0,1,2,3,4,5,6,6,5,2,1,11,12,13,14,13,1,17,18,18 poly=1,20,171,822,2463,4831,6348,5618,3306,1243,271,26
SAMPLE n=20 alpha=12 par=0,1,2,3,4,5,6,6,4,9,9,9,1,13,14,15,16,15,18,1 poly=1,20,171,823,2477,4912,6602,6091,3846,1620,427,61,3
SAMPLE n=20 alpha=12 par=0,1,2,3,4,5,6,6,4,9,9,9,1,13,14,15,16,13,1,1 poly=1,20,171,825,2504,5061,7045,6880,4732,2259,717,137,12
SAMPLE n=20 alpha=12 par=0,1,2,3,4,5,6,6,4,9,2,1,12,13,14,15,14,17,12,12 poly=1,20,171,823,2477,4915,6634,6219,4093,1877,579,110,10
SAMPLE n=20 alpha=13 par=0,1,2,3,4,5,6,6,4,4,4,2,12,12,1,15,16,17,18,17 poly=1,20,171,826,2519,5156,7373,7557,5602,2974,1096,263,36,2
SAMPLE n=20 alpha=13 par=0,1,2,3,4,5,6,6,4,4,4,2,1,13,14,15,16,15,14,13 poly=1,20,171,827,2532,5224,7571,7931,6094,3424,1374,375,63,5
SAMPLE n=20 alpha=13 par=0,1,2,3,4,5,6,6,4,3,3,3,1,13,14,15,16,16,1,19 poly=1,20,171,826,2517,5133,7265,7289,5222,2655,938,220,31,2
SAMPLE n=20 alpha=12 par=0,1,2,3,4,5,6,6,4,1,10,11,12,13,14,13,13,11,18,10 poly=1,20,171,823,2477,4912,6604,6107,3891,1684,476,80,6
SAMPLE n=20 alpha=11 par=0,1,2,3,4,5,6,6,4,1,10,11,12,13,14,11,10,17,1,19 poly=1,20,171,821,2447,4732,6042,5106,2832,1004,210,20
SAMPLE n=20 alpha=12 par=0,1,2,3,4,5,6,6,3,9,10,3,1,13,14,15,16,1,18,19 poly=1,20,171,821,2448,4745,6104,5247,2999,1114,257,34,2
SAMPLE n=20 alpha=12 par=0,1,2,3,4,5,6,6,3,3,3,3,2,13,1,15,16,17,18,15 poly=1,20,171,829,2554,5321,7780,8123,6039,3125,1070,218,20
SAMPLE n=20 alpha=11 par=0,1,2,3,4,5,6,6,3,2,10,11,10,13,1,15,16,17,18,17 poly=1,20,171,821,2447,4730,6020,5017,2660,836,131,6
SAMPLE n=20 alpha=11 par=0,1,2,3,4,5,6,6,3,1,10,11,12,13,14,14,10,17,10,19 poly=1,20,171,822,2462,4820,6301,5518,3192,1173,250,24
SAMPLE n=20 alpha=11 par=0,1,2,3,4,5,6,6,1,9,10,11,12,13,12,12,1,17,18,19 poly=1,20,171,821,2450,4763,6163,5333,3049,1109,234,22
SAMPLE n=20 alpha=12 par=0,1,2,3,4,5,6,6,1,9,10,11,12,13,12,11,16,16,16,1 poly=1,20,171,823,2477,4914,6621,6161,3974,1750,502,84,6
SAMPLE n=20 alpha=12 par=0,1,2,3,4,5,6,6,1,9,10,11,12,13,12,10,9,17,17,1 poly=1,20,171,822,2462,4824,6341,5671,3480,1465,413,72,6
SAMPLE n=20 alpha=12 par=0,1,2,3,4,5,6,6,1,9,10,11,12,13,10,10,9,1,1,1 poly=1,20,171,827,2529,5192,7422,7539,5459,2769,939,192,18
SAMPLE n=20 alpha=14 par=0,1,2,3,4,5,6,6,1,9,10,11,12,13,9,9,9,9,9,9 poly=1,20,171,838,2669,5928,9536,11267,9777,6173,2780,862,173,20,1
SAMPLE n=20 alpha=11 par=0,1,2,3,4,5,6,5,8,5,10,2,12,13,2,1,16,17,18,19 poly=1,20,171,822,2458,4773,6086,5023,2572,752,106,4
SAMPLE n=20 alpha=11 par=0,1,2,3,4,5,6,5,8,5,10,2,2,1,14,15,16,17,16,19 poly=1,20,171,823,2473,4861,6350,5467,2995,966,153,6
SAMPLE n=20 alpha=10 par=0,1,2,3,4,5,6,5,8,5,3,11,3,13,1,15,16,17,18,17 poly=1,20,171,823,2472,4853,6325,5421,2933,907,122
SAMPLE n=20 alpha=11 par=0,1,2,3,4,5,6,5,8,5,1,11,12,13,14,11,16,17,17,17 poly=1,20,171,823,2477,4911,6595,6072,3814,1578,389,43
SAMPLE n=20 alpha=11 par=0,1,2,3,4,5,6,5,8,4,2,1,12,13,14,15,16,15,18,13 poly=1,20,171,821,2447,4728,6006,4984,2634,842,146,11
SAMPLE n=20 alpha=12 par=0,1,2,3,4,5,6,5,8,3,3,3,2,2,1,15,16,17,18,1 poly=1,20,171,827,2524,5137,7178,6966,4669,2100,592,90,5
SAMPLE n=20 alpha=12 par=0,1,2,3,4,5,6,5,8,2,10,11,1,13,14,15,16,1,1,1 poly=1,20,171,824,2486,4938,6613,6004,3644,1413,316,33,1
SAMPLE n=20 alpha=12 par=0,1,2,3,4,5,6,5,5,5,3,3,1,13,14,15,16,14,18,13 poly=1,20,171,827,2531,5210,7491,7688,5656,2930,1017,212,20
SAMPLE n=20 alpha=12 par=0,1,2,3,4,5,6,5,5,1,10,11,12,13,10,15,10,17,1,1 poly=1,20,171,825,2498,4993,6741,6176,3797,1521,374,49,2
SAMPLE n=20 alpha=12 par=0,1,2,3,4,5,6,5,4,9,3,3,3,3,1,15,16,17,18,17 poly=1,20,171,829,2552,5299,7687,7920,5773,2893,938,175,14
SAMPLE n=20 alpha=12 par=0,1,2,3,4,5,6,5,4,4,4,4,1,13,14,15,16,13,18,18 poly=1,20,171,829,2553,5304,7692,7909,5748,2879,940,179,15
SAMPLE n=20 alpha=11 par=0,1,2,3,4,5,6,5,4,4,1,11,12,13,14,11,1,17,18,17 poly=1,20,171,823,2473,4865,6386,5585,3182,1121,219,18
SAMPLE n=20 alpha=11 par=0,1,2,3,4,5,6,5,4,3,10,1,12,13,14,15,16,14,13,12 poly=1,20,171,822,2459,4784,6134,5125,2681,807,118,6
SAMPLE n=20 alpha=11 par=0,1,2,3,4,5,6,5,3,9,3,1,12,13,14,15,12,1,18,19 poly=1,20,171,822,2460,4800,6223,5360,3005,1042,200,16
SAMPLE n=20 alpha=11 par=0,1,2,3,4,5,6,5,3,9,1,11,12,13,14,15,12,12,12,11 poly=1,20,171,825,2501,5026,6881,6472,4131,1714,417,45
SAMPLE n=20 alpha=13 par=0,1,2,3,4,5,6,5,3,3,3,1,12,13,14,15,1,17,17,1 poly=1,20,171,827,2530,5204,7481,7693,5698,3001,1085,253,34,2
SAMPLE n=20 alpha=11 par=0,1,2,3,4,5,6,5,3,2,1,11,12,13,14,15,14,1,18,18 poly=1,20,171,822,2461,4809,6254,5416,3066,1083,215,18
SAMPLE n=20 alpha=11 par=0,1,2,3,4,5,6,5,2,9,2,2,1,13,14,15,16,17,1,19 poly=1,20,171,824,2484,4915,6505,5738,3274,1123,195,10
SAMPLE n=20 alpha=11 par=0,1,2,3,4,5,6,5,2,1,10,11,12,13,14,12,16,10,18,18 poly=1,20,171,821,2448,4741,6067,5116,2772,908,157,10
SAMPLE n=20 alpha=13 par=0,1,2,3,4,5,6,4,8,9,1,11,12,13,14,1,1,1,1,1 poly=1,20,171,832,2593,5526,8354,9078,7041,3809,1381,313,39,2
SAMPLE n=20 alpha=11 par=0,1,2,3,4,5,6,4,8,8,2,1,12,13,14,15,16,14,18,13 poly=1,20,171,821,2447,4730,6024,5040,2708,882,153,10
SAMPLE n=20 alpha=10 par=0,1,2,3,4,5,6,4,8,4,10,3,2,13,14,1,16,17,18,19 poly=1,20,171,821,2442,4676,5791,4530,2113,524,52
SAMPLE n=20 alpha=11 par=0,1,2,3,4,5,6,4,8,4,3,3,1,13,14,15,16,13,18,19 poly=1,20,171,823,2471,4846,6317,5461,3063,1059,202,16
SAMPLE n=20 alpha=10 par=0,1,2,3,4,5,6,4,8,3,10,11,1,13,14,15,16,17,15,19 poly=1,20,171,819,2418,4560,5503,4141,1834,428,40
SAMPLE n=20 alpha=11 par=0,1,2,3,4,5,6,4,8,3,10,11,1,13,14,15,16,1,18,1 poly=1,20,171,821,2445,4709,5934,4841,2474,746,120,8
SAMPLE n=20 alpha=11 par=0,1,2,3,4,5,6,4,8,3,1,11,12,13,14,11,16,17,17,16 poly=1,20,171,821,2446,4718,5966,4897,2519,751,108,4
SAMPLE n=20 alpha=12 par=0,1,2,3,4,5,6,4,8,3,1,11,12,13,14,11,1,1,1,1 poly=1,20,171,829,2552,5297,7672,7880,5728,2878,948,184,16
SAMPLE n=20 alpha=12 par=0,1,2,3,4,5,6,4,3,9,10,3,12,13,1,15,16,17,18,1 poly=1,20,171,821,2444,4702,5923,4865,2567,852,173,20,1
SAMPLE n=20 alpha=12 par=0,1,2,3,4,5,6,4,3,9,9,3,3,1,14,15,16,17,14,19 poly=1,20,171,825,2496,4973,6656,5977,3522,1297,273,28,1
SAMPLE n=20 alpha=11 par=0,1,2,3,4,5,6,3,8,9,3,2,1,13,14,15,16,1,18,1 poly=1,20,171,823,2470,4837,6281,5379,2954,979,173,12
SAMPLE n=20 alpha=11 par=0,1,2,3,4,5,6,3,8,1,10,11,12,13,10,10,10,1,18,1 poly=1,20,171,826,2510,5057,6933,6517,4150,1717,417,45
SAMPLE n=20 alpha=11 par=0,1,2,3,4,5,6,2,8,9,10,9,8,8,1,15,16,17,18,1 poly=1,20,171,822,2458,4779,6135,5174,2796,919,165,12
SAMPLE n=20 alpha=13 par=0,1,2,3,4,5,6,2,8,9,9,9,2,1,14,15,16,17,1,1 poly=1,20,171,825,2502,5045,6997,6814,4696,2270,746,157,19,1
SAMPLE n=20 alpha=12 par=0,1,2,3,4,5,6,2,8,8,2,11,11,2,2,1,16,17,18,19 poly=1,20,171,828,2530,5135,7083,6668,4236,1765,457,66,4
SAMPLE n=20 alpha=14 par=0,1,2,3,4,5,5,5,5,5,5,3,12,13,13,1,16,17,18,16 poly=1,20,171,834,2627,5752,9152,10800,9494,6192,2957,1006,231,32,2
SAMPLE n=20 alpha=14 par=0,1,2,3,4,5,5,5,5,5,4,4,3,3,3,1,16,17,18,18 poly=1,20,171,836,2646,5825,9322,11118,9983,6736,3368,1211,296,44,3
SAMPLE n=20 alpha=13 par=0,1,2,3,4,5,5,5,5,5,4,4,3,2,1,15,16,17,16,16 poly=1,20,171,834,2621,5684,8858,10135,8563,5292,2327,689,123,10
SAMPLE n=20 alpha=14 par=0,1,2,3,4,5,5,5,5,5,3,11,12,12,3,2,1,17,18,19 poly=1,20,171,831,2587,5537,8533,9712,8225,5156,2355,759,162,20,1
SAMPLE n=20 alpha=14 par=0,1,2,3,4,5,5,5,5,5,3,11,11,3,3,1,16,17,18,16 poly=1,20,171,834,2626,5744,9138,10834,9638,6390,3099,1063,243,33,2
SAMPLE n=20 alpha=14 par=0,1,2,3,4,5,5,5,5,5,3,11,11,3,1,15,16,17,16,1 poly=1,20,171,832,2601,5614,8760,10133,8761,5641,2670,906,210,30,2
SAMPLE n=20 alpha=13 par=0,1,2,3,4,5,5,5,5,5,3,11,11,2,1,15,16,17,16,1 poly=1,20,171,831,2587,5530,8471,9489,7782,4605,1906,521,84,6
SAMPLE n=20 alpha=13 par=0,1,2,3,4,5,5,5,5,5,3,11,3,2,1,15,16,17,17,1 poly=1,20,171,832,2600,5602,8700,9961,8439,5226,2299,681,122,10
SAMPLE n=20 alpha=14 par=0,1,2,3,4,5,5,5,5,5,1,11,12,13,13,13,13,12,11,1 poly=1,20,171,835,2643,5845,9450,11445,10475,7215,3674,1335,325,47,3
SAMPLE n=20 alpha=13 par=0,1,2,3,4,5,5,5,5,3,10,3,3,1,14,15,16,15,18,14 poly=1,20,171,830,2572,5441,8201,9026,7295,4266,1737,458,68,4
SAMPLE n=20 alpha=13 par=0,1,2,3,4,5,5,5,5,3,10,3,1,13,14,15,15,14,1,19 poly=1,20,171,828,2547,5314,7849,8419,6608,3752,1492,391,60,4
SAMPLE n=20 alpha=14 par=0,1,2,3,4,5,5,5,5,3,10,3,1,13,14,15,15,13,1,1 poly=1,20,171,830,2575,5477,8376,9491,8083,5176,2461,845,199,29,2
SAMPLE n=20 alpha=14 par=0,1,2,3,4,5,5,5,5,3,3,2,1,13,14,15,16,14,13,13 poly=1,20,171,830,2574,5463,8302,9286,7733,4778,2152,683,144,18,1
SAMPLE n=20 alpha=13 par=0,1,2,3,4,5,5,5,5,3,3,2,1,13,14,15,1,17,18,1 poly=1,20,171,829,2558,5365,7989,8680,6949,4064,1688,471,79,6
SAMPLE n=20 alpha=13 par=0,1,2,3,4,5,5,5,5,3,2,1,12,13,14,15,14,13,18,12 poly=1,20,171,827,2532,5220,7531,7773,5764,3022,1080,248,33,2
SAMPLE n=20 alpha=13 par=0,1,2,3,4,5,5,5,5,3,2,1,12,13,14,15,13,17,13,1 poly=1,20,171,828,2546,5300,7779,8247,6365,3542,1382,359,56,4
SAMPLE n=20 alpha=13 par=0,1,2,3,4,5,5,5,5,2,10,10,2,2,2,1,16,17,18,17 poly=1,20,171,834,2623,5703,8924,10257,8702,5396,2378,704,125,10
SAMPLE n=20 alpha=13 par=0,1,2,3,4,5,5,5,5,2,10,10,2,1,14,15,16,17,14,14 poly=1,20,171,829,2561,5392,8078,8824,7082,4142,1719,479,80,6
SAMPLE n=20 alpha=13 par=0,1,2,3,4,5,5,5,5,1,10,11,12,12,11,15,11,1,18,1 poly=1,20,171,829,2559,5366,7952,8515,6632,3720,1459,378,58,4
SAMPLE n=20 alpha=12 par=0,1,2,3,4,5,5,5,5,1,10,11,12,11,14,11,16,11,1,19 poly=1,20,171,829,2556,5331,7789,8102,5987,3064,1022,196,16
SAMPLE n=20 alpha=14 par=0,1,2,3,4,5,5,5,5,1,10,11,12,11,11,11,10,10,1,1 poly=1,20,171,834,2623,5705,8957,10409,9054,5886,2818,963,222,31,2
SAMPLE n=20 alpha=13 par=0,1,2,3,4,5,5,5,4,9,9,1,12,13,14,15,15,14,1,1 poly=1,20,171,826,2519,5151,7333,7441,5447,2875,1075,272,42,3
SAMPLE n=20 alpha=12 par=0,1,2,3,4,5,5,5,4,9,4,2,1,13,14,15,16,14,13,19 poly=1,20,171,825,2500,5016,6849,6443,4173,1828,517,85,6
SAMPLE n=20 alpha=12 par=0,1,2,3,4,5,5,5,4,9,4,2,1,13,14,15,14,13,18,18 poly=1,20,171,826,2514,5096,7095,6891,4676,2181,669,122,10
SAMPLE n=20 alpha=13 par=0,1,2,3,4,5,5,5,4,9,4,2,1,13,14,15,13,13,13,1 poly=1,20,171,830,2567,5383,7944,8431,6489,3600,1405,366,57,4
SAMPLE n=20 alpha=12 par=0,1,2,3,4,5,5,5,4,9,2,1,12,13,14,15,14,14,13,1 poly=1,20,171,826,2516,5114,7153,6979,4740,2193,655,112,8
SAMPLE n=20 alpha=13 par=0,1,2,3,4,5,5,5,4,4,3,3,3,2,2,1,16,17,18,1 poly=1,20,171,832,2587,5468,8141,8702,6717,3716,1438,370,57,4
SAMPLE n=20 alpha=13 par=0,1,2,3,4,5,5,5,4,4,2,2,1,13,14,15,16,15,13,19 poly=1,20,171,827,2531,5211,7501,7737,5794,3152,1225,325,53,4
SAMPLE n=20 alpha=15 par=0,1,2,3,4,5,5,5,4,4,2,2,1,13,14,15,15,13,13,13 poly=1,20,171,832,2602,5629,8866,10530,9629,6836,3758,1578,492,108,15,1
SAMPLE n=20 alpha=12 par=0,1,2,3,4,5,5,5,4,3,10,11,11,3,1,15,16,17,15,19 poly=1,20,171,825,2502,5042,6975,6752,4603,2185,694,134,12
SAMPLE n=20 alpha=11 par=0,1,2,3,4,5,5,5,4,3,10,11,10,3,1,15,16,17,15,19 poly=1,20,171,825,2499,5006,6801,6309,3948,1600,380,40
SAMPLE n=20 alpha=11 par=0,1,2,3,4,5,5,5,4,3,1,11,12,13,12,11,16,11,18,11 poly=1,20,171,828,2537,5197,7311,7114,4730,2065,538,64
SAMPLE n=20 alpha=13 par=0,1,2,3,4,5,5,5,4,3,1,11,12,13,11,1,16,17,1,1 poly=1,20,171,828,2540,5237,7516,7664,5598,2911,1050,248,34,2
SAMPLE n=20 alpha=14 par=0,1,2,3,4,5,5,5,3,9,9,3,3,1,14,15,16,17,17,1 poly=1,20,171,828,2545,5298,7806,8392,6701,3991,1755,555,120,16,1
SAMPLE n=20 alpha=14 par=0,1,2,3,4,5,5,5,3,9,9,3,2,1,14,15,16,16,14,14 poly=1,20,171,828,2546,5307,7842,8476,6823,4109,1834,590,129,17,1
SAMPLE n=20 alpha=13 par=0,1,2,3,4,5,5,5,3,9,9,3,1,13,14,15,14,13,13,1 poly=1,20,171,828,2543,5268,7643,7942,5965,3219,1216,304,45,3
SAMPLE n=20 alpha=13 par=0,1,2,3,4,5,5,5,3,9,2,2,2,1,14,15,16,1,18,18 poly=1,20,171,828,2541,5255,7616,7925,5974,3239,1231,310,46,3
SAMPLE n=20 alpha=14 par=0,1,2,3,4,5,5,5,3,3,3,3,3,1,14,15,16,14,18,18 poly=1,20,171,836,2651,5876,9534,11598,10668,7400,3817,1421,361,56,4
SAMPLE n=20 alpha=14 par=0,1,2,3,4,5,5,5,3,3,3,3,1,13,14,15,14,1,18,1 poly=1,20,171,833,2614,5692,9043,10798,9808,6765,3494,1312,339,54,4
SAMPLE n=20 alpha=13 par=0,1,2,3,4,5,5,5,3,2,10,11,12,1,14,15,16,16,1,1 poly=1,20,171,825,2505,5077,7136,7136,5138,2652,957,228,32,2
SAMPLE n=20 alpha=13 par=0,1,2,3,4,5,5,5,3,2,10,11,10,10,1,15,16,17,1,1 poly=1,20,171,827,2530,5207,7512,7824,5990,3384,1390,397,71,6
SAMPLE n=20 alpha=12 par=0,1,2,3,4,5,5,5,3,1,10,11,12,13,12,15,12,11,18,11 poly=1,20,171,826,2514,5096,7095,6895,4692,2202,679,123,10
SAMPLE n=20 alpha=13 par=0,1,2,3,4,5,5,5,2,9,10,2,12,2,2,1,16,17,18,16 poly=1,20,171,830,2566,5380,7944,8434,6479,3576,1386,359,56,4
SAMPLE n=20 alpha=12 par=0,1,2,3,4,5,5,5,2,9,10,2,12,1,14,15,16,14,18,18 poly=1,20,171,824,2489,4971,6758,6336,4080,1756,474,70,4
SAMPLE n=20 alpha=13 par=0,1,2,3,4,5,5,5,1,9,10,11,12,12,11,11,11,10,18,10 poly=1,20,171,829,2553,5306,7711,7989,5934,3130,1138,268,36,2
SAMPLE n=20 alpha=12 par=0,1,2,3,4,5,5,5,1,9,10,11,12,12,11,9,16,1,18,18 poly=1,20,171,824,2491,4992,6848,6546,4374,2007,601,105,8
SAMPLE n=20 alpha=13 par=0,1,2,3,4,5,5,5,1,9,10,11,12,12,10,15,16,10,10,9 poly=1,20,171,827,2530,5204,7488,7741,5830,3196,1251,333,54,4
SAMPLE n=20 alpha=12 par=0,1,2,3,4,5,5,5,1,9,10,11,12,12,10,15,9,17,18,18 poly=1,20,171,823,2479,4938,6735,6437,4347,2049,647,124,11
SAMPLE n=20 alpha=14 par=0,1,2,3,4,5,5,5,1,9,10,11,12,12,10,15,1,1,1,1 poly=1,20,171,831,2588,5545,8561,9788,8392,5398,2574,885,208,30,2
SAMPLE n=20 alpha=14 par=0,1,2,3,4,5,5,5,1,9,10,11,12,12,10,9,9,9,9,9 poly=1,20,171,836,2648,5840,9362,11161,9986,6695,3320,1184,288,43,3
SAMPLE n=20 alpha=12 par=0,1,2,3,4,5,5,5,1,9,10,11,12,11,9,1,16,17,1,19 poly=1,20,171,824,2488,4959,6705,6227,3968,1696,457,68,4
SAMPLE n=20 alpha=13 par=0,1,2,3,4,5,5,5,1,9,10,11,12,10,14,14,10,9,9,9 poly=1,20,171,829,2554,5321,7794,8217,6287,3461,1331,336,49,3
SAMPLE n=20 alpha=13 par=0,1,2,3,4,5,5,5,1,9,10,11,12,1,14,15,14,17,1,1 poly=1,20,171,826,2514,5100,7125,6988,4850,2367,789,168,20,1
SAMPLE n=20 alpha=12 par=0,1,2,3,4,5,5,4,8,8,4,2,12,1,14,15,16,17,16,16 poly=1,20,171,825,2501,5024,6867,6442,4117,1745,463,68,4
SAMPLE n=20 alpha=12 par=0,1,2,3,4,5,5,4,8,8,3,2,12,1,14,15,16,17,1,19 poly=1,20,171,822,2458,4780,6151,5254,2974,1113,268,37,2
SAMPLE n=20 alpha=12 par=0,1,2,3,4,5,5,4,8,8,3,2,2,1,14,15,16,17,14,19 poly=1,20,171,824,2487,4951,6683,6202,3965,1724,492,85,7
SAMPLE n=20 alpha=12 par=0,1,2,3,4,5,5,4,8,4,10,3,1,13,14,15,14,17,13,1 poly=1,20,171,824,2482,4889,6388,5495,3034,1035,209,23,1
SAMPLE n=20 alpha=12 par=0,1,2,3,4,5,5,4,8,3,10,11,11,2,1,15,16,17,18,17 poly=1,20,171,822,2461,4812,6281,5508,3223,1229,290,38,2
SAMPLE n=20 alpha=12 par=0,1,2,3,4,5,5,4,8,3,10,11,10,10,10,3,1,17,18,19 poly=1,20,171,827,2522,5118,7105,6820,4509,2013,582,100,8
SAMPLE n=20 alpha=13 par=0,1,2,3,4,5,5,4,8,3,10,11,3,1,14,15,16,17,17,15 poly=1,20,171,823,2474,4883,6502,5949,3803,1720,548,119,16,1
SAMPLE n=20 alpha=12 par=0,1,2,3,4,5,5,4,8,3,10,11,3,1,14,15,16,17,17,14 poly=1,20,171,823,2474,4882,6488,5880,3641,1520,413,67,5
SAMPLE n=20 alpha=12 par=0,1,2,3,4,5,5,4,8,3,10,1,12,13,14,12,12,1,18,18 poly=1,20,171,824,2486,4939,6631,6096,3855,1662,470,79,6
SAMPLE n=20 alpha=12 par=0,1,2,3,4,5,5,4,8,3,2,11,1,13,14,15,16,16,14,19 poly=1,20,171,822,2460,4799,6220,5373,3070,1138,261,34,2
SAMPLE n=20 alpha=12 par=0,1,2,3,4,5,5,4,8,2,1,11,12,13,13,11,16,17,11,19 poly=1,20,171,823,2474,4882,6492,5906,3703,1589,451,77,6
SAMPLE n=20 alpha=13 par=0,1,2,3,4,5,5,4,4,4,3,2,12,12,12,1,16,17,18,19 poly=1,20,171,828,2540,5237,7507,7613,5481,2768,948,205,24,1
SAMPLE n=20 alpha=12 par=0,1,2,3,4,5,5,4,4,2,10,11,11,10,2,15,1,17,18,19 poly=1,20,171,825,2499,5007,6809,6337,4007,1678,441,65,4
SAMPLE n=20 alpha=14 par=0,1,2,3,4,5,5,4,4,2,2,2,1,13,14,15,16,15,15,15 poly=1,20,171,832,2601,5607,8714,10032,8671,5630,2709,936,219,31,2
SAMPLE n=20 alpha=13 par=0,1,2,3,4,5,5,4,4,2,2,2,1,13,14,15,14,17,1,1 poly=1,20,171,830,2567,5387,7966,8487,6580,3702,1481,401,66,5
SAMPLE n=20 alpha=13 par=0,1,2,3,4,5,5,4,4,2,2,2,1,13,14,15,1,17,18,1 poly=1,20,171,829,2552,5300,7702,8002,5996,3223,1213,303,45,3
SAMPLE n=20 alpha=11 par=0,1,2,3,4,5,5,4,3,9,10,2,12,1,14,15,16,16,1,19 poly=1,20,171,822,2459,4790,6184,5285,2931,1007,194,16
SAMPLE n=20 alpha=11 par=0,1,2,3,4,5,5,4,3,9,10,2,1,13,14,15,16,15,15,14 poly=1,20,171,824,2487,4944,6622,5993,3601,1371,298,28
SAMPLE n=20 alpha=11 par=0,1,2,3,4,5,5,4,3,9,10,2,1,13,14,15,16,15,13,19 poly=1,20,171,822,2460,4799,6216,5342,2984,1031,198,16
SAMPLE n=20 alpha=11 par=0,1,2,3,4,5,5,4,3,9,10,2,1,13,14,15,13,17,1,1 poly=1,20,171,824,2484,4916,6519,5800,3401,1256,264,24
SAMPLE n=20 alpha=13 par=0,1,2,3,4,5,5,4,3,9,10,2,1,13,14,15,13,13,13,13 poly=1,20,171,830,2569,5409,8065,8707,6834,3847,1506,388,59,4
SAMPLE n=20 alpha=12 par=0,1,2,3,4,5,5,4,3,3,3,2,12,1,14,15,16,15,14,1 poly=1,20,171,828,2537,5205,7373,7313,5073,2410,743,132,10
SAMPLE n=20 alpha=12 par=0,1,2,3,4,5,5,4,3,3,2,1,12,13,14,15,15,1,18,1 poly=1,20,171,826,2513,5086,7047,6765,4489,2021,591,102,8
SAMPLE n=20 alpha=11 par=0,1,2,3,4,5,5,4,3,3,2,1,12,13,14,15,14,17,12,19 poly=1,20,171,824,2486,4934,6581,5905,3494,1297,271,24
SAMPLE n=20 alpha=13 par=0,1,2,3,4,5,5,4,3,1,10,11,12,11,11,11,11,10,1,1 poly=1,20,171,833,2607,5604,8608,9648,7935,4747,2014,576,100,8
SAMPLE n=20 alpha=11 par=0,1,2,3,4,5,5,4,3,1,10,11,12,11,10,15,10,17,10,1 poly=1,20,171,827,2520,5087,6941,6391,3879,1471,312,28
SAMPLE n=20 alpha=12 par=0,1,2,3,4,5,5,4,2,9,10,1,12,13,14,15,13,17,17,12 poly=1,20,171,822,2461,4811,6276,5504,3236,1257,311,45,3
SAMPLE n=20 alpha=12 par=0,1,2,3,4,5,5,4,2,9,9,1,12,13,14,13,13,12,1,1 poly=1,20,171,827,2527,5166,7293,7216,5004,2390,752,141,12
SAMPLE n=20 alpha=12 par=0,1,2,3,4,5,5,4,2,9,9,1,12,13,14,1,16,16,1,1 poly=1,20,171,827,2524,5138,7187,6998,4734,2182,654,115,9
SAMPLE n=20 alpha=11 par=0,1,2,3,4,5,5,4,2,9,1,11,12,13,14,1,16,17,16,19 poly=1,20,171,821,2445,4708,5924,4804,2408,685,93,4
SAMPLE n=20 alpha=13 par=0,1,2,3,4,5,5,4,2,2,1,11,12,13,14,13,13,12,18,18 poly=1,20,171,826,2517,5129,7237,7216,5130,2594,917,217,31,2
SAMPLE n=20 alpha=11 par=0,1,2,3,4,5,5,4,1,9,10,11,11,9,14,15,14,1,18,1 poly=1,20,171,824,2487,4948,6651,6074,3715,1457,331,33
SAMPLE n=20 alpha=13 par=0,1,2,3,4,5,5,4,1,9,10,11,11,9,14,14,9,9,1,1 poly=1,20,171,829,2551,5288,7646,7867,5809,3069,1139,284,43,3
SAMPLE n=20 alpha=12 par=0,1,2,3,4,5,5,4,1,9,10,11,11,1,14,15,16,14,18,19 poly=1,20,171,821,2448,4742,6077,5155,2847,985,199,21,1
SAMPLE n=20 alpha=12 par=0,1,2,3,4,5,5,4,1,9,10,11,10,10,10,1,16,17,18,1 poly=1,20,171,827,2531,5210,7485,7654,5584,2852,970,197,18
SAMPLE n=20 alpha=12 par=0,1,2,3,4,5,5,4,1,9,10,11,9,13,13,1,16,17,1,1 poly=1,20,171,826,2512,5080,7043,6801,4583,2119,641,114,9
SAMPLE n=20 alpha=12 par=0,1,2,3,4,5,5,4,1,9,10,11,9,9,1,15,16,17,1,1 poly=1,20,171,827,2524,5136,7172,6955,4672,2134,635,112,9
SAMPLE n=20 alpha=11 par=0,1,2,3,4,5,5,3,8,9,8,11,8,13,2,1,16,17,18,17 poly=1,20,171,823,2471,4846,6312,5430,2991,979,159,7
SAMPLE n=20 alpha=12 par=0,1,2,3,4,5,5,3,8,9,8,11,8,8,2,2,1,17,18,19 poly=1,20,171,827,2525,5150,7240,7112,4864,2258,671,113,8
SAMPLE n=20 alpha=12 par=0,1,2,3,4,5,5,3,8,9,8,11,8,2,2,1,16,17,18,18 poly=1,20,171,825,2501,5032,6930,6634,4419,2015,603,108,9
SAMPLE n=20 alpha=12 par=0,1,2,3,4,5,5,3,8,9,8,11,8,1,14,15,16,16,1,1 poly=1,20,171,825,2503,5051,7001,6771,4572,2119,646,118,10
SAMPLE n=20 alpha=12 par=0,1,2,3,4,5,5,3,8,9,8,11,3,13,2,1,16,17,18,18 poly=1,20,171,823,2471,4851,6359,5600,3295,1267,301,39,2
SAMPLE n=20 alpha=12 par=0,1,2,3,4,5,5,3,8,9,8,11,3,13,1,15,16,17,15,1 poly=1,20,171,823,2471,4849,6343,5552,3227,1220,286,37,2
SAMPLE n=20 alpha=13 par=0,1,2,3,4,5,5,3,8,9,8,11,3,3,1,15,16,17,17,15 poly=1,20,171,826,2514,5104,7162,7119,5084,2603,935,224,32,2
SAMPLE n=20 alpha=13 par=0,1,2,3,4,5,5,3,8,9,8,1,12,13,14,14,12,1,1,1 poly=1,20,171,827,2530,5202,7463,7635,5619,2964,1100,275,42,3
SAMPLE n=20 alpha=11 par=0,1,2,3,4,5,5,3,8,9,8,1,12,13,14,13,16,13,1,19 poly=1,20,171,823,2474,4877,6441,5710,3338,1230,259,24
SAMPLE n=20 alpha=13 par=0,1,2,3,4,5,5,3,8,3,1,11,12,13,14,14,12,11,11,11 poly=1,20,171,828,2544,5279,7688,8033,6074,3310,1275,332,53,4
SAMPLE n=20 alpha=12 par=0,1,2,3,4,5,5,3,8,3,1,11,12,13,14,11,16,16,11,11 poly=1,20,171,827,2527,5165,7288,7205,4991,2382,750,141,12
SAMPLE n=20 alpha=11 par=0,1,2,3,4,5,5,3,8,2,10,1,12,13,14,15,14,17,14,14 poly=1,20,171,825,2500,5012,6812,6310,3930,1581,374,40
SAMPLE n=20 alpha=13 par=0,1,2,3,4,5,5,3,8,2,1,11,12,13,14,12,12,12,11,11 poly=1,20,171,828,2540,5238,7525,7698,5669,3001,1121,282,43,3
SAMPLE n=20 alpha=13 par=0,1,2,3,4,5,5,3,3,3,3,2,12,13,1,15,16,17,18,1 poly=1,20,171,829,2553,5318,7804,8268,6360,3506,1343,337,49,3
SAMPLE n=20 alpha=13 par=0,1,2,3,4,5,5,3,3,3,3,2,1,13,14,15,16,15,13,19 poly=1,20,171,830,2568,5400,8029,8630,6748,3801,1499,391,60,4
SAMPLE n=20 alpha=13 par=0,1,2,3,4,5,5,3,3,2,10,10,2,13,1,15,16,17,16,1 poly=1,20,171,826,2510,5062,6985,6734,4614,2269,793,189,28,2
SAMPLE n=20 alpha=13 par=0,1,2,3,4,5,5,3,3,2,2,1,12,13,14,15,12,17,17,1 poly=1,20,171,826,2513,5090,7084,6897,4734,2283,757,163,20,1
SAMPLE n=20 alpha=13 par=0,1,2,3,4,5,5,3,3,1,10,11,12,11,14,11,11,10,10,1 poly=1,20,171,830,2565,5365,7876,8294,6332,3498,1370,361,57,4
SAMPLE n=20 alpha=13 par=0,1,2,3,4,5,5,3,2,2,1,11,12,13,14,13,16,13,13,13 poly=1,20,171,831,2581,5458,8144,8728,6744,3722,1431,365,56,4
SAMPLE n=20 alpha=11 par=0,1,2,3,4,5,5,3,1,9,10,11,10,13,10,15,9,17,18,17 poly=1,20,171,823,2471,4846,6317,5466,3089,1104,232,22
SAMPLE n=20 alpha=12 par=0,1,2,3,4,5,5,3,1,9,10,11,10,13,10,10,10,9,18,19 poly=1,20,171,829,2550,5274,7568,7638,5416,2655,866,172,16
SAMPLE n=20 alpha=11 par=0,1,2,3,4,5,5,3,1,9,10,11,10,13,9,15,9,17,1,19 poly=1,20,171,823,2469,4827,6249,5350,2990,1061,220,20
SAMPLE n=20 alpha=13 par=0,1,2,3,4,5,5,3,1,9,10,11,10,10,9,15,15,9,1,1 poly=1,20,171,828,2538,5222,7476,7627,5628,3017,1161,308,51,4
SAMPLE n=20 alpha=12 par=0,1,2,3,4,5,5,2,8,9,10,1,12,13,14,15,14,13,13,13 poly=1,20,171,825,2502,5038,6937,6608,4322,1878,503,70,3
SAMPLE n=20 alpha=11 par=0,1,2,3,4,5,5,2,8,9,8,1,12,13,14,15,13,17,13,19 poly=1,20,171,822,2459,4785,6143,5159,2744,864,140,8
SAMPLE n=20 alpha=12 par=0,1,2,3,4,5,5,2,8,2,1,11,12,13,12,11,11,11,11,1 poly=1,20,171,832,2589,5486,8202,8794,6752,3633,1302,279,27
SAMPLE n=20 alpha=11 par=0,1,2,3,4,5,5,2,1,9,10,11,12,11,14,11,10,17,10,19 poly=1,20,171,824,2483,4903,6453,5629,3154,1054,176,8
SAMPLE n=20 alpha=12 par=0,1,2,3,4,5,5,2,1,9,10,11,12,11,14,10,10,9,18,9 poly=1,20,171,825,2498,4997,6772,6271,3944,1643,429,63,4
SAMPLE n=20 alpha=11 par=0,1,2,3,4,5,5,2,1,9,10,11,12,10,14,1,16,17,18,18 poly=1,20,171,821,2449,4754,6132,5279,2995,1076,222,20
SAMPLE n=20 alpha=13 par=0,1,2,3,4,5,5,2,1,9,10,11,12,10,9,15,15,15,15,1 poly=1,20,171,827,2530,5206,7497,7744,5788,3103,1161,288,43,3
SAMPLE n=20 alpha=12 par=0,1,2,3,4,5,5,2,1,9,10,11,12,9,14,14,14,1,18,18 poly=1,20,171,824,2489,4976,6801,6478,4319,1985,602,109,9
SAMPLE n=20 alpha=12 par=0,1,2,3,4,5,5,2,1,9,10,11,12,9,14,14,1,17,18,18 poly=1,20,171,822,2462,4826,6353,5685,3449,1387,351,50,3
SAMPLE n=20 alpha=11 par=0,1,2,3,4,5,4,7,4,9,4,4,1,13,14,15,16,14,13,1 poly=1,20,171,829,2548,5242,7389,7137,4613,1884,430,40
SAMPLE n=20 alpha=10 par=0,1,2,3,4,5,4,7,4,9,3,11,3,13,2,1,16,17,18,1 poly=1,20,171,824,2477,4841,6195,5074,2499,644,60
SAMPLE n=20 alpha=11 par=0,1,2,3,4,5,4,7,4,9,2,11,11,2,1,15,16,17,18,15 poly=1,20,171,824,2485,4925,6549,5851,3454,1293,280,27
SAMPLE n=20 alpha=11 par=0,1,2,3,4,5,4,7,4,9,1,11,12,13,1,15,16,16,15,19 poly=1,20,171,822,2457,4762,6041,4934,2482,708,97,3
SAMPLE n=20 alpha=12 par=0,1,2,3,4,5,4,7,4,3,3,1,12,13,14,15,13,13,12,12 poly=1,20,171,828,2538,5208,7363,7253,4960,2307,697,124,10
SAMPLE n=20 alpha=11 par=0,1,2,3,4,5,4,7,3,9,10,9,9,9,1,15,16,17,16,15 poly=1,20,171,826,2512,5073,6980,6579,4180,1706,400,40
SAMPLE n=20 alpha=11 par=0,1,2,3,4,5,4,7,3,9,10,9,3,1,14,15,16,15,18,14 poly=1,20,171,823,2469,4821,6196,5167,2679,794,115,6
SAMPLE n=20 alpha=13 par=0,1,2,3,4,5,4,7,3,9,9,9,9,9,3,2,1,17,18,19 poly=1,20,171,831,2575,5413,8005,8470,6391,3352,1161,243,26,1
SAMPLE n=20 alpha=12 par=0,1,2,3,4,5,4,7,3,9,9,9,3,2,1,15,16,17,16,19 poly=1,20,171,825,2496,4975,6675,6044,3634,1389,306,31,1
SAMPLE n=20 alpha=12 par=0,1,2,3,4,5,4,7,3,9,9,9,1,13,14,15,16,1,18,18 poly=1,20,171,823,2474,4881,6475,5822,3520,1385,327,38,1
SAMPLE n=20 alpha=10 par=0,1,2,3,4,5,4,7,3,9,3,11,1,13,14,15,16,15,18,13 poly=1,20,171,822,2456,4752,6001,4847,2368,620,64
SAMPLE n=20 alpha=12 par=0,1,2,3,4,5,4,7,3,9,1,11,12,13,1,15,15,15,15,1 poly=1,20,171,827,2525,5146,7214,7048,4782,2194,637,101,6
SAMPLE n=20 alpha=12 par=0,1,2,3,4,5,4,7,3,3,2,11,12,12,11,1,16,17,18,16 poly=1,20,171,824,2485,4928,6575,5940,3608,1439,358,50,3
SAMPLE n=20 alpha=11 par=0,1,2,3,4,5,4,7,3,3,2,11,2,1,14,15,16,1,18,19 poly=1,20,171,824,2480,4875,6349,5435,2969,978,175,13
SAMPLE n=20 alpha=11 par=0,1,2,3,4,5,4,7,3,2,1,11,12,13,1,15,16,15,1,1 poly=1,20,171,826,2507,5022,6771,6130,3631,1322,257,18
SAMPLE n=20 alpha=11 par=0,1,2,3,4,5,4,7,2,9,9,2,1,13,14,15,16,13,13,1 poly=1,20,171,825,2498,4996,6759,6212,3817,1498,338,33
SAMPLE n=20 alpha=12 par=0,1,2,3,4,5,4,4,4,3,10,10,3,2,1,15,16,17,18,15 poly=1,20,171,828,2536,5198,7355,7292,5066,2422,761,142,12
SAMPLE n=20 alpha=13 par=0,1,2,3,4,5,4,4,4,2,10,11,11,11,1,15,16,17,1,19 poly=1,20,171,827,2532,5222,7542,7801,5823,3110,1152,276,37,2
SAMPLE n=20 alpha=15 par=0,1,2,3,4,5,4,4,4,2,2,2,2,2,2,2,1,17,18,19 poly=1,20,171,850,2820,6735,12030,16366,17087,13685,8331,3777,1229,269,35,2
SAMPLE n=20 alpha=14 par=0,1,2,3,4,5,4,4,4,2,2,2,1,13,14,15,13,17,18,13 poly=1,20,171,831,2586,5528,8516,9753,8425,5484,2649,920,217,31,2
SAMPLE n=20 alpha=12 par=0,1,2,3,4,5,4,4,3,9,10,1,12,13,14,15,13,1,18,18 poly=1,20,171,823,2474,4879,6459,5774,3452,1340,317,40,2
SAMPLE n=20 alpha=12 par=0,1,2,3,4,5,4,4,2,9,10,11,9,13,1,15,16,17,15,15 poly=1,20,171,824,2489,4971,6761,6363,4164,1876,560,100,8
SAMPLE n=20 alpha=12 par=0,1,2,3,4,5,4,4,2,9,10,11,9,2,1,15,16,17,18,16 poly=1,20,171,824,2488,4960,6710,6231,3957,1677,447,66,4
SAMPLE n=20 alpha=11 par=0,1,2,3,4,5,4,4,2,9,10,11,1,13,14,15,1,17,1,1 poly=1,20,171,826,2512,5076,7001,6636,4263,1778,436,48
SAMPLE n=20 alpha=11 par=0,1,2,3,4,5,4,4,2,9,10,1,12,13,14,1,16,17,18,1 poly=1,20,171,823,2473,4870,6424,5691,3320,1209,244,20
SAMPLE n=20 alpha=12 par=0,1,2,3,4,5,4,4,2,2,1,11,12,13,12,11,16,17,11,1 poly=1,20,171,827,2526,5157,7265,7178,4986,2398,763,144,12
SAMPLE n=20 alpha=11 par=0,1,2,3,4,5,4,3,8,9,2,2,1,13,14,15,13,17,13,19 poly=1,20,171,824,2484,4917,6531,5849,3491,1334,294,28
SAMPLE n=20 alpha=12 par=0,1,2,3,4,5,4,3,8,8,8,8,3,13,3,3,1,17,18,19 poly=1,20,171,833,2592,5464,8064,8473,6353,3344,1179,250,24
SAMPLE n=20 alpha=12 par=0,1,2,3,4,5,4,3,8,8,3,11,1,13,14,15,16,1,1,1 poly=1,20,171,827,2526,5159,7277,7197,4971,2329,694,116,8
SAMPLE n=20 alpha=12 par=0,1,2,3,4,5,4,3,8,8,1,11,12,13,12,11,11,1,1,1 poly=1,20,171,829,2551,5285,7618,7757,5573,2767,903,174,15
SAMPLE n=20 alpha=12 par=0,1,2,3,4,5,4,3,8,3,3,3,1,13,14,15,16,1,18,18 poly=1,20,171,829,2549,5264,7522,7512,5193,2402,692,107,6
SAMPLE n=20 alpha=12 par=0,1,2,3,4,5,4,3,8,2,10,11,11,2,2,1,16,17,18,17 poly=1,20,171,826,2512,5082,7058,6848,4662,2195,682,125,10
SAMPLE n=20 alpha=12 par=0,1,2,3,4,5,4,3,8,2,10,11,1,13,14,15,16,14,13,13 poly=1,20,171,823,2472,4857,6365,5571,3212,1186,269,35,2
SAMPLE n=20 alpha=12 par=0,1,2,3,4,5,4,3,8,2,2,2,1,13,14,15,16,13,1,1 poly=1,20,171,828,2534,5177,7264,7082,4783,2191,647,110,8
SAMPLE n=20 alpha=11 par=0,1,2,3,4,5,4,3,8,1,10,11,12,13,11,15,10,17,18,10 poly=1,20,171,822,2457,4765,6067,5017,2606,798,128,8
SAMPLE n=20 alpha=11 par=0,1,2,3,4,5,4,3,8,1,10,11,12,13,11,1,16,17,18,1 poly=1,20,171,822,2460,4801,6234,5407,3100,1136,244,24
SAMPLE n=20 alpha=12 par=0,1,2,3,4,5,4,3,2,2,2,2,1,13,14,15,1,17,1,1 poly=1,20,171,834,2607,5552,8335,8966,6914,3752,1366,300,30
SAMPLE n=20 alpha=11 par=0,1,2,3,4,5,4,3,2,1,10,11,12,13,1,15,16,17,17,15 poly=1,20,171,822,2460,4800,6224,5372,3047,1101,235,23
SAMPLE n=20 alpha=12 par=0,1,2,3,4,5,4,2,8,9,8,8,2,13,13,1,16,17,18,16 poly=1,20,171,825,2497,4990,6753,6243,3917,1626,423,62,4
SAMPLE n=20 alpha=11 par=0,1,2,3,4,5,4,2,8,9,8,8,1,13,14,15,13,17,1,1 poly=1,20,171,825,2498,4998,6776,6269,3912,1582,376,40
SAMPLE n=20 alpha=12 par=0,1,2,3,4,5,4,2,2,1,10,11,12,13,11,15,10,17,18,10 poly=1,20,171,824,2487,4953,6703,6279,4110,1864,560,100,8
SAMPLE n=20 alpha=11 par=0,1,2,3,4,5,4,1,8,9,10,8,12,13,1,15,15,1,18,1 poly=1,20,171,825,2493,4944,6541,5734,3225,1085,189,12
SAMPLE n=20 alpha=13 par=0,1,2,3,4,5,3,7,7,7,7,3,3,2,2,1,16,17,18,1 poly=1,20,171,832,2585,5453,8098,8640,6669,3697,1435,370,57,4
SAMPLE n=20 alpha=12 par=0,1,2,3,4,5,3,7,7,2,10,11,1,13,14,15,1,1,1,1 poly=1,20,171,829,2551,5293,7674,7902,5750,2880,940,179,15
SAMPLE n=20 alpha=12 par=0,1,2,3,4,5,3,7,3,2,2,1,12,13,14,1,16,17,17,17 poly=1,20,171,826,2513,5090,7081,6873,4655,2153,643,110,8
SAMPLE n=20 alpha=12 par=0,1,2,3,4,5,3,3,3,2,10,11,12,2,14,15,1,17,18,19 poly=1,20,171,825,2495,4972,6691,6138,3820,1570,399,55,3
SAMPLE n=20 alpha=11 par=0,1,2,3,4,5,2,7,8,9,2,1,12,13,14,15,12,12,1,1 poly=1,20,171,825,2496,4978,6695,6094,3693,1423,314,30
SAMPLE n=20 alpha=12 par=0,1,2,3,4,5,2,7,7,2,2,2,1,13,14,15,16,1,18,1 poly=1,20,171,830,2555,5268,7474,7357,4979,2247,634,98,6
SAMPLE n=20 alpha=12 par=0,1,2,3,4,5,2,7,7,1,10,11,12,13,1,15,16,17,16,16 poly=1,20,171,822,2461,4812,6279,5495,3192,1196,274,35,2
SAMPLE n=20 alpha=15 par=0,1,2,3,4,4,4,4,4,4,4,4,2,1,14,15,16,16,14,19 poly=1,20,171,847,2786,6560,11479,15174,15281,11753,6873,3015,966,215,30,2
SAMPLE n=20 alpha=15 par=0,1,2,3,4,4,4,4,4,4,4,4,1,13,14,14,14,13,1,19 poly=1,20,171,849,2812,6688,11837,15848,16155,12523,7309,3143,957,192,22,1
SAMPLE n=20 alpha=15 par=0,1,2,3,4,4,4,4,4,4,4,4,1,13,14,13,13,1,1,1 poly=1,20,171,853,2863,6953,12669,17636,18911,15631,9889,4709,1636,392,58,4
SAMPLE n=20 alpha=13 par=0,1,2,3,4,4,4,4,4,4,3,11,11,3,14,1,16,17,18,17 poly=1,20,171,836,2640,5765,9065,10460,8857,5423,2333,669,115,9
SAMPLE n=20 alpha=14 par=0,1,2,3,4,4,4,4,4,4,3,11,11,1,14,15,16,16,15,15 poly=1,20,171,837,2662,5918,9606,11633,10572,7174,3581,1277,308,45,3
SAMPLE n=20 alpha=13 par=0,1,2,3,4,4,4,4,4,4,3,11,11,1,14,15,14,1,18,1 poly=1,20,171,837,2659,5886,9458,11237,9881,6347,2895,889,165,14
SAMPLE n=20 alpha=13 par=0,1,2,3,4,4,4,4,4,4,2,11,12,11,2,15,16,1,18,19 poly=1,20,171,835,2635,5770,9138,10640,9084,5598,2418,693,118,9
SAMPLE n=20 alpha=13 par=0,1,2,3,4,4,4,4,4,4,2,11,11,2,14,1,16,17,18,1 poly=1,20,171,836,2648,5838,9334,11001,9535,5990,2650,782,138,11
SAMPLE n=20 alpha=12 par=0,1,2,3,4,4,4,4,4,3,2,11,1,13,14,15,14,13,18,13 poly=1,20,171,832,2594,5531,8373,9151,7200,3980,1465,322,32
SAMPLE n=20 alpha=13 par=0,1,2,3,4,4,4,4,4,3,2,11,1,13,14,13,16,13,1,1 poly=1,20,171,834,2618,5650,8706,9752,7947,4637,1872,492,75,5
SAMPLE n=20 alpha=14 par=0,1,2,3,4,4,4,4,4,2,10,1,12,13,13,13,12,1,1,1 poly=1,20,171,837,2666,5960,9792,12120,11416,8171,4385,1714,462,77,6
SAMPLE n=20 alpha=12 par=0,1,2,3,4,4,4,4,3,9,3,2,12,13,13,1,16,17,1,19 poly=1,20,171,828,2538,5221,7459,7539,5406,2702,897,178,16
SAMPLE n=20 alpha=13 par=0,1,2,3,4,4,4,4,3,9,3,2,2,1,14,15,14,17,14,14 poly=1,20,171,834,2618,5655,8756,9954,8389,5215,2337,718,136,12
SAMPLE n=20 alpha=12 par=0,1,2,3,4,4,4,4,3,9,3,2,1,13,14,13,16,13,1,19 poly=1,20,171,830,2562,5331,7718,7886,5674,2805,896,162,12
SAMPLE n=20 alpha=14 par=0,1,2,3,4,4,4,4,3,3,3,2,12,13,2,1,16,17,18,18 poly=1,20,171,832,2589,5493,8267,9047,7295,4343,1889,585,123,16,1
SAMPLE n=20 alpha=15 par=0,1,2,3,4,4,4,4,3,3,3,2,12,12,12,1,16,17,1,1 poly=1,20,171,835,2632,5753,9151,10955,10088,7222,4015,1708,538,118,16,1
SAMPLE n=20 alpha=14 par=0,1,2,3,4,4,4,4,3,3,3,2,2,1,14,15,16,14,18,19 poly=1,20,171,832,2589,5491,8255,9015,7246,4297,1863,577,122,16,1
SAMPLE n=20 alpha=14 par=0,1,2,3,4,4,4,4,3,3,3,2,2,1,14,15,16,14,14,1 poly=1,20,171,835,2628,5699,8871,10164,8686,5549,2624,895,209,30,2
SAMPLE n=20 alpha=14 par=0,1,2,3,4,4,4,4,3,3,3,2,1,13,14,15,13,1,18,18 poly=1,20,171,832,2590,5499,8282,9069,7317,4358,1895,586,123,16,1
SAMPLE n=20 alpha=13 par=0,1,2,3,4,4,4,4,3,3,3,2,1,13,14,15,1,17,1,19 poly=1,20,171,832,2587,5465,8121,8645,6621,3604,1342,313,37,1
SAMPLE n=20 alpha=13 par=0,1,2,3,4,4,4,4,3,3,2,1,12,13,14,14,13,17,13,1 poly=1,20,171,831,2580,5451,8132,8739,6806,3809,1491,386,59,4
SAMPLE n=20 alpha=12 par=0,1,2,3,4,4,4,4,3,3,2,1,12,13,14,13,16,1,18,19 poly=1,20,171,828,2539,5225,7452,7477,5272,2557,809,149,12
SAMPLE n=20 alpha=15 par=0,1,2,3,4,4,4,4,3,2,10,10,10,10,10,1,16,17,17,17 poly=1,20,171,837,2669,5993,9934,12493,12083,9011,5141,2200,681,143,18,1
SAMPLE n=20 alpha=14 par=0,1,2,3,4,4,4,4,3,2,10,10,10,2,2,2,1,17,18,1 poly=1,20,171,837,2651,5817,9218,10809,9481,6212,2997,1032,239,33,2
SAMPLE n=20 alpha=14 par=0,1,2,3,4,4,4,4,3,2,10,10,2,13,1,15,16,16,1,1 poly=1,20,171,831,2579,5454,8192,8974,7269,4365,1927,610,131,17,1
SAMPLE n=20 alpha=12 par=0,1,2,3,4,4,4,4,3,2,10,10,2,1,14,15,16,15,18,1 poly=1,20,171,829,2553,5306,7704,7944,5811,2949,985,194,17
SAMPLE n=20 alpha=14 par=0,1,2,3,4,4,4,4,3,2,2,1,12,13,14,14,14,12,18,12 poly=1,20,171,832,2601,5616,8792,10294,9162,6221,3192,1205,317,52,4
SAMPLE n=20 alpha=13 par=0,1,2,3,4,4,4,4,3,1,10,11,11,11,10,15,10,1,18,18 poly=1,20,171,831,2582,5475,8245,9024,7243,4241,1771,502,87,7
SAMPLE n=20 alpha=14 par=0,1,2,3,4,4,4,4,3,1,10,11,11,10,10,10,10,1,18,18 poly=1,20,171,836,2647,5825,9301,11052,9889,6661,3333,1202,295,44,3
SAMPLE n=20 alpha=12 par=0,1,2,3,4,4,4,4,2,9,2,11,2,13,1,15,16,17,16,16 poly=1,20,171,831,2582,5476,8241,8975,7078,3953,1481,333,34
SAMPLE n=20 alpha=13 par=0,1,2,3,4,4,4,4,2,9,2,11,2,1,14,15,16,16,15,15 poly=1,20,171,832,2598,5577,8585,9701,8099,4940,2133,614,105,8
SAMPLE n=20 alpha=13 par=0,1,2,3,4,4,4,4,2,9,2,11,2,1,14,15,15,15,14,19 poly=1,20,171,832,2598,5582,8627,9840,8355,5239,2363,727,137,12
SAMPLE n=20 alpha=14 par=0,1,2,3,4,4,4,4,2,9,1,11,12,12,12,11,16,11,11,11 poly=1,20,171,836,2647,5828,9328,11150,10086,6910,3543,1322,340,54,4
SAMPLE n=20 alpha=13 par=0,1,2,3,4,4,4,4,2,9,1,11,12,11,1,15,1,1,1,1 poly=1,20,171,839,2678,5959,9622,11511,10261,6755,3196,1028,201,18
SAMPLE n=20 alpha=14 par=0,1,2,3,4,4,4,4,2,2,1,11,12,12,11,15,11,11,1,19 poly=1,20,171,833,2608,5622,8727,10039,8679,5637,2711,936,219,31,2
SAMPLE n=20 alpha=14 par=0,1,2,3,4,4,4,3,8,8,3,3,3,3,1,15,16,1,18,19 poly=1,20,171,836,2632,5684,8735,9757,8002,4819,2107,651,135,17,1
SAMPLE n=20 alpha=14 par=0,1,2,3,4,4,4,3,8,8,3,3,2,2,1,15,16,16,16,1 poly=1,20,171,833,2602,5562,8473,9434,7777,4751,2124,674,143,18,1
SAMPLE n=20 alpha=15 par=0,1,2,3,4,4,4,3,8,8,2,2,2,1,14,15,15,1,1,1 poly=1,20,171,834,2618,5674,8910,10495,9491,6671,3648,1534,482,107,15,1
SAMPLE n=20 alpha=11 par=0,1,2,3,4,4,4,3,8,3,10,3,12,3,14,1,16,17,18,17 poly=1,20,171,830,2550,5210,7215,6764,4212,1669,381,37
SAMPLE n=20 alpha=12 par=0,1,2,3,4,4,4,3,8,3,10,3,12,3,2,1,16,17,18,16 poly=1,20,171,831,2564,5294,7494,7325,4918,2227,652,112,9
SAMPLE n=20 alpha=12 par=0,1,2,3,4,4,4,3,8,3,10,3,12,2,14,14,1,17,18,19 poly=1,20,171,827,2516,5058,6866,6325,3921,1589,389,47,1
SAMPLE n=20 alpha=13 par=0,1,2,3,4,4,4,3,8,3,10,3,3,1,14,15,16,14,14,1 poly=1,20,171,833,2598,5511,8221,8774,6735,3695,1418,363,56,4
SAMPLE n=20 alpha=12 par=0,1,2,3,4,4,4,3,8,3,10,3,2,2,1,15,16,17,17,1 poly=1,20,171,830,2558,5297,7597,7654,5420,2655,862,168,15
SAMPLE n=20 alpha=12 par=0,1,2,3,4,4,4,3,8,3,2,1,12,13,14,14,13,17,17,1 poly=1,20,171,827,2526,5155,7253,7150,4952,2376,758,146,13
SAMPLE n=20 alpha=12 par=0,1,2,3,4,4,4,3,8,2,10,10,10,2,14,2,16,1,18,19 poly=1,20,171,829,2544,5223,7398,7352,5150,2509,814,159,14
SAMPLE n=20 alpha=12 par=0,1,2,3,4,4,4,3,8,2,10,10,1,13,14,15,15,14,1,19 poly=1,20,171,825,2501,5031,6926,6633,4428,2024,603,105,8
SAMPLE n=20 alpha=14 par=0,1,2,3,4,4,4,3,3,3,2,11,12,12,12,1,16,17,16,16 poly=1,20,171,832,2597,5570,8569,9710,8220,5215,2458,840,198,29,2
SAMPLE n=20 alpha=13 par=0,1,2,3,4,4,4,3,3,3,2,11,12,2,2,1,16,17,18,17 poly=1,20,171,832,2586,5460,8116,8665,6698,3735,1475,395,65,5
SAMPLE n=20 alpha=13 par=0,1,2,3,4,4,4,3,3,3,2,11,11,1,14,15,15,14,1,19 poly=1,20,171,830,2564,5360,7870,8303,6367,3547,1411,383,64,5
SAMPLE n=20 alpha=12 par=0,1,2,3,4,4,4,3,3,3,2,11,2,13,2,1,16,17,18,1 poly=1,20,171,832,2580,5399,7857,8057,5820,2917,976,199,19
SAMPLE n=20 alpha=13 par=0,1,2,3,4,4,4,3,3,2,1,11,12,11,14,1,16,17,1,1 poly=1,20,171,830,2561,5325,7708,7902,5769,2980,1064,249,34,2
SAMPLE n=20 alpha=13 par=0,1,2,3,4,4,4,3,2,9,10,2,1,13,14,15,14,1,1,1 poly=1,20,171,830,2565,5372,7922,8412,6488,3614,1419,372,58,4
SAMPLE n=20 alpha=12 par=0,1,2,3,4,4,4,3,2,9,10,2,1,13,14,13,16,13,1,19 poly=1,20,171,827,2523,5126,7134,6883,4595,2082,610,104,8
SAMPLE n=20 alpha=13 par=0,1,2,3,4,4,4,3,1,9,10,11,11,11,1,15,16,17,17,1 poly=1,20,171,827,2535,5254,7676,8095,6214,3450,1352,355,56,4
SAMPLE n=20 alpha=13 par=0,1,2,3,4,4,4,3,1,9,10,11,11,10,14,14,9,17,17,9 poly=1,20,171,827,2528,5179,7367,7440,5399,2818,1043,263,41,3
SAMPLE n=20 alpha=12 par=0,1,2,3,4,4,4,3,1,9,10,11,11,10,14,9,16,17,16,9 poly=1,20,171,826,2513,5085,7044,6768,4510,2052,612,109,9
SAMPLE n=20 alpha=12 par=0,1,2,3,4,4,4,3,1,9,10,11,11,10,9,15,16,15,1,19 poly=1,20,171,825,2501,5027,6890,6507,4208,1813,489,72,4
SAMPLE n=20 alpha=14 par=0,1,2,3,4,4,4,3,1,9,10,11,10,9,14,14,14,14,14,1 poly=1,20,171,833,2611,5653,8846,10264,8912,5768,2740,928,213,30,2
SAMPLE n=20 alpha=12 par=0,1,2,3,4,4,4,3,1,9,10,11,10,1,14,15,14,17,14,14 poly=1,20,171,828,2540,5231,7455,7436,5161,2427,728,122,8
SAMPLE n=20 alpha=14 par=0,1,2,3,4,4,4,3,1,9,10,11,9,9,9,1,16,16,16,16 poly=1,20,171,833,2612,5666,8912,10461,9289,6241,3131,1138,283,43,3
SAMPLE n=20 alpha=13 par=0,1,2,3,4,4,4,2,8,8,8,1,12,13,14,1,16,17,17,16 poly=1,20,171,826,2518,5146,7327,7433,5404,2781,978,218,26,1
SAMPLE n=20 alpha=12 par=0,1,2,3,4,4,4,2,8,2,10,1,12,13,1,15,16,1,18,19 poly=1,20,171,825,2496,4983,6743,6269,4003,1711,459,70,5
SAMPLE n=20 alpha=14 par=0,1,2,3,4,4,4,2,1,9,10,11,11,10,14,14,10,10,10,10 poly=1,20,171,837,2653,5826,9226,10783,9403,6116,2929,1002,231,32,2
SAMPLE n=20 alpha=13 par=0,1,2,3,4,4,4,2,1,9,10,11,11,10,14,10,16,9,9,1 poly=1,20,171,828,2538,5217,7437,7503,5409,2774,987,231,32,2
SAMPLE n=20 alpha=13 par=0,1,2,3,4,4,4,2,1,9,10,11,10,13,10,15,9,1,18,18 poly=1,20,171,826,2513,5087,7063,6846,4677,2248,742,160,20,1
SAMPLE n=20 alpha=13 par=0,1,2,3,4,4,4,2,1,9,10,11,10,13,10,10,1,17,1,1 poly=1,20,171,832,2595,5546,8454,9400,7686,4594,1961,568,100,8
SAMPLE n=20 alpha=14 par=0,1,2,3,4,4,4,2,1,9,10,11,10,10,9,1,16,16,16,16 poly=1,20,171,831,2586,5525,8485,9646,8242,5304,2541,880,208,30,2
SAMPLE n=20 alpha=13 par=0,1,2,3,4,4,4,2,1,9,10,11,10,9,14,9,16,9,9,9 poly=1,20,171,836,2637,5728,8903,10122,8499,5255,2345,719,136,12
SAMPLE n=20 alpha=12 par=0,1,2,3,4,4,3,7,7,3,2,11,12,1,14,15,16,16,15,14 poly=1,20,171,825,2498,4995,6758,6232,3890,1606,418,62,4
SAMPLE n=20 alpha=12 par=0,1,2,3,4,4,3,7,7,3,2,11,12,1,14,15,16,14,18,14 poly=1,20,171,825,2497,4985,6718,6150,3798,1550,401,60,4
SAMPLE n=20 alpha=12 par=0,1,2,3,4,4,3,7,7,3,2,11,1,13,14,15,15,1,18,19 poly=1,20,171,824,2484,4919,6545,5890,3559,1406,341,44,2
SAMPLE n=20 alpha=14 par=0,1,2,3,4,4,3,7,7,3,2,11,1,13,14,14,1,1,1,1 poly=1,20,171,833,2604,5586,8584,9700,8145,5063,2291,730,154,19,1
SAMPLE n=20 alpha=11 par=0,1,2,3,4,4,3,7,3,9,3,2,12,13,12,1,16,17,18,17 poly=1,20,171,826,2506,5011,6721,6013,3482,1222,227,16
SAMPLE n=20 alpha=12 par=0,1,2,3,4,4,3,7,3,9,3,2,2,2,1,15,16,15,18,15 poly=1,20,171,832,2583,5425,7959,8286,6130,3166,1086,221,20
SAMPLE n=20 alpha=11 par=0,1,2,3,4,4,3,7,3,9,3,2,1,13,14,15,15,14,18,14 poly=1,20,171,828,2533,5152,7112,6655,4126,1608,353,33
SAMPLE n=20 alpha=13 par=0,1,2,3,4,4,3,7,3,3,3,2,12,1,14,15,15,14,14,14 poly=1,20,171,835,2627,5677,8734,9739,7901,4617,1891,514,83,6
SAMPLE n=20 alpha=12 par=0,1,2,3,4,4,3,7,3,3,2,1,12,13,14,13,1,17,17,17 poly=1,20,171,829,2551,5283,7600,7702,5491,2700,872,166,14
SAMPLE n=20 alpha=13 par=0,1,2,3,4,4,3,7,3,2,10,10,10,10,2,2,1,17,18,19 poly=1,20,171,832,2584,5443,8054,8534,6514,3551,1344,333,48,3
SAMPLE n=20 alpha=13 par=0,1,2,3,4,4,3,7,3,2,10,10,10,10,1,15,16,1,18,18 poly=1,20,171,829,2553,5315,7775,8167,6186,3329,1227,289,38,2
SAMPLE n=20 alpha=13 par=0,1,2,3,4,4,3,7,3,2,10,10,10,2,2,2,1,17,18,1 poly=1,20,171,834,2603,5516,8201,8700,6616,3579,1344,332,48,3
SAMPLE n=20 alpha=11 par=0,1,2,3,4,4,3,7,2,9,2,11,2,13,1,15,16,16,1,19 poly=1,20,171,826,2503,4987,6653,5941,3496,1307,284,28
SAMPLE n=20 alpha=11 par=0,1,2,3,4,4,3,7,2,9,1,11,12,11,1,15,16,1,18,18 poly=1,20,171,824,2480,4878,6377,5533,3131,1109,224,20
SAMPLE n=20 alpha=15 par=0,1,2,3,4,4,3,3,3,3,3,3,1,13,14,15,15,14,1,1 poly=1,20,171,843,2733,6274,10637,13620,13302,9919,5605,2357,713,146,18,1
SAMPLE n=20 alpha=13 par=0,1,2,3,4,4,3,3,3,2,10,11,11,10,1,15,16,17,15,15 poly=1,20,171,829,2554,5318,7762,8102,6087,3268,1224,304,45,3
SAMPLE n=20 alpha=12 par=0,1,2,3,4,4,3,3,3,2,10,11,10,1,14,15,16,1,18,19 poly=1,20,171,826,2510,5060,6957,6598,4303,1890,532,86,6
SAMPLE n=20 alpha=13 par=0,1,2,3,4,4,3,3,3,1,10,11,12,11,11,1,16,17,16,19 poly=1,20,171,828,2542,5254,7565,7725,5624,2898,1032,241,33,2
SAMPLE n=20 alpha=14 par=0,1,2,3,4,4,3,3,3,1,10,11,12,11,1,15,15,15,1,1 poly=1,20,171,833,2607,5610,8661,9853,8383,5354,2544,876,207,30,2
SAMPLE n=20 alpha=14 par=0,1,2,3,4,4,3,3,3,1,10,11,12,10,14,14,14,14,1,1 poly=1,20,171,833,2611,5654,8866,10371,9184,6164,3096,1129,282,43,3
SAMPLE n=20 alpha=13 par=0,1,2,3,4,4,3,3,2,9,1,11,12,13,13,1,16,16,16,1 poly=1,20,171,828,2539,5229,7484,7586,5482,2807,995,232,32,2
SAMPLE n=20 alpha=14 par=0,1,2,3,4,4,3,3,1,9,10,10,9,1,14,14,14,14,14,1 poly=1,20,171,835,2633,5750,9071,10584,9220,5981,2848,967,222,31,2
SAMPLE n=20 alpha=12 par=0,1,2,3,4,4,3,3,1,9,10,9,1,13,13,1,16,16,1,19 poly=1,20,171,829,2544,5215,7335,7149,4807,2183,638,108,8
SAMPLE n=20 alpha=14 par=0,1,2,3,4,4,3,3,1,9,10,1,12,12,12,1,16,1,1,1 poly=1,20,171,838,2659,5835,9209,10697,9249,5956,2824,959,221,31,2
SAMPLE n=20 alpha=11 par=0,1,2,3,4,4,3,2,8,9,8,11,8,2,14,14,1,17,18,19 poly=1,20,171,825,2493,4948,6574,5841,3399,1234,252,22
SAMPLE n=20 alpha=12 par=0,1,2,3,4,4,3,2,8,9,2,11,11,1,14,15,16,14,18,18 poly=1,20,171,824,2484,4919,6544,5882,3538,1383,330,42,2
SAMPLE n=20 alpha=13 par=0,1,2,3,4,4,3,2,8,8,2,11,11,1,14,15,1,17,18,1 poly=1,20,171,826,2506,5024,6835,6408,4184,1915,611,131,17,1
SAMPLE n=20 alpha=12 par=0,1,2,3,4,4,3,1,8,9,10,10,8,13,14,13,8,17,8,8 poly=1,20,171,830,2561,5326,7710,7889,5710,2876,965,195,18
SAMPLE n=20 alpha=13 par=0,1,2,3,4,4,3,1,8,9,10,10,8,13,13,1,16,17,17,17 poly=1,20,171,825,2506,5087,7174,7210,5224,2715,986,236,33,2
SAMPLE n=20 alpha=12 par=0,1,2,3,4,4,3,1,8,9,10,9,12,8,14,15,14,14,14,14 poly=1,20,171,830,2565,5364,7850,8149,5965,2992,968,179,14
SAMPLE n=20 alpha=13 par=0,1,2,3,4,4,3,1,8,9,10,9,9,1,14,14,14,1,18,18 poly=1,20,171,828,2541,5251,7579,7798,5755,3019,1094,258,35,2
SAMPLE n=20 alpha=12 par=0,1,2,3,4,4,3,1,8,9,10,8,12,8,14,8,1,17,18,18 poly=1,20,171,826,2510,5055,6917,6475,4111,1724,452,66,4
SAMPLE n=20 alpha=14 par=0,1,2,3,4,4,2,7,8,8,2,2,2,2,1,15,16,15,18,15 poly=1,20,171,836,2645,5823,9344,11217,10167,6942,3530,1304,333,53,4
SAMPLE n=20 alpha=12 par=0,1,2,3,4,4,2,7,8,7,10,7,7,2,14,2,1,17,18,19 poly=1,20,171,829,2543,5209,7320,7129,4794,2183,643,110,8
SAMPLE n=20 alpha=12 par=0,1,2,3,4,4,2,7,8,7,7,2,12,12,1,15,16,1,18,18 poly=1,20,171,826,2509,5055,6959,6649,4415,2002,592,103,8
SAMPLE n=20 alpha=13 par=0,1,2,3,4,4,2,7,8,2,2,1,12,13,14,13,12,17,12,12 poly=1,20,171,830,2566,5382,7973,8566,6764,3913,1618,453,77,6
SAMPLE n=20 alpha=12 par=0,1,2,3,4,4,2,7,1,9,10,11,10,10,10,9,1,17,18,18 poly=1,20,171,827,2528,5179,7357,7376,5234,2590,857,172,16
SAMPLE n=20 alpha=15 par=0,1,2,3,4,4,2,2,2,2,1,11,12,13,12,15,11,11,11,11 poly=1,20,171,838,2676,6013,9993,12640,12312,9235,5279,2252,692,144,18,1
SAMPLE n=20 alpha=14 par=0,1,2,3,4,4,2,2,2,2,1,11,12,13,11,15,16,11,18,19 poly=1,20,171,830,2569,5419,8148,8986,7346,4437,1957,615,131,17,1
SAMPLE n=20 alpha=13 par=0,1,2,3,4,4,2,2,1,9,10,9,12,1,14,1,16,1,1,1 poly=1,20,171,836,2625,5616,8452,9092,7025,3879,1502,389,60,4
SAMPLE n=20 alpha=14 par=0,1,2,3,4,4,2,2,1,9,10,9,9,9,1,15,15,15,15,1 poly=1,20,171,835,2630,5734,9062,10687,9546,6474,3300,1232,320,52,4
SAMPLE n=20 alpha=11 par=0,1,2,3,4,4,1,7,8,9,8,11,8,13,1,15,16,1,18,18 poly=1,20,171,824,2484,4915,6508,5760,3335,1201,241,20
SAMPLE n=20 alpha=12 par=0,1,2,3,4,4,1,7,8,9,8,11,7,13,13,13,7,17,1,19 poly=1,20,171,825,2495,4971,6685,6125,3807,1562,393,51,2
SAMPLE n=20 alpha=12 par=0,1,2,3,4,4,1,7,8,9,8,11,7,13,1,15,15,15,15,1 poly=1,20,171,828,2538,5220,7449,7503,5342,2638,859,165,14
SAMPLE n=20 alpha=12 par=0,1,2,3,4,4,1,7,8,9,8,8,8,8,7,15,16,1,18,19 poly=1,20,171,829,2552,5300,7691,7923,5775,2907,959,186,16
SAMPLE n=20 alpha=12 par=0,1,2,3,4,4,1,7,8,9,8,8,8,7,14,15,1,17,18,18 poly=1,20,171,826,2515,5113,7184,7111,4977,2426,789,155,14
SAMPLE n=20 alpha=13 par=0,1,2,3,4,4,1,7,8,9,8,8,8,1,14,15,16,15,1,1 poly=1,20,171,830,2572,5446,8238,9139,7504,4525,1950,568,100,8
SAMPLE n=20 alpha=12 par=0,1,2,3,4,4,1,7,8,9,8,8,8,1,14,15,14,14,1,19 poly=1,20,171,829,2554,5317,7751,8050,5956,3076,1055,216,20
SAMPLE n=20 alpha=14 par=0,1,2,3,4,4,1,7,8,9,8,8,7,13,13,13,13,7,7,7 poly=1,20,171,836,2635,5719,8901,10189,8697,5551,2624,895,209,30,2
SAMPLE n=20 alpha=12 par=0,1,2,3,4,4,1,7,8,9,8,8,7,1,14,15,16,15,15,14 poly=1,20,171,826,2514,5094,7067,6774,4447,1938,524,76,4
SAMPLE n=20 alpha=14 par=0,1,2,3,4,4,1,7,8,9,8,8,1,13,13,13,13,13,13,13 poly=1,20,171,842,2724,6239,10526,13326,12735,9155,4884,1880,495,80,6
SAMPLE n=20 alpha=12 par=0,1,2,3,4,4,1,7,8,9,8,7,12,12,12,12,1,17,18,17 poly=1,20,171,827,2529,5195,7444,7599,5541,2828,960,195,18
SAMPLE n=20 alpha=12 par=0,1,2,3,4,4,1,7,8,9,8,7,1,13,14,14,13,17,1,1 poly=1,20,171,827,2523,5130,7163,6966,4717,2185,663,120,10
SAMPLE n=20 alpha=11 par=0,1,2,3,4,3,6,3,8,3,1,11,12,13,1,15,16,16,15,19 poly=1,20,171,825,2496,4970,6633,5913,3439,1245,257,24
SAMPLE n=20 alpha=13 par=0,1,2,3,4,3,6,3,3,3,3,2,12,12,2,2,1,17,18,17 poly=1,20,171,839,2666,5848,9173,10465,8707,5226,2202,618,104,8
SAMPLE n=20 alpha=14 par=0,1,2,3,4,3,6,3,3,1,10,11,1,13,1,1,1,1,1,1 poly=1,20,171,850,2810,6631,11584,15228,15125,11291,6237,2472,664,108,8
SAMPLE n=20 alpha=13 par=0,1,2,3,4,3,6,3,2,9,9,9,9,9,9,1,16,17,16,1 poly=1,20,171,837,2657,5874,9422,11163,9763,6207,2783,833,149,12
SAMPLE n=20 alpha=12 par=0,1,2,3,4,3,6,3,2,9,9,9,1,13,14,15,14,17,1,1 poly=1,20,171,827,2526,5164,7324,7377,5334,2742,959,205,20
SAMPLE n=20 alpha=13 par=0,1,2,3,4,3,6,3,2,2,2,2,2,1,14,15,16,15,18,14 poly=1,20,171,836,2636,5719,8858,9966,8142,4745,1904,496,75,5
SAMPLE n=20 alpha=12 par=0,1,2,3,4,3,6,2,8,9,8,8,8,2,1,15,16,17,16,15 poly=1,20,171,828,2535,5183,7269,7046,4673,2056,565,87,6
SAMPLE n=20 alpha=14 par=0,1,2,3,4,3,6,2,8,8,8,8,8,8,8,1,16,17,16,16 poly=1,20,171,842,2721,6210,10400,12979,12089,8329,4156,1444,325,41,2
SAMPLE n=20 alpha=13 par=0,1,2,3,4,3,6,2,8,8,8,8,1,13,14,15,14,14,14,1 poly=1,20,171,831,2584,5501,8375,9364,7772,4763,2103,634,117,10
SAMPLE n=20 alpha=14 par=0,1,2,3,4,3,6,2,8,8,2,2,2,2,2,2,1,17,18,1 poly=1,20,171,847,2751,6242,10226,12267,10781,6868,3101,955,188,21,1
SAMPLE n=20 alpha=13 par=0,1,2,3,4,3,6,2,2,1,10,11,12,11,14,1,16,16,16,16 poly=1,20,171,828,2540,5240,7531,7686,5585,2837,964,203,23,1
SAMPLE n=20 alpha=14 par=0,1,2,3,4,3,6,2,2,1,10,11,12,10,10,10,10,10,1,19 poly=1,20,171,836,2639,5753,9017,10377,8807,5467,2442,762,157,19,1
SAMPLE n=20 alpha=13 par=0,1,2,3,4,3,6,2,2,1,10,11,12,10,10,10,10,1,18,19 poly=1,20,171,831,2576,5422,8049,8608,6658,3669,1394,344,49,3
SAMPLE n=20 alpha=12 par=0,1,2,3,4,3,6,2,2,1,10,11,12,10,1,15,16,15,15,1 poly=1,20,171,827,2519,5086,6968,6513,4114,1711,445,65,4
SAMPLE n=20 alpha=13 par=0,1,2,3,4,3,6,1,8,9,8,8,1,13,13,13,13,13,1,19 poly=1,20,171,833,2601,5554,8429,9267,7382,4176,1605,386,49,2
SAMPLE n=20 alpha=16 par=0,1,2,3,4,3,3,3,3,3,3,1,12,13,1,1,1,1,1,1 poly=1,20,171,858,2928,7336,14035,20925,24524,22608,16303,9087,3835,1184,252,33,2
SAMPLE n=20 alpha=14 par=0,1,2,3,4,3,3,3,3,3,1,11,12,13,12,12,11,17,1,1 poly=1,20,171,838,2673,5966,9727,11851,10880,7510,3849,1425,361,56,4
SAMPLE n=20 alpha=13 par=0,1,2,3,4,3,3,3,3,3,1,11,12,13,12,11,16,17,11,11 poly=1,20,171,838,2671,5933,9536,11273,9809,6203,2770,827,148,12
SAMPLE n=20 alpha=12 par=0,1,2,3,4,3,3,3,3,2,1,11,12,13,11,15,1,17,18,19 poly=1,20,171,829,2550,5273,7553,7563,5230,2401,673,96,4
SAMPLE n=20 alpha=12 par=0,1,2,3,4,3,3,3,2,9,10,2,12,13,2,1,16,17,1,19 poly=1,20,171,829,2541,5192,7262,7023,4677,2102,610,104,8
SAMPLE n=20 alpha=13 par=0,1,2,3,4,3,3,3,2,2,2,1,12,13,12,1,16,16,1,19 poly=1,20,171,833,2594,5481,8127,8614,6575,3601,1388,359,56,4
SAMPLE n=20 alpha=13 par=0,1,2,3,4,3,3,3,1,9,10,11,9,13,13,9,9,1,18,18 poly=1,20,171,831,2579,5446,8124,8732,6794,3788,1473,379,58,4
SAMPLE n=20 alpha=13 par=0,1,2,3,4,3,3,3,1,9,10,11,9,9,9,1,16,16,1,19 poly=1,20,171,832,2591,5510,8325,9140,7345,4287,1771,490,81,6
SAMPLE n=20 alpha=12 par=0,1,2,3,4,3,3,2,8,8,1,11,12,13,11,1,16,17,16,19 poly=1,20,171,824,2484,4920,6551,5903,3572,1411,340,43,2
SAMPLE n=20 alpha=13 par=0,1,2,3,4,3,3,2,8,1,10,11,12,11,10,10,10,10,10,1 poly=1,20,171,837,2650,5794,9071,10337,8577,5105,2109,569,89,6
SAMPLE n=20 alpha=12 par=0,1,2,3,4,3,3,2,8,1,10,11,12,10,14,15,10,17,17,10 poly=1,20,171,827,2522,5113,7072,6732,4385,1911,531,85,6
SAMPLE n=20 alpha=11 par=0,1,2,3,4,3,3,2,8,1,10,11,12,10,14,1,16,17,1,19 poly=1,20,171,824,2480,4877,6367,5496,3066,1052,200,16
SAMPLE n=20 alpha=11 par=0,1,2,3,4,3,2,7,8,7,2,2,1,13,14,15,13,17,13,1 poly=1,20,171,828,2531,5142,7099,6668,4176,1658,374,36
SAMPLE n=20 alpha=13 par=0,1,2,3,4,3,2,7,8,2,2,2,2,2,1,15,16,17,16,1 poly=1,20,171,840,2678,5906,9322,10682,8875,5263,2156,575,89,6
SAMPLE n=20 alpha=12 par=0,1,2,3,4,3,2,7,7,7,1,11,12,13,11,15,1,17,17,17 poly=1,20,171,826,2514,5106,7169,7105,4992,2446,799,157,14
SAMPLE n=20 alpha=13 par=0,1,2,3,4,3,2,7,7,7,1,11,12,13,11,15,1,1,1,1 poly=1,20,171,832,2589,5501,8329,9229,7558,4542,1952,568,100,8
SAMPLE n=20 alpha=12 par=0,1,2,3,4,3,2,7,2,2,2,1,12,13,14,12,1,17,18,18 poly=1,20,171,830,2559,5309,7646,7746,5501,2675,844,154,12
SAMPLE n=20 alpha=13 par=0,1,2,3,4,3,2,2,1,9,10,11,10,1,14,15,15,1,1,1 poly=1,20,171,832,2587,5476,8204,8905,7072,4088,1679,465,78,6
SAMPLE n=20 alpha=11 par=0,1,2,3,4,3,1,7,8,9,7,11,12,7,14,1,16,17,16,1 poly=1,20,171,824,2480,4877,6364,5477,3022,1006,178,12
SAMPLE n=20 alpha=12 par=0,1,2,3,4,3,1,7,8,9,7,11,11,11,1,15,16,16,15,19 poly=1,20,171,824,2487,4952,6688,6211,3972,1722,484,80,6
SAMPLE n=20 alpha=14 par=0,1,2,3,4,3,1,7,8,9,7,7,7,7,1,15,16,16,16,16 poly=1,20,171,834,2625,5732,9080,10692,9450,6251,3042,1051,242,33,2
SAMPLE n=20 alpha=14 par=0,1,2,3,4,3,1,7,8,9,7,7,7,7,1,15,16,16,16,1 poly=1,20,171,833,2606,5606,8661,9872,8420,5390,2565,883,208,30,2
SAMPLE n=20 alpha=13 par=0,1,2,3,4,3,1,7,8,9,7,7,1,13,14,13,13,13,13,13 poly=1,20,171,836,2642,5782,9117,10550,8977,5550,2425,710,125,10
SAMPLE n=20 alpha=12 par=0,1,2,3,4,2,6,7,2,9,10,1,12,13,14,12,1,17,18,18 poly=1,20,171,822,2457,4774,6142,5259,2988,1108,256,34,2
SAMPLE n=20 alpha=13 par=0,1,2,3,4,2,6,6,6,6,2,11,2,2,1,15,16,17,1,19 poly=1,20,171,833,2591,5457,8047,8463,6384,3420,1259,297,39,2
SAMPLE n=20 alpha=10 par=0,1,2,3,4,2,6,2,8,2,10,2,12,1,14,15,16,1,18,1 poly=1,20,171,829,2532,5093,6818,5971,3251,984,124
SAMPLE n=20 alpha=12 par=0,1,2,3,4,1,6,7,8,1,10,11,11,10,10,1,16,1,1,1 poly=1,20,171,835,2615,5574,8342,8865,6645,3419,1140,219,18
SAMPLE n=20 alpha=14 par=0,1,2,3,3,3,3,3,1,9,10,9,12,9,1,15,15,15,15,15 poly=1,20,171,840,2707,6191,10508,13541,13362,10061,5685,2333,656,113,9
SAMPLE n=20 alpha=13 par=0,1,2,3,3,3,3,2,8,2,1,11,1,13,1,15,1,1,1,1 poly=1,20,171,846,2750,6279,10444,12882,11829,8011,3897,1290,260,24
SAMPLE n=20 alpha=14 par=0,1,2,3,3,3,3,2,1,9,10,10,10,9,14,9,9,9,1,19 poly=1,20,171,837,2653,5827,9236,10818,9466,6184,2977,1025,238,33,2
SAMPLE n=20 alpha=14 par=0,1,2,3,3,3,3,2,1,9,10,9,9,9,9,1,16,17,16,16 poly=1,20,171,837,2661,5912,9591,11643,10686,7403,3817,1421,361,56,4
SAMPLE n=20 alpha=14 par=0,1,2,3,3,3,2,7,7,2,2,2,2,1,14,1,16,1,1,1 poly=1,20,171,845,2731,6166,10107,12298,11226,7690,3910,1437,362,56,4
SAMPLE n=20 alpha=13 par=0,1,2,3,3,3,2,7,7,2,2,2,1,13,14,14,1,17,1,19 poly=1,20,171,834,2604,5527,8255,8848,6862,3837,1517,405,66,5
SAMPLE n=20 alpha=14 par=0,1,2,3,3,3,2,7,1,9,10,10,10,1,14,15,15,14,18,1 poly=1,20,171,828,2542,5268,7689,8161,6438,3806,1676,536,118,16,1
SAMPLE n=20 alpha=13 par=0,1,2,3,3,3,2,7,1,9,10,10,9,1,14,15,14,1,1,1 poly=1,20,171,833,2597,5517,8297,9039,7204,4180,1724,479,80,6
SAMPLE n=20 alpha=13 par=0,1,2,3,3,3,2,2,1,9,10,10,9,13,9,15,9,9,9,1 poly=1,20,171,839,2669,5863,9200,10480,8692,5199,2187,615,104,8
SAMPLE n=20 alpha=13 par=0,1,2,3,3,3,1,7,8,8,7,11,11,7,14,7,16,7,7,1 poly=1,20,171,837,2638,5680,8624,9382,7346,4107,1597,408,61,4
SAMPLE n=20 alpha=12 par=0,1,2,3,3,2,1,7,8,8,7,1,12,13,13,12,1,17,17,1 poly=1,20,171,829,2544,5221,7374,7249,4940,2283,681,118,9
SAMPLE n=20 alpha=12 par=0,1,2,3,3,2,1,7,8,8,7,1,12,13,12,1,16,16,16,1 poly=1,20,171,830,2556,5284,7563,7603,5367,2614,840,161,14
SAMPLE n=20 alpha=13 par=0,1,2,3,3,2,1,7,8,1,10,11,1,13,14,1,16,17,1,1 poly=1,20,171,833,2588,5429,7937,8223,6061,3143,1113,255,34,2
SAMPLE n=20 alpha=10 par=0,1,2,3,2,5,2,7,2,1,10,11,10,13,10,15,1,17,18,17 poly=1,20,171,827,2516,5050,6791,6051,3420,1106,155
SAMPLE n=20 alpha=13 par=0,1,2,3,2,5,2,2,2,2,2,1,12,13,12,15,12,12,1,19 poly=1,20,171,844,2732,6203,10235,12458,11185,7307,3372,1040,192,16
TOP5 rank=0 n=20 alpha=17 k=8 q=11 num=121367375 den=629508100 par=0,1,2,3,3,3,3,3,1,9,10,10,10,10,10,1,1,1,1,1 poly=1,20,171,851,2860,7088,13567,20585,25090,24685,19568,12399,6190,2380,680,136,17,1
TOP5 rank=1 n=20 alpha=17 k=8 q=11 num=125894425 den=648975625 par=0,1,2,3,3,3,3,3,3,3,1,11,12,12,12,12,12,1,1,1 poly=1,20,171,853,2883,7185,13796,20940,25475,24980,19724,12453,6201,2381,680,136,17,1
TOP5 rank=2 n=20 alpha=17 k=8 q=11 num=125894425 den=648975625 par=0,1,2,2,2,2,2,2,2,1,10,10,10,10,10,1,16,16,16,16 poly=1,20,171,854,2886,7188,13797,20940,25475,24980,19724,12453,6201,2381,680,136,17,1
TOP5 rank=3 n=20 alpha=17 k=8 q=11 num=125919405 den=648975625 par=0,1,2,3,3,3,3,3,3,3,1,11,12,12,12,12,1,1,1,1 poly=1,20,171,853,2882,7182,13793,20939,25475,24980,19724,12453,6201,2381,680,136,17,1
TOP5 rank=4 n=20 alpha=17 k=9 q=11 num=124742453 den=642369025 par=0,1,2,2,2,2,2,2,2,1,10,10,10,10,10,1,1,1,1,1 poly=1,20,171,862,2950,7398,14217,21507,26014,25345,19898,12509,6212,2382,680,136,17,1
TOP5 rank=5 n=20 alpha=17 k=8 q=11 num=125984386 den=648669961 par=0,1,2,3,3,3,3,3,1,9,10,10,10,10,1,1,1,1,1,1 poly=1,20,171,853,2880,7173,13777,20925,25469,24979,19724,12453,6201,2381,680,136,17,1
TOP5 rank=6 n=20 alpha=17 k=9 q=11 num=130424493 den=666001249 par=0,1,2,2,2,2,2,2,2,1,10,10,10,10,1,1,1,1,1,1 poly=1,20,171,864,2966,7463,14392,21842,26477,25807,20228,12674,6267,2393,681,136,17,1
TOP5 rank=7 n=20 alpha=17 k=9 q=11 num=130444721 den=666001249 par=0,1,2,2,2,2,2,2,2,1,10,10,10,10,10,10,1,1,1,1 poly=1,20,171,862,2957,7447,14378,21836,26476,25807,20228,12674,6267,2393,681,136,17,1
TOP5 rank=8 n=20 alpha=17 k=8 q=11 num=134782880 den=685916100 par=0,1,2,3,3,3,3,3,3,3,1,11,12,12,12,12,12,12,1,1 poly=1,20,171,855,2907,7294,14091,21485,26190,25652,20174,12663,6266,2393,681,136,17,1
TOP5 rank=9 n=20 alpha=17 k=8 q=11 num=134782880 den=685916100 par=0,1,2,2,2,2,2,2,2,1,10,10,10,10,10,10,1,17,17,17 poly=1,20,171,856,2909,7295,14091,21485,26190,25652,20174,12663,6266,2393,681,136,17,1
TOP5 rank=10 n=20 alpha=17 k=8 q=11 num=134858761 den=685863721 par=0,1,2,3,3,3,3,3,3,3,1,11,12,12,12,1,1,1,1,1 poly=1,20,171,855,2904,7285,14081,21480,26189,25652,20174,12663,6266,2393,681,136,17,1
TOP5 rank=11 n=20 alpha=17 k=9 q=11 num=130614818 den=663783696 par=0,1,2,3,3,3,3,3,1,9,10,10,10,1,1,1,1,1,1,1 poly=1,20,171,857,2921,7349,14221,21676,26371,25764,20218,12673,6267,2393,681,136,17,1
TOP4 rank=0 n=20 alpha=17 k=8 q=11 num=121367375 den=629508100 par=0,1,2,3,3,3,3,3,1,9,10,10,10,10,10,1,1,1,1,1 poly=1,20,171,851,2860,7088,13567,20585,25090,24685,19568,12399,6190,2380,680,136,17,1
TOP4 rank=1 n=20 alpha=17 k=8 q=11 num=125894425 den=648975625 par=0,1,2,3,3,3,3,3,3,3,1,11,12,12,12,12,12,1,1,1 poly=1,20,171,853,2883,7185,13796,20940,25475,24980,19724,12453,6201,2381,680,136,17,1
TOP4 rank=2 n=20 alpha=17 k=8 q=11 num=125894425 den=648975625 par=0,1,2,2,2,2,2,2,2,1,10,10,10,10,10,1,16,16,16,16 poly=1,20,171,854,2886,7188,13797,20940,25475,24980,19724,12453,6201,2381,680,136,17,1
TOP4 rank=3 n=20 alpha=17 k=8 q=11 num=125919405 den=648975625 par=0,1,2,3,3,3,3,3,3,3,1,11,12,12,12,12,1,1,1,1 poly=1,20,171,853,2882,7182,13793,20939,25475,24980,19724,12453,6201,2381,680,136,17,1
TOP4 rank=4 n=20 alpha=17 k=9 q=11 num=124742453 den=642369025 par=0,1,2,2,2,2,2,2,2,1,10,10,10,10,10,1,1,1,1,1 poly=1,20,171,862,2950,7398,14217,21507,26014,25345,19898,12509,6212,2382,680,136,17,1
TOP4 rank=5 n=20 alpha=17 k=8 q=11 num=125984386 den=648669961 par=0,1,2,3,3,3,3,3,1,9,10,10,10,10,1,1,1,1,1,1 poly=1,20,171,853,2880,7173,13777,20925,25469,24979,19724,12453,6201,2381,680,136,17,1
TOP4 rank=6 n=20 alpha=17 k=9 q=11 num=130424493 den=666001249 par=0,1,2,2,2,2,2,2,2,1,10,10,10,10,1,1,1,1,1,1 poly=1,20,171,864,2966,7463,14392,21842,26477,25807,20228,12674,6267,2393,681,136,17,1
TOP4 rank=7 n=20 alpha=17 k=9 q=11 num=130444721 den=666001249 par=0,1,2,2,2,2,2,2,2,1,10,10,10,10,10,10,1,1,1,1 poly=1,20,171,862,2957,7447,14378,21836,26476,25807,20228,12674,6267,2393,681,136,17,1
TOP4 rank=8 n=20 alpha=17 k=8 q=11 num=134782880 den=685916100 par=0,1,2,3,3,3,3,3,3,3,1,11,12,12,12,12,12,12,1,1 poly=1,20,171,855,2907,7294,14091,21485,26190,25652,20174,12663,6266,2393,681,136,17,1
TOP4 rank=9 n=20 alpha=17 k=8 q=11 num=134782880 den=685916100 par=0,1,2,2,2,2,2,2,2,1,10,10,10,10,10,10,1,17,17,17 poly=1,20,171,856,2909,7295,14091,21485,26190,25652,20174,12663,6266,2393,681,136,17,1
TOP4 rank=10 n=20 alpha=17 k=8 q=11 num=134858761 den=685863721 par=0,1,2,3,3,3,3,3,3,3,1,11,12,12,12,1,1,1,1,1 poly=1,20,171,855,2904,7285,14081,21480,26189,25652,20174,12663,6266,2393,681,136,17,1
TOP4 rank=11 n=20 alpha=17 k=9 q=11 num=130614818 den=663783696 par=0,1,2,3,3,3,3,3,1,9,10,10,10,1,1,1,1,1,1,1 poly=1,20,171,857,2921,7349,14221,21676,26371,25764,20218,12673,6267,2393,681,136,17,1
VDMIN_FLOAT n=20 value=0.683929823366 k=7 alpha=10 q=7 lambda=1.7819660662 V=1.65948625009 delta=0.412133468011 par=0,1,2,3,4,5,4,7,4,9,2,11,1,13,14,15,14,17,14,19 poly=1,20,171,823,2469,4815,6143,4987,2380,546,27
PERK n=20 alpha=17 k=4 q=11 num=2431793 den=9616201 par=0,1,2,3,3,3,3,3,3,3,3,1,12,1,1,1,1,1,1,1
PERK n=20 alpha=17 k=5 q=11 num=15285060 den=67881121 par=0,1,2,3,3,3,3,3,3,3,3,1,12,1,1,1,1,1,1,1
PERK n=20 alpha=17 k=6 q=11 num=38157009 den=184063489 par=0,1,2,3,3,3,3,3,1,9,10,10,10,10,10,1,1,1,1,1
PERK n=20 alpha=17 k=7 q=11 num=83346195 den=423742225 par=0,1,2,3,3,3,3,3,1,9,10,10,10,10,10,1,1,1,1,1
PERK n=20 alpha=17 k=8 q=11 num=121367375 den=629508100 par=0,1,2,3,3,3,3,3,1,9,10,10,10,10,10,1,1,1,1,1
PERK n=20 alpha=17 k=9 q=11 num=124742453 den=642369025 par=0,1,2,2,2,2,2,2,2,1,10,10,10,10,10,1,1,1,1,1
PERK n=20 alpha=17 k=10 q=11 num=78889799 den=395930404 par=0,1,2,2,2,2,2,2,2,1,10,10,10,10,10,1,1,1,1,1
PERK n=20 alpha=17 k=11 q=11 num=32868705 den=156475081 par=0,1,2,2,2,2,2,2,2,1,10,10,10,10,10,1,1,1,1,1
PERALPHA n=20 alpha=10 k=5 q=7 num=9708353 den=30658369 par=0,1,2,3,4,1,6,7,8,1,10,1,12,1,14,1,16,1,18,1
PERALPHA n=20 alpha=11 k=6 q=7 num=23870087 den=81342361 par=0,1,2,3,2,5,2,7,2,9,2,2,2,1,14,15,14,17,14,19
PERALPHA n=20 alpha=12 k=6 q=8 num=25541150 den=94633984 par=0,1,2,3,3,3,3,3,1,9,10,9,12,9,14,9,16,9,18,9
PERALPHA n=20 alpha=13 k=7 q=9 num=27680319 den=110523169 par=0,1,2,3,4,3,6,3,8,3,1,11,12,13,12,12,12,1,1,1
PERALPHA n=20 alpha=14 k=8 q=9 num=14377725 den=62015625 par=0,1,2,3,4,4,4,3,8,8,8,3,12,12,12,2,2,1,18,19
PERALPHA n=20 alpha=15 k=8 q=10 num=28793814 den=133934329 par=0,1,2,3,3,3,3,2,8,8,8,1,12,13,13,13,1,17,1,1
PERALPHA n=20 alpha=16 k=8 q=11 num=43520983 den=216972900 par=0,1,2,3,3,3,3,2,8,8,8,1,12,13,13,13,13,1,1,1
PERALPHA n=20 alpha=17 k=8 q=11 num=121367375 den=629508100 par=0,1,2,3,3,3,3,3,1,9,10,10,10,10,10,1,1,1,1,1
TOPQ n=20 alpha=17 k=11 q=11 num=32868705 den=156475081 par=0,1,2,2,2,2,2,2,2,1,10,10,10,10,10,1,1,1,1,1
NEWTON n=20 alpha=15 k=10 q=10 num=181625466 den=193989184 par=0,1,2,3,3,3,2,7,7,7,2,11,11,11,1,15,16,16,16,1
NEWTONFAIL_DIST n=20 q_minus_k=0 trees=2309
NEWTONFAIL_DIST n=20 q_minus_k=1 trees=711
NEWTONFAIL_DIST n=20 q_minus_k=2 trees=225
NEWTONFAIL_DIST n=20 q_minus_k=3 trees=118
NEWTONFAIL_DIST n=20 q_minus_k=4 trees=64
NEWTONFAIL_DIST n=20 q_minus_k=5 trees=37
NEWTONFAIL_DIST n=20 q_minus_k=6 trees=21
NEWTONFAIL_DIST n=20 q_minus_k=7 trees=5
VDBIN_FLOAT n=20 bin_lo=0 value=0.683929823366 k=7 alpha=10 q=7 lambda=1.7819660662 V=1.65948625009 delta=0.412133468011 par=0,1,2,3,4,5,4,7,4,9,2,11,1,13,14,15,14,17,14,19
VDBIN_FLOAT n=20 bin_lo=2 value=0.718854533368 k=7 alpha=10 q=7 lambda=1.4789672068 V=2.01233831362 delta=0.357223498904 par=0,1,2,3,4,5,4,7,4,9,2,11,2,13,2,1,16,17,18,17
VDBIN_FLOAT n=20 bin_lo=4 value=0.821786270553 k=8 alpha=16 q=11 lambda=1.05107573477 V=4.09699731052 delta=0.200582575059 par=0,1,2,3,3,3,3,2,8,8,8,1,12,13,13,13,13,1,1,1
STATS n=20 trees=175715 viol5=0 viol4=0 zero5=0 zero4=0 nonunimodal=0 sampled=438 newton_fail_trees=3490
