SAMPLE n=20 alpha=11 par=0,1,2,3,4,5,6,7,8,7,6,2,1,13,14,15,16,17,18,17 poly=1,20,171,820,2435,4670,5855,4744,2390,692,100,6
SAMPLE n=20 alpha=12 par=0,1,2,3,4,5,6,7,7,7,6,2,12,1,14,15,16,17,18,18 poly=1,20,171,822,2464,4842,6398,5740,3476,1382,338,44,2
SAMPLE n=20 alpha=12 par=0,1,2,3,4,5,6,7,7,7,4,1,12,13,14,15,16,16,13,13 poly=1,20,171,824,2495,5037,7044,6976,4910,2415,792,156,14
SAMPLE n=20 alpha=12 par=0,1,2,3,4,5,6,7,7,6,5,3,1,13,14,15,16,17,18,16 poly=1,20,171,821,2449,4752,6118,5248,2977,1095,251,33,2
SAMPLE n=20 alpha=12 par=0,1,2,3,4,5,6,7,7,6,3,11,1,13,14,15,16,17,13,13 poly=1,20,171,822,2463,4830,6339,5587,3256,1205,261,28,1
SAMPLE n=20 alpha=11 par=0,1,2,3,4,5,6,7,7,6,1,11,12,13,14,15,11,17,17,1 poly=1,20,171,821,2448,4741,6070,5138,2831,978,194,17
SAMPLE n=20 alpha=11 par=0,1,2,3,4,5,6,7,6,9,4,3,1,13,14,15,16,17,18,14 poly=1,20,171,820,2434,4660,5817,4674,2326,666,97,6
SAMPLE n=20 alpha=11 par=0,1,2,3,4,5,6,7,6,5,4,1,12,13,14,15,16,14,12,19 poly=1,20,171,821,2447,4728,6005,4976,2614,823,140,10
SAMPLE n=20 alpha=11 par=0,1,2,3,4,5,6,7,6,5,3,1,12,13,14,15,16,15,12,12 poly=1,20,171,823,2477,4909,6573,5984,3648,1420,316,30
SAMPLE n=20 alpha=11 par=0,1,2,3,4,5,6,7,6,3,2,11,11,1,14,15,16,17,18,16 poly=1,20,171,821,2448,4741,6070,5140,2837,984,196,17
SAMPLE n=20 alpha=12 par=0,1,2,3,4,5,6,7,6,3,1,11,12,13,14,15,13,12,12,1 poly=1,20,171,823,2476,4901,6557,6006,3772,1604,444,72,5
SAMPLE n=20 alpha=12 par=0,1,2,3,4,5,6,7,5,3,1,11,12,13,14,15,16,13,13,11 poly=1,20,171,822,2464,4846,6437,5881,3723,1612,457,77,6
SAMPLE n=20 alpha=12 par=0,1,2,3,4,5,6,7,5,2,1,11,12,13,14,15,16,12,12,11 poly=1,20,171,822,2462,4821,6311,5554,3255,1236,288,37,2
SAMPLE n=20 alpha=11 par=0,1,2,3,4,5,6,7,4,4,2,11,1,13,14,15,16,17,18,13 poly=1,20,171,821,2449,4755,6143,5321,3066,1133,245,24
SAMPLE n=20 alpha=12 par=0,1,2,3,4,5,6,6,6,6,5,4,1,13,14,15,16,17,14,14 poly=1,20,171,827,2532,5220,7529,7759,5731,2980,1040,219,21
SAMPLE n=20 alpha=13 par=0,1,2,3,4,5,6,6,6,6,4,11,12,2,1,15,16,17,18,19 poly=1,20,171,824,2493,5018,6976,6856,4788,2339,773,164,20,1
SAMPLE n=20 alpha=12 par=0,1,2,3,4,5,6,6,6,6,1,11,12,13,14,15,14,13,1,19 poly=1,20,171,825,2506,5079,7103,6958,4739,2158,601,84,3
SAMPLE n=20 alpha=13 par=0,1,2,3,4,5,6,6,6,6,1,11,12,13,14,15,13,11,18,11 poly=1,20,171,826,2520,5162,7379,7527,5508,2857,1021,239,33,2
SAMPLE n=20 alpha=12 par=0,1,2,3,4,5,6,6,6,5,4,11,12,12,4,1,16,17,18,19 poly=1,20,171,824,2489,4975,6794,6464,4316,2001,619,116,10
SAMPLE n=20 alpha=12 par=0,1,2,3,4,5,6,6,6,5,4,11,2,2,2,1,16,17,18,19 poly=1,20,171,827,2531,5211,7495,7689,5644,2912,1007,210,20
SAMPLE n=20 alpha=12 par=0,1,2,3,4,5,6,6,6,5,1,11,12,13,14,15,14,14,13,1 poly=1,20,171,825,2504,5055,6993,6711,4450,1990,567,91,6
SAMPLE n=20 alpha=13 par=0,1,2,3,4,5,6,6,6,4,3,3,1,13,14,15,16,17,14,1 poly=1,20,171,825,2506,5086,7169,7205,5235,2749,1026,261,41,3
SAMPLE n=20 alpha=12 par=0,1,2,3,4,5,6,6,6,3,1,11,12,13,14,14,12,17,18,11 poly=1,20,171,823,2479,4936,6715,6359,4196,1891,553,94,7
SAMPLE n=20 alpha=12 par=0,1,2,3,4,5,6,6,6,2,1,11,12,13,14,14,12,17,18,17 poly=1,20,171,823,2479,4935,6707,6341,4191,1909,573,102,8
SAMPLE n=20 alpha=13 par=0,1,2,3,4,5,6,6,6,2,1,11,12,13,14,14,12,17,12,12 poly=1,20,171,827,2533,5233,7595,7943,6055,3353,1319,350,56,4
SAMPLE n=20 alpha=13 par=0,1,2,3,4,5,6,6,6,2,1,11,12,13,14,14,12,11,1,1 poly=1,20,171,826,2518,5141,7292,7348,5312,2742,987,235,33,2
SAMPLE n=20 alpha=13 par=0,1,2,3,4,5,6,6,6,2,1,11,12,13,14,13,12,17,11,11 poly=1,20,171,825,2504,5063,7067,6974,4932,2501,894,215,31,2
SAMPLE n=20 alpha=12 par=0,1,2,3,4,5,6,6,5,9,5,5,2,1,14,15,16,17,15,15 poly=1,20,171,827,2528,5172,7303,7210,4963,2332,712,127,10
SAMPLE n=20 alpha=12 par=0,1,2,3,4,5,6,6,5,4,10,2,2,2,1,15,16,17,18,1 poly=1,20,171,826,2514,5097,7094,6862,4587,2057,578,88,5
SAMPLE n=20 alpha=12 par=0,1,2,3,4,5,6,6,5,4,3,2,1,13,14,15,16,15,13,13 poly=1,20,171,825,2503,5049,6990,6755,4574,2141,663,122,10
SAMPLE n=20 alpha=11 par=0,1,2,3,4,5,6,6,5,1,10,11,12,13,14,13,12,1,18,19 poly=1,20,171,821,2448,4738,6042,5041,2668,838,136,8
SAMPLE n=20 alpha=12 par=0,1,2,3,4,5,6,6,5,1,10,11,12,13,14,10,10,1,18,19 poly=1,20,171,822,2461,4810,6264,5451,3124,1135,242,26,1
SAMPLE n=20 alpha=13 par=0,1,2,3,4,5,6,6,4,9,9,4,4,1,14,15,16,17,18,16 poly=1,20,171,825,2501,5031,6929,6656,4498,2131,692,146,18,1
SAMPLE n=20 alpha=11 par=0,1,2,3,4,5,6,6,4,9,3,1,12,13,14,15,15,13,18,12 poly=1,20,171,822,2462,4822,6323,5600,3327,1280,291,30
SAMPLE n=20 alpha=13 par=0,1,2,3,4,5,6,6,4,4,3,1,12,13,14,15,16,14,12,12 poly=1,20,171,825,2505,5074,7116,7091,5103,2662,992,253,40,3
SAMPLE n=20 alpha=11 par=0,1,2,3,4,5,6,6,4,3,10,3,1,13,14,15,16,17,14,19 poly=1,20,171,822,2460,4798,6208,5321,2964,1028,202,17
SAMPLE n=20 alpha=12 par=0,1,2,3,4,5,6,6,4,3,2,1,12,13,14,15,16,16,1,1 poly=1,20,171,824,2490,4982,6808,6463,4280,1952,589,107,9
SAMPLE n=20 alpha=12 par=0,1,2,3,4,5,6,6,4,2,10,10,1,13,14,15,16,17,16,19 poly=1,20,171,821,2449,4753,6128,5285,3039,1142,263,31,1
SAMPLE n=20 alpha=12 par=0,1,2,3,4,5,6,6,4,1,10,11,12,13,12,12,10,17,10,19 poly=1,20,171,824,2489,4970,6753,6336,4117,1831,538,96,8
SAMPLE n=20 alpha=12 par=0,1,2,3,4,5,6,6,4,1,10,11,12,13,12,10,10,1,18,1 poly=1,20,171,825,2501,5029,6910,6589,4378,2007,613,114,10
SAMPLE n=20 alpha=13 par=0,1,2,3,4,5,6,6,4,1,10,11,12,13,1,15,1,1,1,1 poly=1,20,171,833,2604,5575,8478,9302,7362,4148,1618,414,62,4
SAMPLE n=20 alpha=11 par=0,1,2,3,4,5,6,6,3,9,10,2,1,13,14,15,16,15,18,15 poly=1,20,171,822,2461,4807,6238,5367,2995,1032,198,16
SAMPLE n=20 alpha=11 par=0,1,2,3,4,5,6,6,3,1,10,11,12,13,12,15,11,17,17,10 poly=1,20,171,822,2461,4812,6283,5517,3230,1216,269,27
SAMPLE n=20 alpha=12 par=0,1,2,3,4,5,6,6,3,1,10,11,12,13,11,15,10,10,10,10 poly=1,20,171,829,2554,5320,7775,8114,6032,3123,1070,218,20
SAMPLE n=20 alpha=11 par=0,1,2,3,4,5,6,6,2,9,1,11,12,13,14,15,15,1,18,19 poly=1,20,171,820,2435,4675,5902,4909,2663,913,181,16
SAMPLE n=20 alpha=11 par=0,1,2,3,4,5,6,6,1,9,10,11,12,11,14,11,9,1,18,19 poly=1,20,171,822,2461,4809,6255,5423,3083,1101,224,20
SAMPLE n=20 alpha=12 par=0,1,2,3,4,5,6,6,1,9,10,11,12,11,10,10,1,17,18,1 poly=1,20,171,824,2489,4972,6771,6400,4230,1937,590,108,9
SAMPLE n=20 alpha=11 par=0,1,2,3,4,5,6,6,1,9,10,11,12,9,14,15,9,17,9,1 poly=1,20,171,824,2483,4907,6487,5743,3348,1232,260,24
SAMPLE n=20 alpha=11 par=0,1,2,3,4,5,6,6,1,9,10,11,12,9,1,15,16,17,18,1 poly=1,20,171,821,2447,4732,6037,5072,2750,916,167,12
SAMPLE n=20 alpha=11 par=0,1,2,3,4,5,6,5,8,5,5,2,1,13,14,15,16,13,1,19 poly=1,20,171,825,2499,5000,6753,6157,3703,1388,287,24
SAMPLE n=20 alpha=11 par=0,1,2,3,4,5,6,5,8,5,2,2,2,1,14,15,16,17,16,19 poly=1,20,171,826,2516,5112,7129,6879,4530,1945,489,54
SAMPLE n=20 alpha=12 par=0,1,2,3,4,5,6,5,8,4,2,1,12,13,14,15,13,17,17,17 poly=1,20,171,823,2475,4889,6503,5884,3616,1483,388,59,4
SAMPLE n=20 alpha=11 par=0,1,2,3,4,5,6,5,8,3,2,1,12,13,14,15,16,14,18,12 poly=1,20,171,821,2447,4729,6014,5007,2664,862,154,12
SAMPLE n=20 alpha=13 par=0,1,2,3,4,5,6,5,8,2,2,1,12,13,14,15,16,14,12,12 poly=1,20,171,824,2491,4995,6878,6663,4609,2272,774,170,21,1
SAMPLE n=20 alpha=11 par=0,1,2,3,4,5,6,5,8,1,10,11,12,13,12,11,16,11,18,10 poly=1,20,171,822,2455,4741,5953,4742,2249,557,55,2
SAMPLE n=20 alpha=11 par=0,1,2,3,4,5,6,5,8,1,10,11,12,13,12,11,1,17,18,18 poly=1,20,171,821,2448,4740,6061,5111,2797,962,194,18
SAMPLE n=20 alpha=11 par=0,1,2,3,4,5,6,5,8,1,10,11,12,13,11,1,16,17,17,16 poly=1,20,171,821,2447,4729,6013,5003,2661,866,159,13
SAMPLE n=20 alpha=12 par=0,1,2,3,4,5,6,5,5,4,4,1,12,13,14,15,13,12,12,1 poly=1,20,171,827,2526,5149,7201,6973,4641,2067,582,92,6
SAMPLE n=20 alpha=11 par=0,1,2,3,4,5,6,5,5,4,1,11,12,13,14,15,14,12,1,19 poly=1,20,171,823,2475,4886,6473,5773,3414,1286,282,28
SAMPLE n=20 alpha=11 par=0,1,2,3,4,5,6,5,5,3,10,2,1,13,14,15,16,13,1,1 poly=1,20,171,825,2500,5015,6832,6360,3990,1616,382,40
SAMPLE n=20 alpha=12 par=0,1,2,3,4,5,6,5,4,4,3,3,1,13,14,15,16,1,18,18 poly=1,20,171,825,2499,5006,6802,6316,3971,1640,417,57,3
SAMPLE n=20 alpha=11 par=0,1,2,3,4,5,6,5,4,3,10,11,3,1,14,15,16,17,16,1 poly=1,20,171,823,2473,4868,6410,5659,3297,1217,260,25
SAMPLE n=20 alpha=11 par=0,1,2,3,4,5,6,5,4,3,10,11,3,1,14,15,16,17,15,14 poly=1,20,171,823,2472,4855,6346,5501,3082,1054,196,15
SAMPLE n=20 alpha=11 par=0,1,2,3,4,5,6,5,4,3,2,11,12,12,11,1,16,17,18,19 poly=1,20,171,822,2459,4787,6156,5187,2764,859,129,5
SAMPLE n=20 alpha=12 par=0,1,2,3,4,5,6,5,4,3,1,11,12,13,14,12,12,11,11,1 poly=1,20,171,826,2512,5072,6978,6594,4248,1820,493,76,5
SAMPLE n=20 alpha=11 par=0,1,2,3,4,5,6,5,3,9,9,9,1,13,14,15,16,17,16,13 poly=1,20,171,823,2477,4911,6590,6040,3744,1511,361,39
SAMPLE n=20 alpha=11 par=0,1,2,3,4,5,6,5,3,9,1,11,12,13,14,1,16,17,18,17 poly=1,20,171,820,2434,4662,5834,4727,2402,719,114,8
SAMPLE n=20 alpha=12 par=0,1,2,3,4,5,6,5,3,3,2,11,12,12,2,1,16,17,18,19 poly=1,20,171,824,2487,4953,6697,6242,4028,1783,524,94,8
SAMPLE n=20 alpha=12 par=0,1,2,3,4,5,6,5,3,3,2,11,11,2,2,1,16,17,18,19 poly=1,20,171,827,2522,5117,7099,6809,4505,2021,590,102,8
SAMPLE n=20 alpha=14 par=0,1,2,3,4,5,6,5,3,3,1,11,12,13,14,12,12,1,1,1 poly=1,20,171,829,2561,5402,8175,9193,7824,5048,2437,854,205,30,2
SAMPLE n=20 alpha=13 par=0,1,2,3,4,5,6,4,8,9,2,2,2,1,14,15,16,17,1,1 poly=1,20,171,826,2512,5080,7042,6801,4602,2170,698,146,18,1
SAMPLE n=20 alpha=12 par=0,1,2,3,4,5,6,4,8,8,8,8,1,13,14,15,16,14,18,14 poly=1,20,171,826,2516,5118,7189,7092,4907,2324,713,127,10
SAMPLE n=20 alpha=12 par=0,1,2,3,4,5,6,4,8,3,3,3,1,13,14,15,16,14,13,19 poly=1,20,171,825,2499,5006,6806,6337,4010,1673,432,62,4
SAMPLE n=20 alpha=10 par=0,1,2,3,4,5,6,4,8,1,10,11,12,13,14,11,16,1,18,19 poly=1,20,171,819,2419,4571,5548,4228,1916,463,46
SAMPLE n=20 alpha=12 par=0,1,2,3,4,5,6,4,4,4,2,1,12,13,14,15,1,17,18,17 poly=1,20,171,825,2502,5041,6968,6730,4558,2122,643,114,9
SAMPLE n=20 alpha=12 par=0,1,2,3,4,5,6,4,1,9,10,11,12,1,14,15,15,1,18,1 poly=1,20,171,824,2486,4941,6640,6101,3826,1606,428,64,4
SAMPLE n=20 alpha=12 par=0,1,2,3,4,5,6,3,8,9,9,9,9,8,1,15,16,17,18,19 poly=1,20,171,824,2489,4972,6763,6337,4049,1689,416,48,1
SAMPLE n=20 alpha=12 par=0,1,2,3,4,5,6,3,8,8,3,2,2,1,14,15,16,17,1,1 poly=1,20,171,826,2509,5047,6892,6432,4064,1691,439,64,4
SAMPLE n=20 alpha=11 par=0,1,2,3,4,5,6,2,1,9,10,11,12,13,1,15,16,17,18,1 poly=1,20,171,820,2432,4641,5747,4546,2202,603,81,4
SAMPLE n=20 alpha=13 par=0,1,2,3,4,5,5,5,5,5,5,2,12,2,1,15,16,17,15,1 poly=1,20,171,836,2650,5848,9343,10975,9459,5885,2559,733,123,9
SAMPLE n=20 alpha=13 par=0,1,2,3,4,5,5,5,5,5,4,3,2,2,2,1,16,17,18,1 poly=1,20,171,835,2634,5753,9061,10509,9021,5675,2546,772,142,12
SAMPLE n=20 alpha=13 par=0,1,2,3,4,5,5,5,5,5,3,3,2,13,1,15,16,17,18,15 poly=1,20,171,831,2587,5535,8519,9667,8125,5004,2199,655,119,10
SAMPLE n=20 alpha=14 par=0,1,2,3,4,5,5,5,5,4,10,10,10,3,3,1,16,17,18,18 poly=1,20,171,830,2573,5467,8380,9600,8369,5569,2795,1027,261,41,3
SAMPLE n=20 alpha=13 par=0,1,2,3,4,5,5,5,5,4,10,10,10,3,1,15,16,17,18,17 poly=1,20,171,828,2545,5300,7823,8438,6742,3972,1684,487,86,7
SAMPLE n=20 alpha=14 par=0,1,2,3,4,5,5,5,5,4,10,10,10,1,14,15,16,1,1,1 poly=1,20,171,832,2601,5615,8782,10251,9065,6084,3061,1120,281,43,3
SAMPLE n=20 alpha=14 par=0,1,2,3,4,5,5,5,5,4,10,10,1,13,14,15,15,15,14,14 poly=1,20,171,830,2572,5439,8196,9043,7401,4491,1993,628,133,17,1
SAMPLE n=20 alpha=14 par=0,1,2,3,4,5,5,5,5,4,10,1,12,13,14,14,14,12,12,1 poly=1,20,171,830,2574,5462,8300,9301,7797,4890,2260,742,161,20,1
SAMPLE n=20 alpha=13 par=0,1,2,3,4,5,5,5,5,4,10,1,12,13,14,12,16,1,1,1 poly=1,20,171,830,2569,5406,8048,8677,6829,3888,1553,408,62,4
SAMPLE n=20 alpha=12 par=0,1,2,3,4,5,5,5,5,4,10,1,12,13,14,1,16,17,16,1 poly=1,20,171,827,2528,5175,7331,7303,5108,2444,750,129,9
SAMPLE n=20 alpha=13 par=0,1,2,3,4,5,5,5,5,4,1,11,12,13,14,12,11,17,11,11 poly=1,20,171,830,2568,5390,7955,8405,6370,3410,1242,287,37,2
SAMPLE n=20 alpha=13 par=0,1,2,3,4,5,5,5,5,3,10,2,12,1,14,15,16,17,15,15 poly=1,20,171,827,2533,5232,7585,7897,5932,3170,1165,276,37,2
SAMPLE n=20 alpha=12 par=0,1,2,3,4,5,5,5,5,2,2,1,12,13,14,13,12,17,1,19 poly=1,20,171,828,2544,5278,7677,7977,5916,3063,1053,216,20
SAMPLE n=20 alpha=12 par=0,1,2,3,4,5,5,5,4,9,9,9,1,13,14,15,16,15,1,19 poly=1,20,171,825,2504,5063,7064,6951,4864,2391,789,157,14
SAMPLE n=20 alpha=12 par=0,1,2,3,4,5,5,5,4,9,4,1,12,13,14,15,14,13,12,12 poly=1,20,171,827,2527,5161,7260,7128,4878,2283,697,125,10
SAMPLE n=20 alpha=12 par=0,1,2,3,4,5,5,5,4,9,2,1,12,13,14,12,16,12,1,1 poly=1,20,171,827,2525,5143,7195,7002,4731,2174,645,110,8
SAMPLE n=20 alpha=12 par=0,1,2,3,4,5,5,5,4,4,3,2,12,13,1,15,16,17,18,15 poly=1,20,171,825,2500,5018,6860,6464,4189,1831,515,84,6
SAMPLE n=20 alpha=12 par=0,1,2,3,4,5,5,5,4,4,3,2,12,1,14,15,16,17,14,1 poly=1,20,171,826,2512,5074,6992,6633,4302,1857,502,74,4
SAMPLE n=20 alpha=13 par=0,1,2,3,4,5,5,5,4,4,3,2,1,13,14,15,15,1,18,18 poly=1,20,171,827,2528,5177,7345,7354,5231,2631,918,213,30,2
SAMPLE n=20 alpha=13 par=0,1,2,3,4,5,5,5,4,4,2,1,12,13,14,15,15,13,1,19 poly=1,20,171,826,2517,5130,7248,7266,5240,2726,1009,255,40,3
SAMPLE n=20 alpha=14 par=0,1,2,3,4,5,5,5,4,3,10,10,10,10,10,10,1,17,18,19 poly=1,20,171,836,2648,5842,9365,11124,9827,6403,3013,984,207,24,1
SAMPLE n=20 alpha=13 par=0,1,2,3,4,5,5,5,4,3,10,10,1,13,14,15,15,13,18,18 poly=1,20,171,825,2504,5062,7055,6918,4805,2343,779,166,20,1
SAMPLE n=20 alpha=13 par=0,1,2,3,4,5,5,5,4,3,2,2,2,1,14,15,16,14,18,14 poly=1,20,171,830,2569,5409,8064,8717,6899,3979,1635,455,77,6
SAMPLE n=20 alpha=13 par=0,1,2,3,4,5,5,5,4,3,2,2,1,13,14,15,1,17,17,17 poly=1,20,171,828,2542,5261,7625,7918,5947,3214,1220,308,46,3
SAMPLE n=20 alpha=13 par=0,1,2,3,4,5,5,5,4,2,10,11,11,10,14,2,1,17,18,19 poly=1,20,171,825,2501,5030,6919,6621,4438,2077,668,142,18,1
SAMPLE n=20 alpha=15 par=0,1,2,3,4,5,5,5,4,2,2,2,2,1,14,15,16,14,14,14 poly=1,20,171,836,2655,5919,9735,12155,11675,8641,4886,2070,635,133,17,1
SAMPLE n=20 alpha=13 par=0,1,2,3,4,5,5,5,4,1,10,11,12,13,13,10,10,1,18,18 poly=1,20,171,826,2518,5141,7293,7351,5311,2733,977,230,32,2
SAMPLE n=20 alpha=13 par=0,1,2,3,4,5,5,5,4,1,10,11,12,13,11,11,10,17,10,10 poly=1,20,171,829,2552,5292,7642,7819,5695,2929,1038,241,33,2
SAMPLE n=20 alpha=12 par=0,1,2,3,4,5,5,5,4,1,10,11,12,13,10,15,15,1,18,1 poly=1,20,171,825,2501,5027,6893,6527,4258,1875,530,86,6
SAMPLE n=20 alpha=13 par=0,1,2,3,4,5,5,5,3,3,2,1,12,13,14,15,13,1,18,1 poly=1,20,171,827,2530,5204,7487,7739,5831,3197,1247,329,53,4
SAMPLE n=20 alpha=13 par=0,1,2,3,4,5,5,5,3,1,10,11,12,12,10,15,15,1,18,18 poly=1,20,171,825,2506,5089,7196,7293,5374,2874,1091,279,43,3
SAMPLE n=20 alpha=13 par=0,1,2,3,4,5,5,5,3,1,10,11,12,11,11,10,16,10,10,1 poly=1,20,171,830,2565,5366,7883,8312,6353,3507,1367,357,56,4
SAMPLE n=20 alpha=11 par=0,1,2,3,4,5,5,5,2,9,10,1,12,13,14,15,14,17,1,19 poly=1,20,171,822,2462,4820,6302,5523,3195,1160,231,18
SAMPLE n=20 alpha=13 par=0,1,2,3,4,5,5,5,2,9,9,1,12,13,14,1,16,1,1,1 poly=1,20,171,831,2579,5451,8162,8854,7016,4039,1652,457,77,6
SAMPLE n=20 alpha=12 par=0,1,2,3,4,5,5,5,2,9,1,11,12,13,14,13,13,12,11,11 poly=1,20,171,827,2531,5209,7479,7642,5578,2863,988,207,20
SAMPLE n=20 alpha=11 par=0,1,2,3,4,5,5,5,2,9,1,11,12,13,14,13,12,17,1,19 poly=1,20,171,823,2475,4888,6489,5819,3472,1314,280,24
SAMPLE n=20 alpha=12 par=0,1,2,3,4,5,5,5,2,9,1,11,12,13,14,13,12,12,11,1 poly=1,20,171,826,2515,5105,7119,6906,4641,2106,607,97,6
SAMPLE n=20 alpha=13 par=0,1,2,3,4,5,5,5,2,2,1,11,12,13,14,13,13,11,1,1 poly=1,20,171,829,2558,5357,7917,8440,6538,3652,1433,374,58,4
SAMPLE n=20 alpha=12 par=0,1,2,3,4,5,5,5,2,2,1,11,12,13,14,1,16,17,18,1 poly=1,20,171,825,2502,5041,6961,6684,4450,2002,573,92,6
SAMPLE n=20 alpha=12 par=0,1,2,3,4,5,5,5,2,2,1,11,12,13,14,1,16,17,16,16 poly=1,20,171,826,2517,5133,7264,7278,5179,2574,855,172,16
SAMPLE n=20 alpha=13 par=0,1,2,3,4,5,5,5,1,9,10,11,11,10,9,9,9,1,18,18 poly=1,20,171,829,2556,5343,7892,8459,6660,3838,1583,444,76,6
SAMPLE n=20 alpha=13 par=0,1,2,3,4,5,5,5,1,9,10,11,11,1,14,15,16,14,14,1 poly=1,20,171,826,2517,5132,7260,7287,5242,2691,963,228,32,2
SAMPLE n=20 alpha=12 par=0,1,2,3,4,5,5,5,1,9,10,11,10,10,1,15,16,17,16,15 poly=1,20,171,825,2505,5070,7073,6919,4752,2249,698,127,10
SAMPLE n=20 alpha=12 par=0,1,2,3,4,5,5,4,8,8,4,1,12,13,14,15,13,12,1,19 poly=1,20,171,824,2485,4922,6529,5799,3387,1250,270,29,1
SAMPLE n=20 alpha=12 par=0,1,2,3,4,5,5,4,8,8,4,1,12,13,14,15,1,17,1,1 poly=1,20,171,827,2526,5150,7205,6977,4638,2059,577,91,6
SAMPLE n=20 alpha=12 par=0,1,2,3,4,5,5,4,8,4,4,2,12,2,1,15,16,17,1,19 poly=1,20,171,827,2523,5122,7100,6767,4390,1880,499,72,4
SAMPLE n=20 alpha=11 par=0,1,2,3,4,5,5,4,8,4,3,2,12,13,1,15,16,17,17,1 poly=1,20,171,824,2485,4926,6558,5880,3496,1320,286,27
SAMPLE n=20 alpha=12 par=0,1,2,3,4,5,5,4,8,4,3,2,1,13,14,15,15,13,18,13 poly=1,20,171,826,2513,5085,7047,6786,4553,2104,645,119,10
SAMPLE n=20 alpha=13 par=0,1,2,3,4,5,5,4,8,3,10,10,3,3,1,15,16,17,1,1 poly=1,20,171,828,2538,5223,7482,7638,5626,2986,1119,282,43,3
SAMPLE n=20 alpha=12 par=0,1,2,3,4,5,5,4,8,1,10,11,12,13,11,10,16,17,17,17 poly=1,20,171,823,2477,4913,6614,6142,3942,1711,475,75,5
SAMPLE n=20 alpha=11 par=0,1,2,3,4,5,5,4,8,1,10,11,12,13,11,10,16,10,1,19 poly=1,20,171,823,2470,4833,6253,5307,2870,936,166,12
SAMPLE n=20 alpha=13 par=0,1,2,3,4,5,5,4,4,4,4,1,12,13,14,15,14,14,1,1 poly=1,20,171,833,2611,5640,8734,9890,8225,4973,2126,608,104,8
SAMPLE n=20 alpha=12 par=0,1,2,3,4,5,5,4,4,3,10,3,12,2,1,15,16,17,17,16 poly=1,20,171,826,2509,5042,6856,6330,3915,1570,385,52,3
SAMPLE n=20 alpha=13 par=0,1,2,3,4,5,5,4,4,3,2,1,12,13,14,15,15,14,14,12 poly=1,20,171,827,2529,5184,7364,7382,5259,2654,933,219,31,2
SAMPLE n=20 alpha=12 par=0,1,2,3,4,5,5,4,4,2,10,10,2,1,14,15,16,15,14,19 poly=1,20,171,826,2514,5095,7079,6824,4551,2059,604,104,8
SAMPLE n=20 alpha=12 par=0,1,2,3,4,5,5,4,4,1,10,11,12,12,10,15,1,17,1,1 poly=1,20,171,828,2540,5233,7475,7505,5282,2550,803,148,12
SAMPLE n=20 alpha=12 par=0,1,2,3,4,5,5,4,4,1,10,11,12,11,14,11,11,1,18,1 poly=1,20,171,829,2555,5320,7738,7977,5814,2930,969,188,16
SAMPLE n=20 alpha=12 par=0,1,2,3,4,5,5,4,4,1,10,11,12,11,11,11,10,17,1,19 poly=1,20,171,828,2540,5232,7471,7501,5284,2555,805,148,12
SAMPLE n=20 alpha=11 par=0,1,2,3,4,5,5,4,4,1,10,11,12,1,14,15,14,17,14,1 poly=1,20,171,826,2511,5060,6918,6433,3993,1575,354,34
SAMPLE n=20 alpha=13 par=0,1,2,3,4,5,5,4,3,9,3,1,12,13,14,15,13,1,1,1 poly=1,20,171,828,2543,5273,7684,8073,6181,3425,1337,349,55,4
SAMPLE n=20 alpha=12 par=0,1,2,3,4,5,5,4,2,9,10,11,11,2,2,1,16,17,18,1 poly=1,20,171,826,2514,5100,7115,6920,4677,2146,634,108,8
SAMPLE n=20 alpha=12 par=0,1,2,3,4,5,5,4,2,9,10,11,2,1,14,15,16,14,18,14 poly=1,20,171,824,2488,4961,6721,6275,4043,1769,502,83,6
SAMPLE n=20 alpha=12 par=0,1,2,3,4,5,5,4,2,2,1,11,12,13,12,15,1,17,18,17 poly=1,20,171,824,2487,4948,6652,6084,3746,1502,365,46,2
SAMPLE n=20 alpha=13 par=0,1,2,3,4,5,5,4,2,2,1,11,12,13,11,11,11,1,18,19 poly=1,20,171,828,2541,5254,7611,7919,5978,3250,1237,311,46,3
SAMPLE n=20 alpha=12 par=0,1,2,3,4,5,5,3,8,9,9,3,12,1,14,15,16,15,14,14 poly=1,20,171,825,2502,5040,6961,6713,4548,2143,677,131,12
SAMPLE n=20 alpha=12 par=0,1,2,3,4,5,5,3,8,9,2,11,12,11,1,15,16,17,15,1 poly=1,20,171,822,2459,4792,6202,5350,3052,1131,263,35,2
SAMPLE n=20 alpha=11 par=0,1,2,3,4,5,5,3,8,9,2,11,12,1,14,15,16,1,18,1 poly=1,20,171,822,2458,4782,6162,5264,2938,1033,210,19
SAMPLE n=20 alpha=12 par=0,1,2,3,4,5,5,3,8,9,2,11,2,1,14,15,16,14,18,18 poly=1,20,171,823,2473,4871,6436,5743,3428,1328,314,40,2
SAMPLE n=20 alpha=12 par=0,1,2,3,4,5,5,3,8,9,2,11,1,13,14,15,14,14,13,13 poly=1,20,171,825,2500,5017,6854,6450,4174,1824,514,84,6
SAMPLE n=20 alpha=12 par=0,1,2,3,4,5,5,3,8,3,2,11,12,11,1,15,16,17,18,16 poly=1,20,171,823,2473,4871,6438,5762,3488,1410,367,56,4
SAMPLE n=20 alpha=12 par=0,1,2,3,4,5,5,3,8,3,1,11,12,13,12,11,16,17,16,1 poly=1,20,171,824,2487,4950,6678,6198,3982,1762,521,94,8
SAMPLE n=20 alpha=14 par=0,1,2,3,4,5,5,3,3,3,3,1,12,13,14,15,15,13,12,19 poly=1,20,171,830,2572,5443,8219,9090,7441,4500,1986,623,132,17,1
SAMPLE n=20 alpha=14 par=0,1,2,3,4,5,5,3,3,3,3,1,12,13,14,15,14,12,1,1 poly=1,20,171,832,2599,5597,8710,10072,8749,5691,2731,939,219,31,2
SAMPLE n=20 alpha=14 par=0,1,2,3,4,5,5,3,3,3,2,1,12,13,14,12,16,16,12,12 poly=1,20,171,831,2581,5467,8225,9018,7308,4391,1938,612,131,17,1
SAMPLE n=20 alpha=13 par=0,1,2,3,4,5,5,3,3,2,2,1,12,13,14,13,16,13,13,12 poly=1,20,171,830,2566,5370,7875,8246,6212,3358,1282,332,53,4
SAMPLE n=20 alpha=12 par=0,1,2,3,4,5,5,3,2,9,10,11,11,2,14,1,16,17,18,1 poly=1,20,171,823,2472,4861,6396,5667,3365,1317,327,47,3
SAMPLE n=20 alpha=13 par=0,1,2,3,4,5,5,3,2,9,10,11,9,1,14,15,16,14,14,1 poly=1,20,171,824,2487,4952,6692,6241,4058,1846,582,123,16,1
SAMPLE n=20 alpha=12 par=0,1,2,3,4,5,5,3,2,9,10,11,2,13,1,15,16,17,16,1 poly=1,20,171,823,2471,4849,6340,5535,3194,1193,277,36,2
SAMPLE n=20 alpha=12 par=0,1,2,3,4,5,5,3,2,9,2,11,2,2,1,15,16,17,1,1 poly=1,20,171,831,2567,5327,7634,7633,5306,2516,779,143,12
SAMPLE n=20 alpha=13 par=0,1,2,3,4,5,5,3,2,9,1,11,12,13,12,12,12,1,18,1 poly=1,20,171,828,2542,5260,7618,7902,5930,3209,1230,321,52,4
SAMPLE n=20 alpha=13 par=0,1,2,3,4,5,5,3,2,2,1,11,12,13,12,15,11,11,1,1 poly=1,20,171,828,2536,5195,7332,7228,4985,2381,768,159,19,1
SAMPLE n=20 alpha=14 par=0,1,2,3,4,5,5,3,2,2,1,11,12,13,11,11,11,1,18,18 poly=1,20,171,829,2554,5328,7855,8438,6727,3999,1756,555,120,16,1
SAMPLE n=20 alpha=12 par=0,1,2,3,4,5,5,2,8,9,9,1,12,13,14,12,16,17,12,19 poly=1,20,171,822,2461,4814,6302,5591,3377,1373,361,56,4
SAMPLE n=20 alpha=11 par=0,1,2,3,4,5,5,2,8,9,1,11,12,13,14,13,12,17,11,19 poly=1,20,171,821,2446,4720,5983,4953,2609,824,136,8
SAMPLE n=20 alpha=13 par=0,1,2,3,4,5,5,2,8,8,8,1,12,13,14,13,16,12,1,1 poly=1,20,171,826,2514,5101,7131,7001,4864,2377,796,172,21,1
SAMPLE n=20 alpha=12 par=0,1,2,3,4,5,5,2,8,8,1,11,12,13,14,14,1,17,1,19 poly=1,20,171,823,2473,4871,6437,5757,3480,1404,365,56,4
SAMPLE n=20 alpha=12 par=0,1,2,3,4,5,5,2,8,8,1,11,12,13,14,13,11,17,1,1 poly=1,20,171,824,2487,4951,6680,6186,3936,1701,484,84,7
SAMPLE n=20 alpha=12 par=0,1,2,3,4,5,5,2,8,1,10,11,12,13,11,15,16,11,10,19 poly=1,20,171,822,2459,4790,6187,5305,2980,1064,228,26,1
SAMPLE n=20 alpha=13 par=0,1,2,3,4,5,5,2,2,2,1,11,12,13,14,12,16,16,16,11 poly=1,20,171,828,2546,5305,7821,8384,6608,3814,1576,443,76,6
SAMPLE n=20 alpha=12 par=0,1,2,3,4,5,5,2,2,2,1,11,12,13,14,12,16,1,18,18 poly=1,20,171,826,2515,5113,7184,7107,4955,2386,756,142,12
SAMPLE n=20 alpha=12 par=0,1,2,3,4,5,5,2,1,9,10,11,10,13,9,1,16,1,1,1 poly=1,20,171,830,2559,5303,7597,7588,5235,2418,699,109,6
SAMPLE n=20 alpha=12 par=0,1,2,3,4,5,5,2,1,9,10,11,10,10,10,1,16,17,17,16 poly=1,20,171,827,2531,5209,7473,7604,5486,2750,912,180,16
SAMPLE n=20 alpha=12 par=0,1,2,3,4,5,5,2,1,9,10,11,9,13,13,9,16,16,9,19 poly=1,20,171,826,2507,5028,6828,6338,4007,1685,446,66,4
SAMPLE n=20 alpha=13 par=0,1,2,3,4,5,5,2,1,9,10,11,9,9,9,9,1,17,1,1 poly=1,20,171,834,2610,5584,8482,9345,7520,4383,1801,494,81,6
SAMPLE n=20 alpha=12 par=0,1,2,3,4,5,5,2,1,9,10,11,1,13,14,13,13,13,1,1 poly=1,20,171,830,2560,5319,7690,7857,5677,2853,955,193,18
SAMPLE n=20 alpha=11 par=0,1,2,3,4,5,4,7,4,9,3,3,2,13,1,15,16,17,16,15 poly=1,20,171,825,2494,4949,6546,5724,3202,1070,185,11
SAMPLE n=20 alpha=12 par=0,1,2,3,4,5,4,7,4,9,3,3,2,2,1,15,16,17,18,17 poly=1,20,171,826,2508,5031,6805,6206,3746,1440,331,41,2
SAMPLE n=20 alpha=12 par=0,1,2,3,4,5,4,7,4,9,3,3,1,13,14,15,14,14,13,19 poly=1,20,171,826,2509,5037,6822,6238,3788,1474,345,43,2
SAMPLE n=20 alpha=13 par=0,1,2,3,4,5,4,7,4,9,2,2,2,2,1,15,16,17,15,15 poly=1,20,171,832,2596,5564,8560,9691,8120,4976,2170,638,113,9
SAMPLE n=20 alpha=12 par=0,1,2,3,4,5,4,7,4,9,2,2,2,1,14,15,16,15,15,14 poly=1,20,171,829,2555,5324,7772,8088,5997,3095,1050,208,18
SAMPLE n=20 alpha=13 par=0,1,2,3,4,5,4,7,4,4,4,4,4,4,4,3,1,17,18,19 poly=1,20,171,853,2826,6623,11305,14201,13102,8758,4119,1289,240,20
SAMPLE n=20 alpha=12 par=0,1,2,3,4,5,4,7,4,4,3,11,11,3,3,1,16,17,18,16 poly=1,20,171,830,2557,5284,7528,7460,5104,2348,687,114,8
SAMPLE n=20 alpha=11 par=0,1,2,3,4,5,4,7,4,3,10,1,12,13,14,15,14,13,1,1 poly=1,20,171,825,2500,5014,6827,6355,3998,1634,393,42
SAMPLE n=20 alpha=13 par=0,1,2,3,4,5,4,7,4,3,3,1,12,13,14,13,13,13,1,1 poly=1,20,171,831,2583,5487,8308,9209,7571,4606,2029,615,115,10
SAMPLE n=20 alpha=11 par=0,1,2,3,4,5,4,7,4,3,1,11,12,13,14,13,13,12,18,19 poly=1,20,171,824,2485,4920,6511,5731,3254,1109,192,10
SAMPLE n=20 alpha=11 par=0,1,2,3,4,5,4,7,4,2,1,11,12,13,14,1,16,17,16,1 poly=1,20,171,824,2484,4912,6483,5678,3199,1082,190,12
SAMPLE n=20 alpha=12 par=0,1,2,3,4,5,4,7,3,9,9,3,2,13,13,1,16,17,18,17 poly=1,20,171,824,2483,4907,6486,5739,3347,1245,280,35,2
SAMPLE n=20 alpha=14 par=0,1,2,3,4,5,4,7,3,3,3,3,3,3,1,15,16,17,18,16 poly=1,20,171,839,2675,5931,9492,11134,9566,5957,2639,806,161,19,1
SAMPLE n=20 alpha=12 par=0,1,2,3,4,5,4,7,3,2,2,2,1,13,14,15,1,17,18,19 poly=1,20,171,825,2496,4977,6686,6063,3641,1378,296,29,1
SAMPLE n=20 alpha=11 par=0,1,2,3,4,5,4,7,1,9,10,11,12,11,10,9,16,17,9,9 poly=1,20,171,825,2497,4984,6706,6099,3690,1422,315,30
SAMPLE n=20 alpha=12 par=0,1,2,3,4,5,4,7,1,9,10,11,12,10,14,15,10,9,18,18 poly=1,20,171,822,2458,4779,6142,5220,2907,1041,227,26,1
SAMPLE n=20 alpha=12 par=0,1,2,3,4,5,4,4,4,4,3,1,12,13,14,15,14,13,18,13 poly=1,20,171,831,2578,5424,7990,8335,6109,3050,971,172,12
SAMPLE n=20 alpha=12 par=0,1,2,3,4,5,4,4,4,3,10,3,12,1,14,15,16,14,18,14 poly=1,20,171,828,2535,5179,7246,6993,4608,2006,537,76,4
SAMPLE n=20 alpha=12 par=0,1,2,3,4,5,4,4,4,3,3,2,12,13,1,15,16,17,15,19 poly=1,20,171,827,2523,5124,7115,6812,4459,1937,523,76,4
SAMPLE n=20 alpha=13 par=0,1,2,3,4,5,4,4,4,2,2,1,12,13,14,15,14,14,14,1 poly=1,20,171,832,2600,5594,8645,9829,8297,5172,2326,717,136,12
SAMPLE n=20 alpha=12 par=0,1,2,3,4,5,4,4,4,1,10,11,12,1,14,15,15,1,18,18 poly=1,20,171,827,2529,5187,7382,7411,5249,2574,834,161,14
SAMPLE n=20 alpha=11 par=0,1,2,3,4,5,4,4,3,9,3,1,12,13,14,1,16,17,17,16 poly=1,20,171,825,2498,4993,6737,6150,3730,1434,315,30
SAMPLE n=20 alpha=12 par=0,1,2,3,4,5,4,4,3,3,1,11,12,13,14,12,16,1,18,1 poly=1,20,171,826,2513,5085,7042,6757,4487,2028,598,104,8
SAMPLE n=20 alpha=12 par=0,1,2,3,4,5,4,4,3,3,1,11,12,13,14,11,16,17,11,11 poly=1,20,171,828,2540,5232,7472,7505,5289,2557,805,148,12
SAMPLE n=20 alpha=11 par=0,1,2,3,4,5,4,4,3,2,10,1,12,13,14,15,14,1,18,18 poly=1,20,171,824,2486,4935,6587,5920,3515,1315,280,26
SAMPLE n=20 alpha=11 par=0,1,2,3,4,5,4,4,3,2,1,11,12,13,14,1,16,17,17,16 poly=1,20,171,824,2486,4935,6587,5919,3510,1306,273,24
SAMPLE n=20 alpha=13 par=0,1,2,3,4,5,4,4,2,9,2,2,1,13,14,15,16,15,13,13 poly=1,20,171,829,2558,5365,7989,8691,7005,4173,1796,530,96,8
SAMPLE n=20 alpha=12 par=0,1,2,3,4,5,4,4,2,1,10,11,12,13,12,11,16,16,1,19 poly=1,20,171,824,2488,4957,6687,6162,3855,1599,418,62,4
SAMPLE n=20 alpha=12 par=0,1,2,3,4,5,4,3,8,9,8,2,2,2,2,1,16,17,18,1 poly=1,20,171,830,2561,5332,7751,7994,5838,2948,974,188,16
SAMPLE n=20 alpha=12 par=0,1,2,3,4,5,4,3,8,9,3,2,1,13,14,15,13,17,13,13 poly=1,20,171,827,2524,5132,7146,6885,4566,2033,574,91,6
SAMPLE n=20 alpha=12 par=0,1,2,3,4,5,4,3,8,8,8,3,12,12,12,1,16,17,18,1 poly=1,20,171,827,2524,5147,7265,7258,5169,2589,873,179,17
SAMPLE n=20 alpha=13 par=0,1,2,3,4,5,4,3,8,8,2,2,2,1,14,15,16,14,14,1 poly=1,20,171,829,2551,5293,7689,8012,6061,3320,1289,338,54,4
SAMPLE n=20 alpha=10 par=0,1,2,3,4,5,4,3,8,3,10,3,12,3,2,1,16,17,18,17 poly=1,20,171,829,2538,5147,7019,6365,3677,1223,178
SAMPLE n=20 alpha=11 par=0,1,2,3,4,5,4,3,8,3,10,3,12,2,1,15,16,17,18,17 poly=1,20,171,825,2490,4908,6376,5354,2750,769,92,4
SAMPLE n=20 alpha=12 par=0,1,2,3,4,5,4,3,8,3,10,3,3,1,14,15,16,14,14,1 poly=1,20,171,831,2572,5368,7774,7887,5567,2666,823,148,12
SAMPLE n=20 alpha=11 par=0,1,2,3,4,5,4,3,3,3,2,11,1,13,14,15,16,13,1,19 poly=1,20,171,826,2509,5046,6887,6422,4044,1651,395,42
SAMPLE n=20 alpha=12 par=0,1,2,3,4,5,4,3,3,2,10,1,12,13,14,13,1,17,17,1 poly=1,20,171,826,2510,5056,6927,6511,4176,1791,493,80,6
SAMPLE n=20 alpha=12 par=0,1,2,3,4,5,4,3,2,9,2,1,12,13,14,15,13,1,1,1 poly=1,20,171,828,2536,5198,7355,7297,5087,2454,783,149,13
SAMPLE n=20 alpha=13 par=0,1,2,3,4,5,4,3,2,1,10,11,12,10,10,10,10,1,1,1 poly=1,20,171,835,2624,5660,8705,9753,8023,4814,2054,590,102,8
SAMPLE n=20 alpha=12 par=0,1,2,3,4,5,4,2,8,9,10,2,2,2,2,1,16,17,18,17 poly=1,20,171,833,2603,5570,8469,9278,7277,3981,1441,310,30
SAMPLE n=20 alpha=12 par=0,1,2,3,4,5,4,2,8,9,8,2,12,1,14,15,16,14,14,14 poly=1,20,171,827,2527,5170,7327,7324,5169,2519,801,148,12
SAMPLE n=20 alpha=11 par=0,1,2,3,4,5,4,2,8,2,10,1,12,13,14,15,13,1,18,18 poly=1,20,171,823,2471,4849,6339,5524,3153,1126,226,19
SAMPLE n=20 alpha=12 par=0,1,2,3,4,5,4,2,8,2,1,11,12,13,14,12,12,1,18,1 poly=1,20,171,826,2512,5078,7026,6748,4503,2054,611,106,8
SAMPLE n=20 alpha=12 par=0,1,2,3,4,5,4,2,2,1,10,11,12,10,14,10,16,10,1,19 poly=1,20,171,827,2521,5107,7064,6754,4469,2020,598,104,8
SAMPLE n=20 alpha=14 par=0,1,2,3,4,5,4,2,2,1,10,11,12,10,10,10,10,1,1,1 poly=1,20,171,836,2637,5736,8962,10309,8838,5652,2667,905,210,30,2
SAMPLE n=20 alpha=13 par=0,1,2,3,4,5,3,7,8,3,1,11,12,13,11,1,16,1,1,1 poly=1,20,171,830,2562,5338,7768,8038,5940,3105,1117,261,35,2
SAMPLE n=20 alpha=12 par=0,1,2,3,4,5,3,7,8,2,10,1,12,13,14,1,16,16,16,1 poly=1,20,171,824,2483,4910,6512,5825,3485,1360,329,45,3
SAMPLE n=20 alpha=11 par=0,1,2,3,4,5,3,7,8,2,1,11,12,13,11,15,11,1,18,1 poly=1,20,171,824,2480,4874,6342,5414,2933,942,157,10
SAMPLE n=20 alpha=14 par=0,1,2,3,4,5,3,7,7,3,3,2,2,2,2,1,16,17,18,16 poly=1,20,171,834,2610,5588,8516,9466,7763,4692,2062,641,134,17,1
SAMPLE n=20 alpha=11 par=0,1,2,3,4,5,3,7,7,1,10,11,12,10,14,10,16,10,18,10 poly=1,20,171,828,2531,5136,7056,6548,4012,1545,338,32
SAMPLE n=20 alpha=11 par=0,1,2,3,4,5,3,7,3,9,1,11,12,13,14,12,16,12,11,11 poly=1,20,171,825,2496,4969,6630,5911,3436,1233,244,20
SAMPLE n=20 alpha=12 par=0,1,2,3,4,5,3,7,2,9,9,9,9,9,1,15,16,17,15,19 poly=1,20,171,829,2554,5321,7778,8108,5990,3044,1004,192,16
SAMPLE n=20 alpha=13 par=0,1,2,3,4,5,3,3,3,3,3,2,1,13,14,15,1,17,18,19 poly=1,20,171,833,2601,5549,8385,9105,7064,3819,1372,300,33,1
SAMPLE n=20 alpha=13 par=0,1,2,3,4,5,3,3,3,2,10,10,10,10,1,15,16,17,18,15 poly=1,20,171,830,2570,5429,8181,9032,7364,4394,1865,532,91,7
SAMPLE n=20 alpha=14 par=0,1,2,3,4,5,3,3,3,1,10,11,12,1,14,15,15,15,15,15 poly=1,20,171,833,2616,5704,9059,10766,9675,6562,3307,1199,295,44,3
SAMPLE n=20 alpha=12 par=0,1,2,3,4,5,3,3,2,9,1,11,12,13,14,1,16,1,18,1 poly=1,20,171,826,2507,5027,6815,6288,3928,1632,431,64,4
SAMPLE n=20 alpha=13 par=0,1,2,3,4,5,3,2,8,9,9,9,9,9,1,15,16,17,18,15 poly=1,20,171,829,2560,5383,8038,8699,6818,3803,1458,361,51,3
SAMPLE n=20 alpha=12 par=0,1,2,3,4,5,3,2,8,9,9,9,8,1,14,15,16,14,1,19 poly=1,20,171,824,2486,4940,6631,6071,3777,1564,411,62,4
SAMPLE n=20 alpha=11 par=0,1,2,3,4,5,3,2,8,9,8,11,8,13,2,15,1,17,18,19 poly=1,20,171,823,2464,4774,6017,4816,2309,597,71,2
SAMPLE n=20 alpha=12 par=0,1,2,3,4,5,3,1,8,9,10,11,8,1,14,15,14,14,14,1 poly=1,20,171,827,2523,5128,7145,6903,4605,2074,601,102,8
SAMPLE n=20 alpha=10 par=0,1,2,3,4,5,2,7,8,7,2,1,12,13,14,1,16,1,18,1 poly=1,20,171,826,2503,4984,6620,5804,3220,1022,141
SAMPLE n=20 alpha=11 par=0,1,2,3,4,5,2,7,8,2,2,1,12,13,14,1,16,1,18,1 poly=1,20,171,828,2528,5118,7024,6554,4094,1641,382,39
SAMPLE n=20 alpha=11 par=0,1,2,3,4,5,2,2,2,1,10,11,12,13,10,1,16,17,16,1 poly=1,20,171,827,2521,5110,7079,6766,4415,1887,477,54
SAMPLE n=20 alpha=13 par=0,1,2,3,4,4,4,4,4,4,4,3,12,1,14,15,16,1,18,1 poly=1,20,171,841,2707,6125,10118,12382,11219,7433,3504,1115,215,19
SAMPLE n=20 alpha=15 par=0,1,2,3,4,4,4,4,4,4,4,3,3,2,2,1,16,17,1,1 poly=1,20,171,846,2766,6426,11041,14314,14107,10556,5944,2473,736,148,18,1
SAMPLE n=20 alpha=14 par=0,1,2,3,4,4,4,4,4,4,4,3,2,1,14,15,16,15,15,15 poly=1,20,171,845,2764,6451,11181,14669,14655,11101,6280,2575,724,125,10
SAMPLE n=20 alpha=14 par=0,1,2,3,4,4,4,4,4,4,3,3,3,1,14,15,16,16,14,19 poly=1,20,171,839,2681,5995,9800,12007,11143,7822,4099,1559,408,66,5
SAMPLE n=20 alpha=16 par=0,1,2,3,4,4,4,4,4,4,3,3,3,1,14,15,15,15,15,15 poly=1,20,171,847,2793,6631,11869,16452,17915,15403,10425,5493,2207,653,134,17,1
SAMPLE n=20 alpha=14 par=0,1,2,3,4,4,4,4,4,4,3,3,2,13,1,15,16,17,16,16 poly=1,20,171,838,2670,5936,9590,11489,10260,6783,3259,1101,247,33,2
SAMPLE n=20 alpha=13 par=0,1,2,3,4,4,4,4,4,3,10,10,10,3,14,3,1,17,18,19 poly=1,20,171,835,2623,5661,8742,9883,8231,5002,2160,629,111,9
SAMPLE n=20 alpha=14 par=0,1,2,3,4,4,4,4,4,3,10,10,10,2,14,2,1,17,18,18 poly=1,20,171,834,2624,5736,9155,10979,10009,6926,3587,1349,348,55,4
SAMPLE n=20 alpha=14 par=0,1,2,3,4,4,4,4,4,3,3,3,2,13,1,15,16,16,15,19 poly=1,20,171,835,2628,5700,8874,10155,8627,5422,2476,792,166,20,1
SAMPLE n=20 alpha=15 par=0,1,2,3,4,4,4,4,4,2,10,11,11,11,2,2,1,17,18,18 poly=1,20,171,836,2659,5967,9962,12742,12666,9815,5888,2685,900,209,30,2
SAMPLE n=20 alpha=14 par=0,1,2,3,4,4,4,4,4,2,10,11,10,13,2,2,2,1,18,19 poly=1,20,171,837,2661,5920,9659,11849,11001,7675,3940,1433,346,49,3
SAMPLE n=20 alpha=13 par=0,1,2,3,4,4,4,4,4,2,10,11,10,2,1,15,16,17,16,19 poly=1,20,171,831,2585,5509,8383,9291,7491,4302,1689,422,58,3
SAMPLE n=20 alpha=13 par=0,1,2,3,4,4,4,4,4,2,10,11,1,13,14,15,14,1,18,19 poly=1,20,171,829,2559,5372,7990,8583,6641,3622,1338,312,40,2
SAMPLE n=20 alpha=14 par=0,1,2,3,4,4,4,4,4,2,2,2,2,1,14,15,16,15,18,1 poly=1,20,171,838,2679,6036,10044,12650,12153,8858,4811,1883,501,81,6
SAMPLE n=20 alpha=14 par=0,1,2,3,4,4,4,4,4,1,10,11,12,12,12,10,16,17,16,16 poly=1,20,171,833,2617,5709,9055,10701,9504,6318,3090,1074,249,34,2
SAMPLE n=20 alpha=14 par=0,1,2,3,4,4,4,4,4,1,10,11,12,12,12,10,1,17,18,17 poly=1,20,171,832,2603,5630,8811,10231,8900,5789,2777,953,221,31,2
SAMPLE n=20 alpha=12 par=0,1,2,3,4,4,4,4,4,1,10,11,12,11,10,15,16,15,10,19 poly=1,20,171,831,2582,5471,8209,8870,6869,3707,1318,277,26
SAMPLE n=20 alpha=13 par=0,1,2,3,4,4,4,4,3,9,9,1,12,13,14,13,12,12,1,1 poly=1,20,171,831,2582,5477,8261,9069,7302,4275,1770,490,81,6
SAMPLE n=20 alpha=13 par=0,1,2,3,4,4,4,4,3,9,3,1,12,13,14,14,14,1,18,18 poly=1,20,171,830,2571,5429,8145,8898,7150,4206,1770,506,88,7
SAMPLE n=20 alpha=13 par=0,1,2,3,4,4,4,4,3,2,10,2,2,2,1,15,16,16,15,1 poly=1,20,171,836,2642,5780,9114,10581,9097,5738,2583,785,144,12
SAMPLE n=20 alpha=13 par=0,1,2,3,4,4,4,4,2,9,10,10,10,9,14,1,16,17,16,19 poly=1,20,171,828,2546,5303,7802,8324,6508,3704,1498,408,67,5
SAMPLE n=20 alpha=15 par=0,1,2,3,4,4,4,4,2,9,10,10,10,2,2,1,16,17,1,1 poly=1,20,171,834,2626,5754,9233,11211,10486,7599,4245,1797,558,120,16,1
SAMPLE n=20 alpha=15 par=0,1,2,3,4,4,4,4,2,9,10,10,2,2,1,15,16,15,15,15 poly=1,20,171,835,2644,5876,9671,12186,11960,9186,5486,2502,843,198,29,2
SAMPLE n=20 alpha=14 par=0,1,2,3,4,4,4,4,2,9,10,10,2,1,14,15,16,16,16,15 poly=1,20,171,830,2577,5498,8466,9711,8433,5560,2756,1001,253,40,3
SAMPLE n=20 alpha=14 par=0,1,2,3,4,4,4,4,2,9,10,10,1,13,14,13,16,1,1,1 poly=1,20,171,831,2584,5503,8384,9376,7777,4776,2139,677,143,18,1
SAMPLE n=20 alpha=14 par=0,1,2,3,4,4,4,4,2,9,9,9,9,9,1,15,16,17,16,19 poly=1,20,171,834,2628,5760,9184,10905,9713,6449,3118,1048,225,26,1
SAMPLE n=20 alpha=14 par=0,1,2,3,4,4,4,4,2,9,9,9,2,13,2,1,16,17,17,17 poly=1,20,171,834,2625,5736,9120,10852,9791,6700,3435,1283,331,53,4
SAMPLE n=20 alpha=14 par=0,1,2,3,4,4,4,4,2,9,2,2,1,13,14,15,13,17,13,13 poly=1,20,171,834,2626,5747,9178,11018,10076,7012,3657,1383,357,56,4
SAMPLE n=20 alpha=13 par=0,1,2,3,4,4,4,4,2,9,2,2,1,13,14,13,16,13,1,19 poly=1,20,171,832,2594,5543,8474,9508,7896,4805,2078,602,104,8
SAMPLE n=20 alpha=16 par=0,1,2,3,4,4,4,4,2,2,2,2,2,2,1,15,16,17,17,17 poly=1,20,171,846,2784,6615,11873,16503,17998,15473,10459,5502,2208,653,134,17,1
SAMPLE n=20 alpha=13 par=0,1,2,3,4,4,4,4,2,1,10,11,12,12,12,1,16,17,1,19 poly=1,20,171,829,2560,5382,8040,8753,7005,4089,1695,472,79,6
SAMPLE n=20 alpha=14 par=0,1,2,3,4,4,4,3,8,8,8,2,2,1,14,15,16,14,18,14 poly=1,20,171,829,2557,5361,8011,8849,7396,4712,2266,798,194,29,2
SAMPLE n=20 alpha=15 par=0,1,2,3,4,4,4,3,8,8,8,2,2,1,14,15,15,15,1,1 poly=1,20,171,832,2599,5604,8779,10354,9398,6633,3639,1533,482,107,15,1
SAMPLE n=20 alpha=12 par=0,1,2,3,4,4,4,3,8,3,10,2,12,1,14,15,14,1,18,18 poly=1,20,171,826,2508,5037,6860,6398,4076,1737,468,70,4
SAMPLE n=20 alpha=12 par=0,1,2,3,4,4,4,3,8,3,10,2,1,13,14,15,14,14,1,19 poly=1,20,171,827,2524,5134,7162,6938,4657,2118,616,100,6
SAMPLE n=20 alpha=12 par=0,1,2,3,4,4,4,3,8,3,3,1,12,13,14,12,16,16,12,19 poly=1,20,171,829,2549,5257,7483,7438,5154,2448,764,142,12
SAMPLE n=20 alpha=14 par=0,1,2,3,4,4,4,3,3,3,3,3,2,13,1,15,16,17,17,1 poly=1,20,171,837,2650,5807,9178,10718,9348,6082,2912,996,230,32,2
SAMPLE n=20 alpha=14 par=0,1,2,3,4,4,4,3,3,2,10,11,11,2,1,15,16,16,1,1 poly=1,20,171,830,2566,5385,7991,8615,6858,4054,1768,556,120,16,1
SAMPLE n=20 alpha=12 par=0,1,2,3,4,4,4,3,3,2,10,11,10,13,2,1,16,17,16,1 poly=1,20,171,828,2534,5175,7244,7009,4650,2057,571,87,5
SAMPLE n=20 alpha=13 par=0,1,2,3,4,4,4,3,3,2,10,11,1,13,14,15,15,14,18,18 poly=1,20,171,826,2514,5097,7104,6929,4764,2298,760,163,20,1
SAMPLE n=20 alpha=14 par=0,1,2,3,4,4,4,3,3,2,2,2,2,2,1,15,16,17,17,16 poly=1,20,171,839,2680,5983,9728,11772,10682,7240,3610,1285,309,45,3
SAMPLE n=20 alpha=13 par=0,1,2,3,4,4,4,3,3,1,10,11,12,12,11,15,15,1,18,18 poly=1,20,171,827,2530,5198,7436,7570,5543,2917,1085,273,42,3
SAMPLE n=20 alpha=13 par=0,1,2,3,4,4,4,3,3,1,10,11,12,11,14,11,10,17,17,1 poly=1,20,171,828,2540,5235,7504,7641,5595,2958,1120,294,49,4
SAMPLE n=20 alpha=13 par=0,1,2,3,4,4,4,3,3,1,10,11,12,11,10,15,10,10,10,1 poly=1,20,171,834,2614,5607,8525,9353,7440,4259,1716,465,77,6
SAMPLE n=20 alpha=12 par=0,1,2,3,4,4,4,3,3,1,10,11,12,11,10,1,16,17,17,16 poly=1,20,171,827,2528,5174,7317,7254,5042,2418,768,147,13
SAMPLE n=20 alpha=12 par=0,1,2,3,4,4,4,3,2,9,10,1,12,13,14,14,12,17,18,17 poly=1,20,171,824,2489,4971,6760,6350,4121,1814,516,85,6
SAMPLE n=20 alpha=12 par=0,1,2,3,4,4,4,3,2,9,10,1,12,13,14,13,16,12,1,1 poly=1,20,171,826,2512,5076,7007,6675,4359,1897,516,76,4
SAMPLE n=20 alpha=12 par=0,1,2,3,4,4,4,3,2,9,1,11,12,13,12,15,12,1,18,19 poly=1,20,171,825,2500,5015,6834,6375,4033,1678,431,61,4
SAMPLE n=20 alpha=11 par=0,1,2,3,4,4,4,3,2,9,1,11,12,13,12,11,16,11,18,11 poly=1,20,171,828,2536,5189,7284,7064,4675,2029,525,62
SAMPLE n=20 alpha=12 par=0,1,2,3,4,4,4,3,1,9,10,9,12,1,14,15,14,17,1,19 poly=1,20,171,825,2496,4974,6667,6022,3609,1382,314,37,2
SAMPLE n=20 alpha=12 par=0,1,2,3,4,4,4,3,1,9,10,9,1,13,14,1,16,1,18,1 poly=1,20,171,831,2570,5352,7722,7799,5485,2626,815,148,12
SAMPLE n=20 alpha=14 par=0,1,2,3,4,4,4,2,8,9,1,11,12,13,11,11,11,1,18,18 poly=1,20,171,828,2543,5279,7737,8263,6556,3889,1712,545,119,16,1
SAMPLE n=20 alpha=12 par=0,1,2,3,4,4,4,2,8,8,1,11,12,13,12,15,1,17,1,19 poly=1,20,171,825,2500,5020,6873,6489,4190,1780,453,55,1
SAMPLE n=20 alpha=14 par=0,1,2,3,4,4,4,2,8,2,2,2,1,13,14,15,15,13,18,13 poly=1,20,171,833,2611,5660,8906,10485,9374,6375,3262,1223,319,52,4
SAMPLE n=20 alpha=13 par=0,1,2,3,4,4,4,2,8,1,10,11,12,12,12,10,1,17,18,18 poly=1,20,171,826,2521,5180,7488,7849,6050,3422,1390,385,65,5
SAMPLE n=20 alpha=12 par=0,1,2,3,4,4,4,2,8,1,10,11,12,11,14,11,10,17,17,10 poly=1,20,171,827,2526,5157,7265,7176,4974,2372,737,132,10
SAMPLE n=20 alpha=12 par=0,1,2,3,4,4,4,2,8,1,10,11,12,11,11,10,16,17,16,10 poly=1,20,171,827,2527,5168,7312,7280,5109,2481,792,148,12
SAMPLE n=20 alpha=14 par=0,1,2,3,4,4,4,2,2,2,1,11,12,13,12,12,1,17,18,1 poly=1,20,171,831,2583,5497,8381,9432,7966,5068,2405,829,197,29,2
SAMPLE n=20 alpha=13 par=0,1,2,3,4,4,4,2,2,2,1,11,12,13,12,1,16,17,16,19 poly=1,20,171,828,2543,5277,7712,8147,6277,3486,1343,331,44,2
SAMPLE n=20 alpha=14 par=0,1,2,3,4,4,4,2,2,2,1,11,12,13,11,15,16,11,18,11 poly=1,20,171,831,2584,5510,8455,9649,8322,5422,2628,917,217,31,2
SAMPLE n=20 alpha=12 par=0,1,2,3,4,4,4,2,1,9,10,9,12,9,14,9,9,1,18,1 poly=1,20,171,833,2596,5494,8155,8618,6486,3417,1203,254,24
SAMPLE n=20 alpha=13 par=0,1,2,3,4,4,3,7,7,3,10,10,3,2,2,1,16,17,18,18 poly=1,20,171,829,2544,5221,7388,7338,5163,2574,897,210,30,2
SAMPLE n=20 alpha=13 par=0,1,2,3,4,4,3,7,7,3,2,2,2,1,14,15,16,16,14,19 poly=1,20,171,829,2551,5293,7690,8016,6065,3321,1289,338,54,4
SAMPLE n=20 alpha=13 par=0,1,2,3,4,4,3,7,7,3,2,2,2,1,14,15,15,14,1,19 poly=1,20,171,830,2560,5320,7706,7932,5842,3055,1103,259,35,2
SAMPLE n=20 alpha=13 par=0,1,2,3,4,4,3,7,7,1,10,11,12,10,14,14,14,10,1,19 poly=1,20,171,826,2512,5078,7031,6776,4567,2136,677,139,17,1
SAMPLE n=20 alpha=12 par=0,1,2,3,4,4,3,7,3,3,2,1,12,13,13,12,1,17,18,1 poly=1,20,171,829,2547,5241,7423,7301,4952,2259,658,110,8
SAMPLE n=20 alpha=13 par=0,1,2,3,4,4,3,7,2,9,9,9,9,1,14,15,1,17,17,1 poly=1,20,171,829,2553,5316,7785,8206,6265,3424,1299,323,47,3
SAMPLE n=20 alpha=13 par=0,1,2,3,4,4,3,7,2,9,9,9,2,1,14,15,16,16,14,19 poly=1,20,171,826,2513,5092,7101,6954,4832,2382,822,192,28,2
SAMPLE n=20 alpha=13 par=0,1,2,3,4,4,3,7,2,9,2,2,1,13,14,15,15,1,1,1 poly=1,20,171,831,2573,5392,7925,8338,6330,3451,1324,342,54,4
SAMPLE n=20 alpha=14 par=0,1,2,3,4,4,3,7,2,1,10,11,12,12,11,1,1,1,1,1 poly=1,20,171,836,2643,5790,9146,10615,9081,5677,2543,789,160,19,1
SAMPLE n=20 alpha=13 par=0,1,2,3,4,4,3,7,2,1,10,11,12,12,10,15,1,1,1,1 poly=1,20,171,831,2576,5420,8028,8530,6522,3546,1332,327,47,3
SAMPLE n=20 alpha=12 par=0,1,2,3,4,4,3,7,2,1,10,11,12,11,14,11,11,11,10,1 poly=1,20,171,831,2574,5386,7840,8015,5709,2756,853,152,12
SAMPLE n=20 alpha=13 par=0,1,2,3,4,4,3,7,2,1,10,11,12,10,14,14,10,1,1,1 poly=1,20,171,829,2547,5247,7473,7466,5237,2544,829,171,20,1
SAMPLE n=20 alpha=12 par=0,1,2,3,4,4,3,7,2,1,10,11,12,10,14,14,1,17,18,1 poly=1,20,171,824,2483,4909,6507,5821,3499,1387,346,49,3
SAMPLE n=20 alpha=12 par=0,1,2,3,4,4,3,7,2,1,10,11,12,10,14,10,16,1,1,1 poly=1,20,171,828,2532,5155,7170,6873,4513,1980,550,87,6
SAMPLE n=20 alpha=12 par=0,1,2,3,4,4,3,7,2,1,10,11,12,10,14,1,16,17,1,1 poly=1,20,171,826,2507,5027,6816,6291,3926,1619,420,62,4
SAMPLE n=20 alpha=14 par=0,1,2,3,4,4,3,3,3,2,10,10,10,10,1,15,16,15,15,15 poly=1,20,171,836,2651,5871,9497,11507,10555,7318,3781,1412,360,56,4
SAMPLE n=20 alpha=13 par=0,1,2,3,4,4,3,3,3,1,10,11,1,13,14,1,16,17,1,19 poly=1,20,171,829,2549,5268,7567,7700,5591,2879,1026,240,33,2
SAMPLE n=20 alpha=12 par=0,1,2,3,4,4,3,3,2,9,2,11,2,1,14,15,16,15,14,14 poly=1,20,171,830,2560,5312,7639,7705,5433,2622,824,151,12
SAMPLE n=20 alpha=13 par=0,1,2,3,4,4,3,2,8,9,8,8,2,13,13,1,16,17,17,1 poly=1,20,171,827,2522,5124,7159,7013,4871,2406,837,198,29,2
SAMPLE n=20 alpha=12 par=0,1,2,3,4,4,3,2,8,9,8,8,1,13,14,15,13,17,18,13 poly=1,20,171,825,2500,5018,6859,6458,4176,1818,509,83,6
SAMPLE n=20 alpha=13 par=0,1,2,3,4,4,3,2,8,8,8,8,8,8,2,1,16,17,18,17 poly=1,20,171,837,2655,5852,9329,10960,9507,6011,2691,808,146,12
SAMPLE n=20 alpha=14 par=0,1,2,3,4,4,3,2,8,8,8,8,8,1,14,15,16,16,14,14 poly=1,20,171,833,2613,5676,8945,10497,9276,6175,3064,1104,274,42,3
SAMPLE n=20 alpha=13 par=0,1,2,3,4,4,3,2,8,8,8,8,1,13,14,15,14,13,1,1 poly=1,20,171,830,2568,5404,8060,8731,6927,3989,1619,437,70,5
SAMPLE n=20 alpha=13 par=0,1,2,3,4,4,3,2,8,8,2,2,2,1,14,15,16,15,15,15 poly=1,20,171,835,2630,5710,8874,10061,8357,5036,2143,610,104,8
SAMPLE n=20 alpha=11 par=0,1,2,3,4,4,3,2,8,2,10,2,12,2,1,15,16,17,15,19 poly=1,20,171,829,2541,5182,7179,6747,4200,1638,356,32
SAMPLE n=20 alpha=12 par=0,1,2,3,4,4,3,2,8,2,10,2,12,1,14,15,16,15,15,15 poly=1,20,171,830,2562,5325,7663,7688,5304,2414,661,87,2
SAMPLE n=20 alpha=12 par=0,1,2,3,4,4,3,2,8,2,2,1,12,13,13,1,16,17,16,16 poly=1,20,171,829,2550,5280,7612,7766,5606,2807,928,182,16
SAMPLE n=20 alpha=12 par=0,1,2,3,4,4,3,2,2,1,10,11,12,12,10,15,16,10,18,1 poly=1,20,171,826,2511,5068,6987,6668,4407,1986,585,102,8
SAMPLE n=20 alpha=12 par=0,1,2,3,4,4,3,2,2,1,10,11,12,10,14,15,10,17,1,1 poly=1,20,171,827,2520,5095,7004,6591,4209,1775,467,68,4
SAMPLE n=20 alpha=12 par=0,1,2,3,4,4,2,7,8,8,2,1,12,13,14,13,12,1,18,19 poly=1,20,171,824,2487,4955,6717,6319,4176,1936,610,119,11
SAMPLE n=20 alpha=15 par=0,1,2,3,4,4,2,7,8,8,2,1,12,13,14,12,12,12,12,12 poly=1,20,171,836,2650,5870,9534,11674,10925,7862,4343,1818,560,120,16,1
SAMPLE n=20 alpha=12 par=0,1,2,3,4,4,2,7,8,7,10,2,12,12,1,15,16,17,15,1 poly=1,20,171,824,2482,4901,6480,5767,3425,1319,309,39,2
SAMPLE n=20 alpha=13 par=0,1,2,3,4,4,2,7,8,7,10,2,2,2,2,1,16,17,16,1 poly=1,20,171,835,2620,5629,8598,9525,7683,4457,1804,481,75,5
SAMPLE n=20 alpha=12 par=0,1,2,3,4,4,2,7,8,7,10,2,1,13,14,15,14,17,1,19 poly=1,20,171,823,2470,4838,6293,5433,3071,1108,242,27,1
SAMPLE n=20 alpha=13 par=0,1,2,3,4,4,2,7,8,7,10,2,1,13,14,15,1,17,17,17 poly=1,20,171,825,2499,5015,6880,6585,4452,2126,702,152,19,1
SAMPLE n=20 alpha=13 par=0,1,2,3,4,4,2,7,7,7,2,2,2,1,14,15,16,15,14,1 poly=1,20,171,833,2599,5532,8343,9120,7306,4284,1806,523,94,8
SAMPLE n=20 alpha=12 par=0,1,2,3,4,4,2,7,7,2,2,1,12,13,14,13,16,13,12,1 poly=1,20,171,829,2549,5262,7516,7528,5286,2562,823,159,14
SAMPLE n=20 alpha=13 par=0,1,2,3,4,4,2,7,7,2,2,1,12,13,14,1,16,16,1,19 poly=1,20,171,828,2532,5163,7233,7077,4869,2346,774,165,20,1
SAMPLE n=20 alpha=11 par=0,1,2,3,4,4,2,7,2,9,1,11,12,13,12,15,12,11,11,1 poly=1,20,171,827,2521,5101,7013,6579,4154,1698,410,45
SAMPLE n=20 alpha=11 par=0,1,2,3,4,4,2,7,2,9,1,11,12,13,12,11,11,1,18,19 poly=1,20,171,825,2496,4978,6699,6121,3760,1500,356,39
SAMPLE n=20 alpha=12 par=0,1,2,3,4,4,2,7,2,9,1,11,12,13,11,1,16,17,17,17 poly=1,20,171,825,2501,5034,6949,6702,4532,2109,643,115,9
SAMPLE n=20 alpha=11 par=0,1,2,3,4,4,2,1,8,9,10,9,12,9,8,15,16,15,18,15 poly=1,20,171,825,2498,4996,6760,6222,3849,1544,369,41
SAMPLE n=20 alpha=12 par=0,1,2,3,4,4,2,1,8,9,10,9,12,9,1,15,16,16,15,19 poly=1,20,171,824,2487,4948,6655,6108,3812,1587,420,63,4
SAMPLE n=20 alpha=12 par=0,1,2,3,4,4,2,1,8,9,10,9,8,1,14,15,15,1,18,18 poly=1,20,171,825,2498,5003,6821,6429,4207,1889,559,99,8
SAMPLE n=20 alpha=12 par=0,1,2,3,4,4,2,1,8,9,10,8,12,8,14,1,16,16,16,1 poly=1,20,171,827,2521,5111,7093,6838,4594,2124,649,119,10
SAMPLE n=20 alpha=14 par=0,1,2,3,4,4,2,1,8,9,10,8,12,8,8,8,8,8,8,1 poly=1,20,171,847,2765,6365,10705,13369,12453,8617,4371,1582,388,58,4
SAMPLE n=20 alpha=13 par=0,1,2,3,4,4,2,1,8,9,10,8,8,8,8,1,16,1,18,1 poly=1,20,171,834,2607,5556,8373,9110,7204,4102,1636,434,69,5
SAMPLE n=20 alpha=13 par=0,1,2,3,4,4,2,1,8,9,10,8,1,13,14,14,14,13,18,18 poly=1,20,171,825,2502,5048,7028,6935,4927,2515,902,216,31,2
SAMPLE n=20 alpha=13 par=0,1,2,3,4,4,1,7,8,9,7,11,11,1,14,15,15,15,15,15 poly=1,20,171,830,2574,5464,8298,9226,7536,4472,1877,529,90,7
SAMPLE n=20 alpha=13 par=0,1,2,3,4,4,1,7,8,9,7,11,7,7,1,15,16,16,15,15 poly=1,20,171,828,2538,5219,7442,7491,5356,2707,949,221,31,2
SAMPLE n=20 alpha=13 par=0,1,2,3,4,4,1,7,8,9,7,7,7,1,14,15,14,1,1,1 poly=1,20,171,834,2608,5566,8412,9195,7331,4242,1741,481,80,6
SAMPLE n=20 alpha=10 par=0,1,2,3,4,3,6,3,8,3,2,11,2,1,14,15,16,15,14,19 poly=1,20,171,827,2517,5056,6807,6077,3448,1124,160
SAMPLE n=20 alpha=12 par=0,1,2,3,4,3,6,3,8,2,10,1,12,13,1,15,15,15,15,15 poly=1,20,171,831,2577,5425,8028,8470,6319,3220,1048,191,14
SAMPLE n=20 alpha=12 par=0,1,2,3,4,3,6,3,3,2,10,2,2,2,2,1,16,17,16,19 poly=1,20,171,838,2653,5776,8947,10005,8053,4559,1723,390,40
SAMPLE n=20 alpha=11 par=0,1,2,3,4,3,6,2,8,9,8,2,12,13,12,2,1,17,18,1 poly=1,20,171,826,2500,4957,6525,5640,3082,984,157,9
SAMPLE n=20 alpha=11 par=0,1,2,3,4,3,6,2,8,8,2,1,12,13,14,1,16,17,16,1 poly=1,20,171,825,2492,4936,6517,5701,3205,1081,188,11
SAMPLE n=20 alpha=12 par=0,1,2,3,4,3,6,2,8,2,10,1,12,13,14,12,12,1,18,18 poly=1,20,171,825,2494,4960,6640,6042,3746,1567,421,64,4
SAMPLE n=20 alpha=13 par=0,1,2,3,4,3,3,3,3,3,2,11,11,2,1,15,16,15,1,19 poly=1,20,171,837,2647,5773,9004,10202,8384,4907,1969,505,72,4
SAMPLE n=20 alpha=12 par=0,1,2,3,4,3,3,3,3,3,2,11,1,13,14,15,14,13,18,19 poly=1,20,171,834,2614,5611,8536,9319,7248,3905,1378,285,26
SAMPLE n=20 alpha=13 par=0,1,2,3,4,3,3,2,8,9,2,11,11,11,11,2,1,17,18,17 poly=1,20,171,832,2584,5447,8084,8621,6648,3676,1420,364,56,4
SAMPLE n=20 alpha=12 par=0,1,2,3,4,3,3,1,8,9,10,9,8,13,13,1,16,17,16,1 poly=1,20,171,826,2512,5080,7041,6794,4583,2142,672,130,12
SAMPLE n=20 alpha=12 par=0,1,2,3,4,3,3,1,8,9,10,9,8,1,14,15,1,17,17,17 poly=1,20,171,827,2525,5150,7242,7126,4901,2308,708,127,10
SAMPLE n=20 alpha=12 par=0,1,2,3,4,3,3,1,8,9,10,8,12,12,8,15,8,17,8,1 poly=1,20,171,831,2567,5320,7586,7495,5091,2320,674,112,8
SAMPLE n=20 alpha=14 par=0,1,2,3,4,3,3,1,8,9,10,8,12,8,8,1,1,1,1,1 poly=1,20,171,840,2687,6005,9788,11925,10966,7590,3896,1440,363,56,4
SAMPLE n=20 alpha=13 par=0,1,2,3,4,3,3,1,8,9,10,8,8,1,14,15,16,14,1,1 poly=1,20,171,829,2549,5270,7576,7713,5596,2875,1022,239,33,2
SAMPLE n=20 alpha=12 par=0,1,2,3,4,3,2,7,8,2,10,10,2,1,14,15,16,15,14,14 poly=1,20,171,828,2534,5175,7252,7054,4752,2177,649,114,9
SAMPLE n=20 alpha=11 par=0,1,2,3,4,3,2,7,8,1,10,11,1,13,14,1,16,16,1,19 poly=1,20,171,825,2489,4908,6416,5524,3051,1024,187,14
SAMPLE n=20 alpha=12 par=0,1,2,3,4,3,2,7,1,9,10,11,9,13,13,1,16,17,1,1 poly=1,20,171,826,2507,5032,6858,6430,4158,1827,519,85,6
SAMPLE n=20 alpha=11 par=0,1,2,3,4,3,2,7,1,9,10,11,1,13,14,14,13,17,13,13 poly=1,20,171,826,2507,5023,6777,6146,3658,1353,278,24
SAMPLE n=20 alpha=14 par=0,1,2,3,4,2,6,6,6,6,6,6,1,13,14,15,13,17,17,13 poly=1,20,171,836,2646,5815,9237,10798,9305,5851,2628,813,163,19,1
SAMPLE n=20 alpha=13 par=0,1,2,3,4,2,6,6,6,2,10,10,2,13,13,2,1,17,18,1 poly=1,20,171,832,2572,5329,7609,7593,5317,2591,854,179,21,1
SAMPLE n=20 alpha=13 par=0,1,2,3,4,2,6,6,6,2,2,1,12,13,14,12,1,17,18,19 poly=1,20,171,827,2521,5111,7093,6840,4609,2163,695,146,18,1
SAMPLE n=20 alpha=13 par=0,1,2,3,4,2,2,2,1,9,10,11,1,13,14,14,14,1,18,19 poly=1,20,171,828,2539,5237,7550,7796,5826,3136,1188,300,45,3
SAMPLE n=20 alpha=14 par=0,1,2,3,3,3,3,3,3,3,2,11,11,2,14,2,1,17,1,1 poly=1,20,171,847,2767,6404,10930,14016,13561,9841,5272,2023,526,83,6
SAMPLE n=20 alpha=14 par=0,1,2,3,3,3,3,3,2,9,1,11,12,12,12,1,16,17,1,19 poly=1,20,171,833,2609,5638,8803,10204,8873,5777,2775,953,221,31,2
SAMPLE n=20 alpha=14 par=0,1,2,3,3,3,3,3,2,9,1,11,12,12,11,11,11,1,18,19 poly=1,20,171,835,2633,5748,9061,10549,9131,5834,2693,863,179,21,1
SAMPLE n=20 alpha=14 par=0,1,2,3,3,3,3,2,8,8,1,11,12,12,1,15,1,17,1,1 poly=1,20,171,835,2629,5725,9034,10647,9520,6472,3308,1237,321,52,4
SAMPLE n=20 alpha=15 par=0,1,2,3,3,3,3,2,8,2,2,2,2,2,1,15,16,16,1,1 poly=1,20,171,847,2761,6349,10744,13740,13487,10225,5970,2649,869,200,29,2
SAMPLE n=20 alpha=14 par=0,1,2,3,3,3,3,2,8,1,10,11,11,11,1,15,16,16,15,19 poly=1,20,171,829,2558,5365,7987,8683,6995,4182,1834,574,122,16,1
SAMPLE n=20 alpha=14 par=0,1,2,3,3,3,2,7,7,7,2,2,1,13,14,13,16,1,1,1 poly=1,20,171,835,2620,5630,8615,9618,7932,4835,2151,678,143,18,1
SAMPLE n=20 alpha=13 par=0,1,2,3,3,3,2,7,7,2,10,10,2,13,13,1,16,1,18,1 poly=1,20,171,831,2562,5293,7563,7636,5536,2908,1101,291,49,4
SAMPLE n=20 alpha=13 par=0,1,2,3,3,3,2,7,7,2,2,1,12,13,12,1,16,16,16,1 poly=1,20,171,833,2596,5505,8237,8877,6945,3924,1566,420,68,5
SAMPLE n=20 alpha=14 par=0,1,2,3,3,3,2,7,2,9,1,11,12,12,12,11,1,1,1,1 poly=1,20,171,836,2638,5751,9045,10541,9215,6038,2924,1014,237,33,2
SAMPLE n=20 alpha=12 par=0,1,2,3,3,3,2,7,2,9,1,11,12,12,11,15,11,1,18,1 poly=1,20,171,829,2543,5205,7294,7061,4699,2102,598,95,6
SAMPLE n=20 alpha=13 par=0,1,2,3,3,3,2,2,2,2,1,11,12,11,11,1,16,17,1,19 poly=1,20,171,835,2620,5627,8588,9518,7729,4579,1937,557,98,8
SAMPLE n=20 alpha=13 par=0,1,2,3,3,2,6,6,2,9,9,2,12,12,1,15,16,16,15,15 poly=1,20,171,830,2557,5289,7579,7658,5497,2793,985,230,32,2
SAMPLE n=20 alpha=11 par=0,1,2,3,3,2,6,2,8,2,10,1,12,13,12,15,12,17,12,1 poly=1,20,171,830,2551,5212,7186,6606,3877,1322,213,9
SAMPLE n=20 alpha=13 par=0,1,2,3,3,2,2,1,8,9,8,11,8,1,14,14,14,14,1,19 poly=1,20,171,832,2585,5457,8126,8722,6796,3807,1487,382,58,4
SAMPLE n=20 alpha=13 par=0,1,2,3,3,2,2,1,8,9,8,11,1,13,13,13,13,1,18,18 poly=1,20,171,831,2573,5401,7995,8556,6689,3796,1524,411,67,5
TOP5 rank=0 n=20 alpha=18 k=9 q=12 num=453063325 den=2412283225 par=0,1,2,2,2,2,2,2,2,2,2,2,2,2,1,15,15,15,15,15 poly=1,20,171,892,3290,9068,19357,32748,44550,49115,43978,31890,18576,8569,3060,816,153,18,1
TOP5 rank=1 n=20 alpha=18 k=9 q=12 num=453063325 den=2412283225 par=0,1,2,2,2,2,2,2,2,2,2,2,2,2,1,1,1,1,1,1 poly=1,20,171,897,3300,9078,19362,32749,44550,49115,43978,31890,18576,8569,3060,816,153,18,1
TOP5 rank=2 n=20 alpha=18 k=9 q=12 num=468343447 den=2490708649 par=0,1,2,2,2,2,2,2,2,2,2,2,2,2,2,1,16,16,16,16 poly=1,20,171,900,3350,9284,19851,33540,45474,49907,44473,32110,18642,8581,3061,816,153,18,1
TOP5 rank=3 n=20 alpha=18 k=9 q=12 num=468343447 den=2490708649 par=0,1,2,2,2,2,2,2,2,2,2,2,2,2,2,1,1,1,1,1 poly=1,20,171,904,3356,9288,19852,33540,45474,49907,44473,32110,18642,8581,3061,816,153,18,1
TOP5 rank=4 n=20 alpha=18 k=9 q=12 num=448304868 den=2379976225 par=0,1,2,2,2,2,2,2,2,2,2,2,2,1,1,1,1,1,1,1 poly=1,20,171,892,3260,8933,19047,32293,44089,48785,43813,31835,18565,8568,3060,816,153,18,1
TOP5 rank=5 n=20 alpha=18 k=9 q=12 num=448348681 den=2379976225 par=0,1,2,2,2,2,2,2,2,2,2,2,2,1,14,14,14,14,14,14 poly=1,20,171,886,3245,8913,19032,32287,44088,48785,43813,31835,18565,8568,3060,816,153,18,1
TOP5 rank=6 n=20 alpha=18 k=9 q=12 num=447577108 den=2368379556 par=0,1,2,2,2,2,2,2,2,2,2,2,1,1,1,1,1,1,1,1 poly=1,20,171,889,3236,8848,18872,32062,43886,48666,43768,31825,18564,8568,3060,816,153,18,1
TOP5 rank=7 n=20 alpha=18 k=9 q=12 num=447786153 den=2368282225 par=0,1,2,2,2,2,2,2,2,2,2,2,1,13,13,13,13,13,13,13 poly=1,20,171,882,3215,8813,18837,32041,43879,48665,43768,31825,18564,8568,3060,816,153,18,1
TOP5 rank=8 n=20 alpha=18 k=9 q=12 num=505519729 den=2664934129 par=0,1,2,2,2,2,2,2,2,2,2,2,2,2,2,2,1,17,17,17 poly=1,20,171,910,3425,9569,20566,34827,47190,51623,45760,32825,18928,8659,3074,817,153,18,1
TOP5 rank=9 n=20 alpha=18 k=9 q=12 num=505519729 den=2664934129 par=0,1,2,2,2,2,2,2,2,2,2,2,2,2,2,2,1,1,1,1 poly=1,20,171,913,3428,9570,20566,34827,47190,51623,45760,32825,18928,8659,3074,817,153,18,1
TOP5 rank=10 n=20 alpha=18 k=9 q=12 num=1016478892 den=5318784900 par=0,1,2,2,2,2,2,2,2,2,2,2,2,2,2,2,2,2,2,1 poly=1,20,171,952,3740,10948,24752,44200,63206,72930,68068,51272,30940,14756,5440,1496,289,35,2
TOP5 rank=11 n=20 alpha=17 k=8 q=11 num=123179596 den=640140601 par=0,1,2,3,3,3,3,3,3,2,2,2,2,2,1,15,15,15,15,15 poly=1,20,171,856,2900,7208,13782,20841,25301,24805,19613,12409,6191,2380,680,136,17,1
TOP4 rank=0 n=20 alpha=18 k=9 q=12 num=453063325 den=2412283225 par=0,1,2,2,2,2,2,2,2,2,2,2,2,2,1,15,15,15,15,15 poly=1,20,171,892,3290,9068,19357,32748,44550,49115,43978,31890,18576,8569,3060,816,153,18,1
TOP4 rank=1 n=20 alpha=18 k=9 q=12 num=453063325 den=2412283225 par=0,1,2,2,2,2,2,2,2,2,2,2,2,2,1,1,1,1,1,1 poly=1,20,171,897,3300,9078,19362,32749,44550,49115,43978,31890,18576,8569,3060,816,153,18,1
TOP4 rank=2 n=20 alpha=18 k=9 q=12 num=468343447 den=2490708649 par=0,1,2,2,2,2,2,2,2,2,2,2,2,2,2,1,16,16,16,16 poly=1,20,171,900,3350,9284,19851,33540,45474,49907,44473,32110,18642,8581,3061,816,153,18,1
TOP4 rank=3 n=20 alpha=18 k=9 q=12 num=468343447 den=2490708649 par=0,1,2,2,2,2,2,2,2,2,2,2,2,2,2,1,1,1,1,1 poly=1,20,171,904,3356,9288,19852,33540,45474,49907,44473,32110,18642,8581,3061,816,153,18,1
TOP4 rank=4 n=20 alpha=18 k=9 q=12 num=448304868 den=2379976225 par=0,1,2,2,2,2,2,2,2,2,2,2,2,1,1,1,1,1,1,1 poly=1,20,171,892,3260,8933,19047,32293,44089,48785,43813,31835,18565,8568,3060,816,153,18,1
TOP4 rank=5 n=20 alpha=18 k=9 q=12 num=448348681 den=2379976225 par=0,1,2,2,2,2,2,2,2,2,2,2,2,1,14,14,14,14,14,14 poly=1,20,171,886,3245,8913,19032,32287,44088,48785,43813,31835,18565,8568,3060,816,153,18,1
TOP4 rank=6 n=20 alpha=18 k=9 q=12 num=447577108 den=2368379556 par=0,1,2,2,2,2,2,2,2,2,2,2,1,1,1,1,1,1,1,1 poly=1,20,171,889,3236,8848,18872,32062,43886,48666,43768,31825,18564,8568,3060,816,153,18,1
TOP4 rank=7 n=20 alpha=18 k=9 q=12 num=447786153 den=2368282225 par=0,1,2,2,2,2,2,2,2,2,2,2,1,13,13,13,13,13,13,13 poly=1,20,171,882,3215,8813,18837,32041,43879,48665,43768,31825,18564,8568,3060,816,153,18,1
TOP4 rank=8 n=20 alpha=18 k=9 q=12 num=505519729 den=2664934129 par=0,1,2,2,2,2,2,2,2,2,2,2,2,2,2,2,1,17,17,17 poly=1,20,171,910,3425,9569,20566,34827,47190,51623,45760,32825,18928,8659,3074,817,153,18,1
TOP4 rank=9 n=20 alpha=18 k=9 q=12 num=505519729 den=2664934129 par=0,1,2,2,2,2,2,2,2,2,2,2,2,2,2,2,1,1,1,1 poly=1,20,171,913,3428,9570,20566,34827,47190,51623,45760,32825,18928,8659,3074,817,153,18,1
TOP4 rank=10 n=20 alpha=18 k=9 q=12 num=1016478892 den=5318784900 par=0,1,2,2,2,2,2,2,2,2,2,2,2,2,2,2,2,2,2,1 poly=1,20,171,952,3740,10948,24752,44200,63206,72930,68068,51272,30940,14756,5440,1496,289,35,2
TOP4 rank=11 n=20 alpha=17 k=8 q=11 num=123179596 den=640140601 par=0,1,2,3,3,3,3,3,3,2,2,2,2,2,1,15,15,15,15,15 poly=1,20,171,856,2900,7208,13782,20841,25301,24805,19613,12409,6191,2380,680,136,17,1
VDMIN_FLOAT n=20 value=0.677619638083 k=7 alpha=10 q=7 lambda=1.68005696783 V=1.6717490506 delta=0.405335739738 par=0,1,2,3,4,3,6,3,8,3,10,1,12,13,12,15,12,17,12,19 poly=1,20,171,828,2528,5090,6808,5880,3020,744,33
PERK n=20 alpha=18 k=4 q=12 num=2563159 den=10336225 par=0,1,2,2,2,2,2,2,2,2,2,2,1,13,13,13,13,13,13,13
PERK n=20 alpha=18 k=5 q=12 num=17217312 den=78287104 par=0,1,2,2,2,2,2,2,2,2,2,2,1,1,1,1,1,1,1,1
PERK n=20 alpha=18 k=6 q=12 num=72467808 den=356152384 par=0,1,2,2,2,2,2,2,2,2,2,2,1,1,1,1,1,1,1,1
PERK n=20 alpha=18 k=7 q=12 num=199755252 den=1027971844 par=0,1,2,2,2,2,2,2,2,2,2,2,1,1,1,1,1,1,1,1
PERK n=20 alpha=18 k=8 q=12 num=368425916 den=1943839921 par=0,1,2,2,2,2,2,2,2,2,2,2,2,1,1,1,1,1,1,1
PERK n=20 alpha=18 k=9 q=12 num=453063325 den=2412283225 par=0,1,2,2,2,2,2,2,2,2,2,2,2,2,1,15,15,15,15,15
PERK n=20 alpha=18 k=10 q=12 num=375333959 den=1977847729 par=0,1,2,2,2,2,2,2,2,2,2,2,2,2,2,1,16,16,16,16
PERK n=20 alpha=18 k=11 q=12 num=201986434 den=1031052100 par=0,1,2,2,2,2,2,2,2,2,2,2,2,2,2,1,16,16,16,16
PERK n=20 alpha=18 k=12 q=12 num=74037509 den=358269184 par=0,1,2,2,2,2,2,2,2,2,2,2,2,2,2,2,1,17,17,17
PERALPHA n=20 alpha=10 k=5 q=7 num=9224636 den=29160000 par=0,1,2,3,2,5,2,7,2,9,2,1,12,13,12,15,12,17,12,1
PERALPHA n=20 alpha=11 k=6 q=7 num=22664865 den=77176225 par=0,1,2,3,2,5,2,7,2,2,2,1,12,13,12,15,12,17,12,1
PERALPHA n=20 alpha=12 k=6 q=8 num=26157456 den=96904336 par=0,1,2,3,2,5,2,7,2,9,2,1,12,13,12,12,12,12,12,1
PERALPHA n=20 alpha=13 k=7 q=9 num=30091441 den=120582361 par=0,1,2,3,4,4,4,4,2,9,2,2,2,1,14,15,14,17,14,19
PERALPHA n=20 alpha=14 k=8 q=9 num=14182444 den=61183684 par=0,1,2,3,4,5,5,5,4,9,9,9,3,3,1,15,16,17,1,1
PERALPHA n=20 alpha=15 k=8 q=10 num=28803759 den=134026929 par=0,1,2,3,4,4,4,3,8,8,8,2,2,2,1,15,16,15,15,15
PERALPHA n=20 alpha=16 k=8 q=11 num=46979680 den=231404944 par=0,1,2,3,3,3,3,2,8,8,8,1,12,12,12,12,1,1,1,1
PERALPHA n=20 alpha=17 k=8 q=11 num=123179596 den=640140601 par=0,1,2,3,3,3,3,3,3,2,2,2,2,2,1,15,15,15,15,15
PERALPHA n=20 alpha=18 k=9 q=12 num=453063325 den=2412283225 par=0,1,2,2,2,2,2,2,2,2,2,2,2,2,1,15,15,15,15,15
TOPQ n=20 alpha=18 k=12 q=12 num=74037509 den=358269184 par=0,1,2,2,2,2,2,2,2,2,2,2,2,2,2,2,1,17,17,17
NEWTON n=20 alpha=15 k=10 q=10 num=181521714 den=192987664 par=0,1,2,3,4,4,4,3,8,8,8,2,1,13,14,15,15,15,13,13
NEWTONFAIL_DIST n=20 q_minus_k=0 trees=2451
NEWTONFAIL_DIST n=20 q_minus_k=1 trees=875
NEWTONFAIL_DIST n=20 q_minus_k=2 trees=471
NEWTONFAIL_DIST n=20 q_minus_k=3 trees=222
NEWTONFAIL_DIST n=20 q_minus_k=4 trees=117
NEWTONFAIL_DIST n=20 q_minus_k=5 trees=72
NEWTONFAIL_DIST n=20 q_minus_k=6 trees=18
NEWTONFAIL_DIST n=20 q_minus_k=7 trees=5
NEWTONFAIL_DIST n=20 q_minus_k=8 trees=6
VDBIN_FLOAT n=20 bin_lo=0 value=0.677619638083 k=7 alpha=10 q=7 lambda=1.68005696783 V=1.6717490506 delta=0.405335739738 par=0,1,2,3,4,3,6,3,8,3,10,1,12,13,12,15,12,17,12,19
VDBIN_FLOAT n=20 bin_lo=2 value=0.71902761556 k=7 alpha=10 q=7 lambda=1.48101499828 V=2.00906555407 delta=0.357891565112 par=0,1,2,3,4,3,6,3,2,9,10,9,12,9,1,15,16,15,18,15
VDBIN_FLOAT n=20 bin_lo=4 value=0.823385767091 k=9 alpha=16 q=11 lambda=1.3469219733 V=4.04815152633 delta=0.203397961202 par=0,1,2,3,3,3,3,2,8,8,8,1,12,12,12,12,1,1,1,1
STATS n=20 trees=164214 viol5=0 viol4=0 zero5=0 zero4=0 nonunimodal=0 sampled=387 newton_fail_trees=4237
