SAMPLE n=20 alpha=11 par=0,1,2,3,4,5,6,7,7,5,10,2,12,1,14,15,16,17,18,18 poly=1,20,171,820,2436,4685,5940,4978,2725,939,185,16
SAMPLE n=20 alpha=12 par=0,1,2,3,4,5,6,7,7,5,1,11,12,13,14,15,15,1,18,1 poly=1,20,171,822,2464,4844,6418,5818,3630,1548,437,75,6
SAMPLE n=20 alpha=12 par=0,1,2,3,4,5,6,7,7,5,1,11,12,13,14,15,13,11,18,1 poly=1,20,171,821,2449,4754,6138,5323,3112,1219,309,46,3
SAMPLE n=20 alpha=11 par=0,1,2,3,4,5,6,7,6,9,5,11,5,1,14,15,16,17,18,16 poly=1,20,171,821,2445,4707,5920,4807,2440,734,120,8
SAMPLE n=20 alpha=12 par=0,1,2,3,4,5,6,7,6,4,4,2,1,13,14,15,16,17,18,16 poly=1,20,171,822,2464,4846,6437,5884,3738,1636,471,80,6
SAMPLE n=20 alpha=12 par=0,1,2,3,4,5,6,7,6,1,10,11,12,13,14,15,13,11,11,11 poly=1,20,171,824,2491,4994,6864,6592,4438,2054,621,111,9
SAMPLE n=20 alpha=10 par=0,1,2,3,4,5,6,7,6,1,10,11,12,13,14,15,12,17,18,1 poly=1,20,171,819,2421,4593,5641,4419,2114,559,62
SAMPLE n=20 alpha=12 par=0,1,2,3,4,5,6,7,5,4,10,3,1,13,14,15,16,17,13,13 poly=1,20,171,822,2461,4810,6266,5465,3161,1180,270,35,2
SAMPLE n=20 alpha=12 par=0,1,2,3,4,5,6,7,5,4,4,3,3,1,14,15,16,17,18,16 poly=1,20,171,824,2486,4937,6608,6002,3673,1479,372,52,3
SAMPLE n=20 alpha=11 par=0,1,2,3,4,5,6,7,5,2,1,11,12,13,14,15,11,17,18,1 poly=1,20,171,820,2433,4651,5788,4634,2305,665,97,5
SAMPLE n=20 alpha=12 par=0,1,2,3,4,5,6,7,4,4,4,3,1,13,14,15,16,17,13,1 poly=1,20,171,825,2501,5027,6888,6493,4169,1760,453,61,3
SAMPLE n=20 alpha=11 par=0,1,2,3,4,5,6,7,4,3,10,11,12,2,1,15,16,17,18,19 poly=1,20,171,819,2419,4573,5564,4275,1980,506,61,3
SAMPLE n=20 alpha=12 par=0,1,2,3,4,5,6,7,3,9,1,11,12,13,14,15,11,11,11,1 poly=1,20,171,824,2487,4948,6651,6076,3725,1477,351,43,2
SAMPLE n=20 alpha=12 par=0,1,2,3,4,5,6,7,3,3,2,11,11,2,1,15,16,17,18,19 poly=1,20,171,823,2471,4849,6339,5525,3159,1141,242,26,1
SAMPLE n=20 alpha=13 par=0,1,2,3,4,5,6,6,6,6,6,6,3,3,2,1,16,17,18,19 poly=1,20,171,835,2639,5802,9238,10823,9320,5815,2551,744,129,10
SAMPLE n=20 alpha=13 par=0,1,2,3,4,5,6,6,6,6,6,1,12,13,14,15,16,16,13,19 poly=1,20,171,828,2548,5321,7854,8348,6370,3411,1226,272,31,1
SAMPLE n=20 alpha=13 par=0,1,2,3,4,5,6,6,6,6,6,1,12,13,14,15,16,16,13,1 poly=1,20,171,829,2563,5413,8162,8988,7253,4242,1750,483,80,6
SAMPLE n=20 alpha=12 par=0,1,2,3,4,5,6,6,6,6,6,1,12,13,14,15,16,15,18,13 poly=1,20,171,828,2547,5309,7799,8217,6177,3225,1110,227,21
SAMPLE n=20 alpha=14 par=0,1,2,3,4,5,6,6,6,6,1,11,12,13,14,13,13,13,13,11 poly=1,20,171,833,2616,5699,9016,10621,9405,6236,3040,1051,242,33,2
SAMPLE n=20 alpha=12 par=0,1,2,3,4,5,6,6,6,6,1,11,12,13,14,13,12,17,11,19 poly=1,20,171,825,2504,5059,7028,6814,4580,2056,568,82,4
SAMPLE n=20 alpha=12 par=0,1,2,3,4,5,6,6,6,5,3,11,12,12,11,1,16,17,18,19 poly=1,20,171,823,2476,4900,6544,5948,3649,1465,359,46,2
SAMPLE n=20 alpha=12 par=0,1,2,3,4,5,6,6,6,5,3,11,11,1,14,15,16,17,18,16 poly=1,20,171,823,2477,4911,6594,6071,3828,1623,442,70,5
SAMPLE n=20 alpha=13 par=0,1,2,3,4,5,6,6,6,5,1,11,12,13,14,13,11,1,1,1 poly=1,20,171,828,2544,5275,7654,7922,5875,3088,1116,261,35,2
SAMPLE n=20 alpha=12 par=0,1,2,3,4,5,6,6,6,4,10,2,12,13,1,15,16,17,18,19 poly=1,20,171,821,2450,4767,6200,5459,3249,1268,301,38,2
SAMPLE n=20 alpha=12 par=0,1,2,3,4,5,6,6,6,1,10,11,12,13,14,14,12,17,12,1 poly=1,20,171,824,2493,5015,6953,6794,4713,2292,750,150,14
SAMPLE n=20 alpha=12 par=0,1,2,3,4,5,6,6,5,9,4,11,11,3,1,15,16,17,18,18 poly=1,20,171,822,2461,4814,6301,5582,3351,1340,340,49,3
SAMPLE n=20 alpha=12 par=0,1,2,3,4,5,6,6,5,5,3,3,2,1,14,15,16,17,1,19 poly=1,20,171,825,2501,5028,6900,6549,4297,1916,555,94,7
SAMPLE n=20 alpha=11 par=0,1,2,3,4,5,6,6,5,4,10,11,3,1,14,15,16,17,14,19 poly=1,20,171,821,2446,4719,5973,4913,2532,753,107,4
SAMPLE n=20 alpha=11 par=0,1,2,3,4,5,6,6,5,4,10,11,2,1,14,15,16,17,16,19 poly=1,20,171,821,2447,4729,6013,5001,2654,857,154,12
SAMPLE n=20 alpha=11 par=0,1,2,3,4,5,6,6,5,4,10,11,1,13,14,15,16,15,14,14 poly=1,20,171,823,2474,4876,6436,5703,3337,1234,261,24
SAMPLE n=20 alpha=12 par=0,1,2,3,4,5,6,6,5,4,4,1,12,13,14,15,16,15,14,14 poly=1,20,171,825,2502,5035,6918,6567,4292,1889,532,86,6
SAMPLE n=20 alpha=13 par=0,1,2,3,4,5,6,6,5,3,2,1,12,13,14,15,16,12,12,12 poly=1,20,171,826,2518,5141,7288,7314,5212,2596,869,182,21,1
SAMPLE n=20 alpha=11 par=0,1,2,3,4,5,6,6,5,2,10,10,1,13,14,15,16,17,1,19 poly=1,20,171,821,2447,4730,6021,5025,2685,872,154,11
SAMPLE n=20 alpha=14 par=0,1,2,3,4,5,6,6,5,1,10,11,12,13,13,11,1,1,1,1 poly=1,20,171,830,2573,5453,8257,9174,7563,4620,2066,658,141,18,1
SAMPLE n=20 alpha=11 par=0,1,2,3,4,5,6,6,5,1,10,11,12,13,13,10,1,17,18,17 poly=1,20,171,822,2462,4820,6302,5522,3192,1163,240,21
SAMPLE n=20 alpha=12 par=0,1,2,3,4,5,6,6,5,1,10,11,12,13,12,12,11,11,11,10 poly=1,20,171,828,2538,5212,7388,7316,5043,2368,721,128,10
SAMPLE n=20 alpha=11 par=0,1,2,3,4,5,6,6,5,1,10,11,12,13,12,10,16,17,16,19 poly=1,20,171,821,2447,4728,6003,4963,2584,792,126,8
SAMPLE n=20 alpha=12 par=0,1,2,3,4,5,6,6,5,1,10,11,12,13,11,10,16,10,1,1 poly=1,20,171,825,2498,4994,6748,6196,3827,1546,386,53,3
SAMPLE n=20 alpha=12 par=0,1,2,3,4,5,6,6,5,1,10,11,12,13,11,10,16,1,18,18 poly=1,20,171,822,2460,4799,6218,5358,3028,1085,230,25,1
SAMPLE n=20 alpha=13 par=0,1,2,3,4,5,6,6,5,1,10,11,12,13,11,1,16,16,16,16 poly=1,20,171,826,2518,5141,7288,7315,5210,2589,864,181,21,1
SAMPLE n=20 alpha=11 par=0,1,2,3,4,5,6,6,4,9,2,11,1,13,14,15,16,14,1,19 poly=1,20,171,821,2447,4732,6041,5099,2814,983,199,18
SAMPLE n=20 alpha=11 par=0,1,2,3,4,5,6,6,4,9,1,11,12,13,14,13,12,17,12,11 poly=1,20,171,823,2472,4855,6349,5519,3121,1091,210,16
SAMPLE n=20 alpha=12 par=0,1,2,3,4,5,6,6,4,4,4,1,12,13,14,15,14,17,1,19 poly=1,20,171,825,2504,5061,7045,6880,4725,2235,688,122,9
SAMPLE n=20 alpha=13 par=0,1,2,3,4,5,6,6,4,4,4,1,12,13,14,15,13,13,1,19 poly=1,20,171,827,2533,5235,7617,8026,6203,3503,1414,388,65,5
SAMPLE n=20 alpha=12 par=0,1,2,3,4,5,6,6,4,4,3,1,12,13,14,15,12,12,1,19 poly=1,20,171,825,2502,5040,6961,6713,4549,2146,680,132,12
SAMPLE n=20 alpha=13 par=0,1,2,3,4,5,6,6,4,4,1,11,12,13,14,15,12,12,12,1 poly=1,20,171,827,2534,5247,7673,8159,6386,3666,1511,426,74,6
SAMPLE n=20 alpha=11 par=0,1,2,3,4,5,6,6,3,9,10,1,12,13,14,15,16,13,12,1 poly=1,20,171,821,2448,4742,6077,5154,2842,972,184,14
SAMPLE n=20 alpha=11 par=0,1,2,3,4,5,6,6,3,9,9,1,12,13,14,15,16,15,12,19 poly=1,20,171,821,2449,4751,6105,5189,2857,973,187,16
SAMPLE n=20 alpha=13 par=0,1,2,3,4,5,6,6,3,3,2,1,12,13,14,15,13,13,13,12 poly=1,20,171,828,2543,5266,7624,7871,5826,3061,1108,260,35,2
SAMPLE n=20 alpha=13 par=0,1,2,3,4,5,6,6,2,2,1,11,12,13,14,12,12,11,18,19 poly=1,20,171,824,2490,4984,6826,6524,4388,2069,671,143,18,1
SAMPLE n=20 alpha=11 par=0,1,2,3,4,5,6,5,8,5,5,1,12,13,14,15,16,15,14,14 poly=1,20,171,826,2514,5089,7031,6667,4276,1778,435,48
SAMPLE n=20 alpha=12 par=0,1,2,3,4,5,6,5,8,5,4,2,2,2,1,15,16,17,18,16 poly=1,20,171,827,2529,5185,7364,7353,5146,2459,756,133,10
SAMPLE n=20 alpha=12 par=0,1,2,3,4,5,6,5,8,5,3,2,1,13,14,15,16,13,13,13 poly=1,20,171,827,2530,5197,7423,7499,5350,2629,839,154,12
SAMPLE n=20 alpha=12 par=0,1,2,3,4,5,6,5,8,5,2,1,12,13,14,15,16,12,12,12 poly=1,20,171,826,2517,5128,7225,7158,4981,2374,728,126,9
SAMPLE n=20 alpha=12 par=0,1,2,3,4,5,6,5,8,4,10,10,1,13,14,15,16,15,15,15 poly=1,20,171,825,2502,5035,6916,6549,4236,1806,468,61,2
SAMPLE n=20 alpha=12 par=0,1,2,3,4,5,6,5,5,5,5,5,3,13,2,1,16,17,18,19 poly=1,20,171,833,2606,5593,8537,9379,7351,3996,1427,300,28
SAMPLE n=20 alpha=12 par=0,1,2,3,4,5,6,5,5,5,4,1,12,13,14,15,16,13,13,1 poly=1,20,171,827,2530,5196,7418,7499,5388,2713,918,189,18
SAMPLE n=20 alpha=12 par=0,1,2,3,4,5,6,5,5,5,2,1,12,13,14,15,13,17,12,12 poly=1,20,171,827,2530,5196,7418,7494,5363,2670,884,176,16
SAMPLE n=20 alpha=11 par=0,1,2,3,4,5,6,5,5,4,1,11,12,13,14,12,16,11,11,1 poly=1,20,171,825,2499,5001,6764,6200,3785,1470,328,32
SAMPLE n=20 alpha=12 par=0,1,2,3,4,5,6,5,5,3,1,11,12,13,14,15,13,12,11,11 poly=1,20,171,825,2503,5048,6981,6721,4505,2062,613,106,8
SAMPLE n=20 alpha=11 par=0,1,2,3,4,5,6,5,4,3,10,10,1,13,14,15,16,14,13,19 poly=1,20,171,822,2459,4786,6153,5196,2813,933,174,14
SAMPLE n=20 alpha=11 par=0,1,2,3,4,5,6,5,4,1,10,11,12,13,14,11,16,16,11,19 poly=1,20,171,822,2458,4774,6096,5054,2610,767,104,3
SAMPLE n=20 alpha=12 par=0,1,2,3,4,5,6,5,4,1,10,11,12,13,14,11,1,1,1,1 poly=1,20,171,829,2557,5349,7887,8350,6334,3361,1185,250,24
SAMPLE n=20 alpha=11 par=0,1,2,3,4,5,6,5,4,1,10,11,12,13,14,1,16,17,17,1 poly=1,20,171,822,2462,4822,6321,5592,3321,1287,299,32
SAMPLE n=20 alpha=12 par=0,1,2,3,4,5,6,5,3,2,10,11,11,1,14,15,16,17,15,1 poly=1,20,171,822,2462,4824,6339,5655,3433,1400,368,57,4
SAMPLE n=20 alpha=11 par=0,1,2,3,4,5,6,5,3,1,10,11,12,13,14,12,11,10,18,10 poly=1,20,171,823,2473,4866,6393,5603,3204,1134,222,18
SAMPLE n=20 alpha=12 par=0,1,2,3,4,5,6,5,2,2,2,1,12,13,14,15,12,17,18,12 poly=1,20,171,826,2517,5134,7273,7308,5225,2607,863,170,15
SAMPLE n=20 alpha=12 par=0,1,2,3,4,5,6,4,8,9,4,2,12,1,14,15,16,17,14,14 poly=1,20,171,823,2475,4893,6538,6000,3804,1648,470,80,6
SAMPLE n=20 alpha=11 par=0,1,2,3,4,5,6,4,8,9,3,2,12,2,1,15,16,17,18,16 poly=1,20,171,822,2458,4777,6119,5124,2718,856,141,9
SAMPLE n=20 alpha=12 par=0,1,2,3,4,5,6,4,8,9,3,2,2,2,1,15,16,17,18,15 poly=1,20,171,825,2500,5022,6893,6567,4345,1953,562,91,6
SAMPLE n=20 alpha=12 par=0,1,2,3,4,5,6,4,8,9,2,1,12,13,14,15,16,14,12,1 poly=1,20,171,821,2447,4731,6033,5078,2799,1001,229,31,2
SAMPLE n=20 alpha=11 par=0,1,2,3,4,5,6,4,8,8,8,4,12,2,14,1,16,17,18,19 poly=1,20,171,823,2471,4849,6341,5536,3178,1148,234,20
SAMPLE n=20 alpha=12 par=0,1,2,3,4,5,6,4,8,4,3,1,12,13,14,15,16,14,1,1 poly=1,20,171,824,2488,4958,6696,6194,3908,1641,433,64,4
SAMPLE n=20 alpha=12 par=0,1,2,3,4,5,6,4,8,4,2,1,12,13,14,15,13,1,18,1 poly=1,20,171,824,2486,4936,6601,5986,3661,1484,384,58,4
SAMPLE n=20 alpha=11 par=0,1,2,3,4,5,6,4,8,3,3,2,12,12,1,15,16,17,18,19 poly=1,20,171,822,2458,4781,6156,5255,2941,1045,216,20
SAMPLE n=20 alpha=11 par=0,1,2,3,4,5,6,4,8,2,10,10,2,1,14,15,16,17,18,1 poly=1,20,171,822,2458,4778,6127,5149,2756,885,151,10
SAMPLE n=20 alpha=11 par=0,1,2,3,4,5,6,4,8,1,10,11,12,13,1,15,16,16,15,1 poly=1,20,171,822,2459,4788,6167,5231,2848,941,168,12
SAMPLE n=20 alpha=12 par=0,1,2,3,4,5,6,4,3,2,10,2,2,1,14,15,16,17,18,16 poly=1,20,171,825,2498,4995,6754,6211,3849,1569,403,60,4
SAMPLE n=20 alpha=12 par=0,1,2,3,4,5,6,4,2,9,10,11,11,10,1,15,16,17,18,1 poly=1,20,171,821,2448,4742,6076,5151,2846,993,207,23,1
SAMPLE n=20 alpha=11 par=0,1,2,3,4,5,6,4,2,9,2,11,1,13,14,15,16,17,1,1 poly=1,20,171,823,2470,4838,6293,5433,3066,1090,222,20
SAMPLE n=20 alpha=11 par=0,1,2,3,4,5,6,3,8,9,10,3,3,1,14,15,16,17,18,14 poly=1,20,171,823,2474,4881,6471,5788,3418,1252,247,18
SAMPLE n=20 alpha=10 par=0,1,2,3,4,5,6,3,2,9,10,1,12,13,14,15,16,12,18,1 poly=1,20,171,820,2431,4630,5701,4452,2100,541,58
SAMPLE n=20 alpha=11 par=0,1,2,3,4,5,6,2,8,9,10,2,12,13,1,15,16,17,18,1 poly=1,20,171,820,2430,4621,5670,4401,2061,535,67,3
SAMPLE n=20 alpha=13 par=0,1,2,3,4,5,5,5,5,5,3,2,12,13,14,1,16,17,18,18 poly=1,20,171,829,2561,5394,8089,8832,7036,4034,1619,432,69,5
SAMPLE n=20 alpha=13 par=0,1,2,3,4,5,5,5,5,5,3,2,1,13,14,15,13,1,18,1 poly=1,20,171,832,2597,5565,8530,9545,7804,4582,1865,495,76,5
SAMPLE n=20 alpha=12 par=0,1,2,3,4,5,5,5,5,4,10,4,12,2,14,1,16,17,18,16 poly=1,20,171,827,2525,5148,7234,7123,4921,2336,723,132,11
SAMPLE n=20 alpha=13 par=0,1,2,3,4,5,5,5,5,4,4,4,1,13,14,15,14,13,18,19 poly=1,20,171,830,2566,5375,7917,8381,6434,3560,1380,351,51,3
SAMPLE n=20 alpha=13 par=0,1,2,3,4,5,5,5,5,4,3,11,3,3,2,1,16,17,18,18 poly=1,20,171,831,2580,5459,8184,8877,7001,3968,1566,405,61,4
SAMPLE n=20 alpha=13 par=0,1,2,3,4,5,5,5,5,4,3,11,3,3,1,15,16,17,18,1 poly=1,20,171,830,2568,5402,8042,8665,6798,3841,1516,394,60,4
SAMPLE n=20 alpha=13 par=0,1,2,3,4,5,5,5,5,4,2,11,12,13,11,11,1,17,18,19 poly=1,20,171,827,2530,5198,7432,7539,5448,2767,952,206,24,1
SAMPLE n=20 alpha=13 par=0,1,2,3,4,5,5,5,5,3,10,1,12,13,14,15,15,15,12,12 poly=1,20,171,829,2565,5436,8270,9271,7726,4752,2102,634,117,10
SAMPLE n=20 alpha=13 par=0,1,2,3,4,5,5,5,5,3,10,1,12,13,14,15,14,17,13,1 poly=1,20,171,826,2519,5152,7341,7455,5427,2794,989,230,32,2
SAMPLE n=20 alpha=13 par=0,1,2,3,4,5,5,5,4,9,9,4,12,12,1,15,16,17,18,18 poly=1,20,171,825,2499,5014,6878,6593,4475,2146,710,153,19,1
SAMPLE n=20 alpha=12 par=0,1,2,3,4,5,5,5,4,9,9,4,4,1,14,15,16,15,14,19 poly=1,20,171,828,2536,5191,7306,7155,4867,2259,685,123,10
SAMPLE n=20 alpha=12 par=0,1,2,3,4,5,5,5,4,9,9,4,2,13,1,15,16,17,17,16 poly=1,20,171,826,2514,5096,7089,6858,4606,2105,623,107,8
SAMPLE n=20 alpha=12 par=0,1,2,3,4,5,5,5,4,9,9,4,1,13,14,15,16,13,18,13 poly=1,20,171,826,2513,5084,7038,6750,4473,2002,572,92,6
SAMPLE n=20 alpha=12 par=0,1,2,3,4,5,5,5,4,9,4,11,3,3,2,1,16,17,18,1 poly=1,20,171,827,2521,5107,7064,6753,4462,2004,583,98,7
SAMPLE n=20 alpha=12 par=0,1,2,3,4,5,5,5,4,9,1,11,12,13,14,11,16,17,18,1 poly=1,20,171,822,2461,4810,6266,5463,3150,1157,247,25,1
SAMPLE n=20 alpha=12 par=0,1,2,3,4,5,5,5,4,3,10,3,2,13,1,15,16,17,17,16 poly=1,20,171,826,2513,5085,7039,6736,4428,1943,532,78,4
SAMPLE n=20 alpha=12 par=0,1,2,3,4,5,5,5,4,3,10,3,1,13,14,15,14,17,13,1 poly=1,20,171,826,2513,5084,7034,6727,4421,1941,532,78,4
SAMPLE n=20 alpha=12 par=0,1,2,3,4,5,5,5,4,1,10,11,12,12,11,15,11,17,11,19 poly=1,20,171,827,2522,5106,7019,6571,4128,1674,402,46,1
SAMPLE n=20 alpha=12 par=0,1,2,3,4,5,5,5,4,1,10,11,12,11,14,1,16,17,16,16 poly=1,20,171,825,2502,5034,6904,6509,4178,1765,454,59,2
SAMPLE n=20 alpha=11 par=0,1,2,3,4,5,5,5,4,1,10,11,12,1,14,15,16,1,18,19 poly=1,20,171,823,2474,4879,6460,5777,3449,1322,295,29
SAMPLE n=20 alpha=13 par=0,1,2,3,4,5,5,5,3,9,10,1,12,13,14,15,15,14,1,1 poly=1,20,171,825,2507,5096,7207,7279,5325,2822,1063,271,42,3
SAMPLE n=20 alpha=12 par=0,1,2,3,4,5,5,5,3,9,2,1,12,13,14,14,14,1,18,1 poly=1,20,171,827,2532,5221,7534,7772,5758,3017,1069,231,23
SAMPLE n=20 alpha=13 par=0,1,2,3,4,5,5,5,3,9,2,1,12,13,14,14,1,17,17,17 poly=1,20,171,826,2519,5156,7373,7560,5623,3020,1144,290,44,3
SAMPLE n=20 alpha=14 par=0,1,2,3,4,5,5,5,3,3,3,1,12,13,14,15,12,17,17,1 poly=1,20,171,828,2547,5320,7908,8645,7065,4313,1935,617,132,17,1
SAMPLE n=20 alpha=14 par=0,1,2,3,4,5,5,5,3,3,2,1,12,13,14,12,16,16,16,16 poly=1,20,171,830,2574,5464,8312,9325,7822,4906,2266,743,161,20,1
SAMPLE n=20 alpha=12 par=0,1,2,3,4,5,5,5,3,2,10,2,1,13,14,15,14,17,14,14 poly=1,20,171,829,2556,5330,7779,8074,5962,3077,1059,218,20
SAMPLE n=20 alpha=12 par=0,1,2,3,4,5,5,5,2,9,10,11,1,13,14,15,16,15,1,1 poly=1,20,171,824,2491,4992,6843,6512,4294,1915,543,85,5
SAMPLE n=20 alpha=12 par=0,1,2,3,4,5,5,5,2,9,10,11,1,13,14,15,14,13,1,1 poly=1,20,171,825,2502,5039,6945,6637,4383,1950,549,85,5
SAMPLE n=20 alpha=13 par=0,1,2,3,4,5,5,5,2,2,1,11,12,13,13,12,16,12,11,11 poly=1,20,171,829,2557,5350,7908,8469,6644,3805,1559,436,75,6
SAMPLE n=20 alpha=13 par=0,1,2,3,4,5,5,5,2,2,1,11,12,13,13,11,16,17,17,1 poly=1,20,171,826,2520,5166,7410,7627,5698,3083,1187,312,51,4
SAMPLE n=20 alpha=12 par=0,1,2,3,4,5,5,5,2,2,1,11,12,13,13,1,16,17,1,19 poly=1,20,171,826,2515,5111,7169,7066,4902,2350,743,140,12
SAMPLE n=20 alpha=12 par=0,1,2,3,4,5,5,5,2,2,1,11,12,13,12,1,16,17,18,17 poly=1,20,171,825,2505,5072,7085,6937,4749,2218,667,114,8
SAMPLE n=20 alpha=12 par=0,1,2,3,4,5,5,4,8,8,4,11,11,3,2,1,16,17,18,19 poly=1,20,171,824,2482,4900,6478,5784,3497,1428,386,64,5
SAMPLE n=20 alpha=13 par=0,1,2,3,4,5,5,4,8,8,4,11,4,4,2,2,1,17,18,19 poly=1,20,171,831,2572,5377,7846,8129,6008,3139,1127,262,35,2
SAMPLE n=20 alpha=12 par=0,1,2,3,4,5,5,4,8,8,4,11,3,2,1,15,16,17,15,1 poly=1,20,171,825,2495,4963,6624,5946,3553,1384,339,48,3
SAMPLE n=20 alpha=13 par=0,1,2,3,4,5,5,4,8,8,1,11,12,13,14,14,12,11,11,1 poly=1,20,171,825,2502,5038,6945,6667,4488,2111,681,144,18,1
SAMPLE n=20 alpha=12 par=0,1,2,3,4,5,5,4,8,8,1,11,12,13,14,13,13,12,11,1 poly=1,20,171,825,2501,5024,6869,6455,4151,1791,497,81,6
SAMPLE n=20 alpha=11 par=0,1,2,3,4,5,5,4,8,3,10,3,12,1,14,15,16,17,17,16 poly=1,20,171,823,2471,4845,6310,5444,3048,1060,209,18
SAMPLE n=20 alpha=11 par=0,1,2,3,4,5,5,4,8,3,10,3,12,1,14,15,16,17,17,14 poly=1,20,171,823,2472,4858,6373,5594,3238,1188,252,24
SAMPLE n=20 alpha=12 par=0,1,2,3,4,5,5,4,8,3,2,1,12,13,14,15,12,12,1,19 poly=1,20,171,824,2485,4927,6572,5943,3627,1462,369,52,3
SAMPLE n=20 alpha=12 par=0,1,2,3,4,5,5,4,8,2,10,10,1,13,14,15,13,13,1,19 poly=1,20,171,824,2486,4939,6627,6072,3801,1604,438,70,5
SAMPLE n=20 alpha=12 par=0,1,2,3,4,5,5,4,4,4,1,11,12,13,14,13,16,11,18,18 poly=1,20,171,826,2515,5103,7105,6868,4590,2072,599,99,7
SAMPLE n=20 alpha=14 par=0,1,2,3,4,5,5,4,4,4,1,11,12,13,14,13,11,11,11,11 poly=1,20,171,834,2625,5724,9032,10572,9271,6072,2923,1002,231,32,2
SAMPLE n=20 alpha=13 par=0,1,2,3,4,5,5,4,4,4,1,11,12,13,14,1,16,16,16,16 poly=1,20,171,830,2571,5425,8114,8799,6972,4004,1621,437,70,5
SAMPLE n=20 alpha=12 par=0,1,2,3,4,5,5,4,4,3,2,1,12,13,14,14,1,17,18,1 poly=1,20,171,826,2513,5085,7039,6737,4435,1960,551,88,6
SAMPLE n=20 alpha=12 par=0,1,2,3,4,5,5,4,4,2,10,2,1,13,14,15,14,13,1,1 poly=1,20,171,828,2538,5212,7386,7306,5023,2348,711,126,10
SAMPLE n=20 alpha=12 par=0,1,2,3,4,5,5,4,3,9,10,10,9,2,1,15,16,17,1,1 poly=1,20,171,825,2500,5018,6855,6431,4108,1732,450,62,3
SAMPLE n=20 alpha=13 par=0,1,2,3,4,5,5,4,3,9,3,1,12,13,14,13,13,13,13,1 poly=1,20,171,832,2596,5553,8479,9447,7729,4605,1950,559,98,8
SAMPLE n=20 alpha=12 par=0,1,2,3,4,5,5,4,3,3,3,1,12,13,14,13,16,13,12,19 poly=1,20,171,828,2539,5220,7417,7374,5106,2398,718,120,8
SAMPLE n=20 alpha=12 par=0,1,2,3,4,5,5,4,3,3,3,1,12,13,14,12,16,12,18,12 poly=1,20,171,830,2565,5358,7815,8070,5882,2958,974,188,16
SAMPLE n=20 alpha=12 par=0,1,2,3,4,5,5,4,3,3,1,11,12,13,14,13,16,13,12,1 poly=1,20,171,826,2514,5093,7070,6816,4570,2105,642,118,10
SAMPLE n=20 alpha=12 par=0,1,2,3,4,5,5,4,3,3,1,11,12,13,14,13,13,12,11,1 poly=1,20,171,827,2528,5173,7313,7247,5033,2407,758,142,12
SAMPLE n=20 alpha=14 par=0,1,2,3,4,5,5,4,3,3,1,11,12,13,14,12,12,12,12,1 poly=1,20,171,832,2598,5580,8623,9858,8444,5420,2578,885,208,30,2
SAMPLE n=20 alpha=12 par=0,1,2,3,4,5,5,4,3,2,10,1,12,13,14,15,14,12,12,1 poly=1,20,171,825,2500,5016,6843,6407,4091,1736,462,68,4
SAMPLE n=20 alpha=11 par=0,1,2,3,4,5,5,4,3,2,1,11,12,13,14,13,12,17,11,1 poly=1,20,171,824,2485,4922,6525,5772,3318,1166,220,16
SAMPLE n=20 alpha=13 par=0,1,2,3,4,5,5,3,8,9,9,2,1,13,14,15,14,1,1,1 poly=1,20,171,827,2530,5205,7490,7731,5795,3149,1217,320,52,4
SAMPLE n=20 alpha=12 par=0,1,2,3,4,5,5,3,8,9,9,2,1,13,14,15,13,1,18,1 poly=1,20,171,824,2486,4940,6633,6084,3811,1608,440,71,5
SAMPLE n=20 alpha=11 par=0,1,2,3,4,5,5,3,8,9,8,3,12,2,1,15,16,17,18,18 poly=1,20,171,823,2472,4861,6398,5674,3363,1288,291,30
SAMPLE n=20 alpha=12 par=0,1,2,3,4,5,5,3,8,9,8,3,1,13,14,15,14,14,13,1 poly=1,20,171,826,2514,5096,7093,6884,4674,2197,691,133,12
SAMPLE n=20 alpha=12 par=0,1,2,3,4,5,5,3,8,9,2,2,2,1,14,15,16,14,18,1 poly=1,20,171,826,2511,5070,6998,6683,4394,1939,544,87,6
SAMPLE n=20 alpha=11 par=0,1,2,3,4,5,5,3,8,8,3,11,1,13,14,15,16,13,18,13 poly=1,20,171,824,2486,4936,6600,5973,3613,1405,319,32
SAMPLE n=20 alpha=13 par=0,1,2,3,4,5,5,3,8,8,1,11,12,13,12,12,12,1,18,18 poly=1,20,171,827,2532,5221,7534,7770,5757,3031,1100,259,35,2
SAMPLE n=20 alpha=12 par=0,1,2,3,4,5,5,3,8,2,10,11,12,12,2,2,1,17,18,19 poly=1,20,171,825,2500,5023,6897,6565,4320,1919,545,88,6
SAMPLE n=20 alpha=13 par=0,1,2,3,4,5,5,3,8,1,10,11,12,13,13,11,11,1,18,19 poly=1,20,171,823,2478,4929,6710,6430,4428,2203,780,188,28,2
SAMPLE n=20 alpha=11 par=0,1,2,3,4,5,5,3,8,1,10,11,12,13,11,15,15,11,18,10 poly=1,20,171,823,2471,4847,6330,5518,3176,1167,250,24
SAMPLE n=20 alpha=12 par=0,1,2,3,4,5,5,3,8,1,10,11,12,13,10,15,16,16,10,10 poly=1,20,171,825,2503,5055,7041,6918,4831,2368,782,158,15
SAMPLE n=20 alpha=14 par=0,1,2,3,4,5,5,3,3,3,3,1,12,13,14,12,16,1,1,1 poly=1,20,171,834,2624,5731,9128,10922,9931,6848,3530,1321,340,54,4
SAMPLE n=20 alpha=15 par=0,1,2,3,4,5,5,3,3,3,1,11,12,13,14,12,12,12,12,12 poly=1,20,171,838,2678,6018,9959,12459,11938,8789,4939,2081,636,133,17,1
SAMPLE n=20 alpha=12 par=0,1,2,3,4,5,5,3,3,2,1,11,12,13,14,12,16,11,1,1 poly=1,20,171,826,2513,5089,7077,6876,4693,2227,707,136,12
SAMPLE n=20 alpha=12 par=0,1,2,3,4,5,5,3,3,2,1,11,12,13,14,11,16,17,16,1 poly=1,20,171,824,2487,4950,6674,6172,3917,1679,462,71,4
SAMPLE n=20 alpha=13 par=0,1,2,3,4,5,5,3,2,9,9,9,9,2,1,15,16,17,18,1 poly=1,20,171,828,2539,5234,7525,7715,5685,2983,1082,256,35,2
SAMPLE n=20 alpha=13 par=0,1,2,3,4,5,5,3,2,9,2,2,1,13,14,15,16,14,14,1 poly=1,20,171,828,2539,5226,7463,7530,5408,2755,976,229,32,2
SAMPLE n=20 alpha=11 par=0,1,2,3,4,5,5,3,2,1,10,11,12,13,1,15,16,17,16,15 poly=1,20,171,822,2460,4800,6223,5364,3024,1071,217,19
SAMPLE n=20 alpha=13 par=0,1,2,3,4,5,5,2,8,9,9,9,9,9,1,15,16,17,16,1 poly=1,20,171,830,2575,5473,8326,9262,7548,4444,1835,503,82,6
SAMPLE n=20 alpha=12 par=0,1,2,3,4,5,5,2,8,9,9,9,8,1,14,15,16,14,18,19 poly=1,20,171,823,2476,4903,6572,6047,3821,1628,446,71,5
SAMPLE n=20 alpha=11 par=0,1,2,3,4,5,5,2,8,9,8,11,8,8,1,15,16,17,16,19 poly=1,20,171,825,2498,4992,6726,6112,3670,1387,298,28
SAMPLE n=20 alpha=11 par=0,1,2,3,4,5,5,2,8,9,8,11,2,1,14,15,16,17,16,15 poly=1,20,171,823,2473,4866,6393,5604,3205,1130,216,16
SAMPLE n=20 alpha=12 par=0,1,2,3,4,5,5,2,8,9,8,11,2,1,14,15,16,16,1,1 poly=1,20,171,825,2499,5010,6833,6410,4116,1763,474,70,4
SAMPLE n=20 alpha=12 par=0,1,2,3,4,5,5,2,8,9,8,11,1,13,14,15,16,14,1,1 poly=1,20,171,823,2474,4883,6495,5903,3688,1576,446,76,6
SAMPLE n=20 alpha=11 par=0,1,2,3,4,5,5,2,8,8,1,11,12,13,12,15,11,17,1,19 poly=1,20,171,822,2458,4779,6138,5193,2839,963,186,16
SAMPLE n=20 alpha=13 par=0,1,2,3,4,5,5,2,8,1,10,11,12,10,14,14,14,14,10,10 poly=1,20,171,830,2565,5372,7926,8438,6556,3708,1494,407,67,5
SAMPLE n=20 alpha=12 par=0,1,2,3,4,5,5,2,2,2,1,11,12,13,12,12,11,1,18,19 poly=1,20,171,828,2541,5249,7560,7721,5587,2804,928,182,16
SAMPLE n=20 alpha=13 par=0,1,2,3,4,5,5,2,2,2,1,11,12,13,11,15,15,11,18,11 poly=1,20,171,830,2567,5391,7997,8569,6672,3735,1461,378,58,4
SAMPLE n=20 alpha=11 par=0,1,2,3,4,5,5,1,8,9,10,11,10,13,10,15,10,17,10,9 poly=1,20,171,828,2529,5116,6971,6353,3752,1343,253,17
SAMPLE n=20 alpha=12 par=0,1,2,3,4,5,5,1,8,9,10,11,10,13,10,8,16,16,16,8 poly=1,20,171,826,2515,5108,7143,6986,4788,2268,714,136,12
SAMPLE n=20 alpha=12 par=0,1,2,3,4,5,5,1,8,9,10,11,10,10,9,9,8,17,8,19 poly=1,20,171,826,2509,5044,6869,6364,3959,1596,387,48,2
SAMPLE n=20 alpha=13 par=0,1,2,3,4,5,5,1,8,9,10,11,10,9,9,9,8,8,8,8 poly=1,20,171,834,2613,5613,8599,9612,7910,4766,2054,602,108,9
SAMPLE n=20 alpha=12 par=0,1,2,3,4,5,5,1,8,9,10,11,10,9,9,1,16,17,18,19 poly=1,20,171,822,2462,4822,6320,5587,3316,1296,320,46,3
SAMPLE n=20 alpha=11 par=0,1,2,3,4,5,5,1,8,9,10,11,9,13,8,15,16,8,1,19 poly=1,20,171,822,2457,4770,6108,5148,2812,962,188,16
SAMPLE n=20 alpha=11 par=0,1,2,3,4,5,5,1,8,9,10,11,9,13,8,1,16,17,16,16 poly=1,20,171,823,2473,4869,6419,5693,3359,1272,282,28
SAMPLE n=20 alpha=12 par=0,1,2,3,4,5,5,1,8,9,10,11,9,9,8,1,16,17,18,19 poly=1,20,171,822,2461,4812,6281,5510,3231,1240,296,39,2
SAMPLE n=20 alpha=13 par=0,1,2,3,4,5,5,1,8,9,10,11,8,13,14,14,14,14,8,1 poly=1,20,171,827,2533,5237,7624,8017,6132,3369,1287,322,47,3
SAMPLE n=20 alpha=12 par=0,1,2,3,4,5,5,1,8,9,10,11,8,13,14,1,16,1,1,1 poly=1,20,171,828,2536,5198,7348,7250,4972,2319,702,125,10
SAMPLE n=20 alpha=14 par=0,1,2,3,4,5,5,1,8,9,10,11,8,8,8,8,8,8,8,1 poly=1,20,171,846,2759,6358,10723,13425,12508,8617,4315,1520,355,49,3
SAMPLE n=20 alpha=13 par=0,1,2,3,4,5,5,1,8,9,10,11,1,13,14,14,14,13,13,13 poly=1,20,171,827,2526,5160,7287,7249,5116,2545,868,190,23,1
SAMPLE n=20 alpha=11 par=0,1,2,3,4,5,4,7,4,9,4,2,1,13,14,15,16,14,18,14 poly=1,20,171,826,2511,5058,6905,6399,3948,1543,342,32
SAMPLE n=20 alpha=12 par=0,1,2,3,4,5,4,7,4,4,4,3,2,13,14,1,16,17,18,16 poly=1,20,171,829,2548,5251,7459,7362,5002,2274,655,108,8
SAMPLE n=20 alpha=11 par=0,1,2,3,4,5,4,7,4,4,4,3,2,1,14,15,16,17,16,1 poly=1,20,171,830,2562,5327,7671,7696,5295,2387,636,76
SAMPLE n=20 alpha=12 par=0,1,2,3,4,5,4,7,4,4,3,3,3,2,1,15,16,17,18,16 poly=1,20,171,830,2559,5303,7605,7635,5348,2561,800,147,12
SAMPLE n=20 alpha=12 par=0,1,2,3,4,5,4,7,4,4,2,2,1,13,14,15,16,13,18,18 poly=1,20,171,827,2529,5189,7401,7481,5378,2703,904,180,16
SAMPLE n=20 alpha=11 par=0,1,2,3,4,5,4,7,4,3,10,11,3,2,1,15,16,17,16,15 poly=1,20,171,825,2495,4961,6601,5848,3350,1163,214,15
SAMPLE n=20 alpha=11 par=0,1,2,3,4,5,4,7,4,3,10,1,12,13,14,13,16,12,1,19 poly=1,20,171,823,2469,4819,6178,5104,2571,702,82,4
SAMPLE n=20 alpha=11 par=0,1,2,3,4,5,4,7,4,3,10,1,12,13,14,12,16,12,1,19 poly=1,20,171,824,2482,4889,6384,5465,2950,926,144,8
SAMPLE n=20 alpha=11 par=0,1,2,3,4,5,4,7,4,3,2,11,12,13,11,1,16,17,18,1 poly=1,20,171,823,2470,4835,6265,5334,2900,956,176,15
SAMPLE n=20 alpha=11 par=0,1,2,3,4,5,4,7,4,3,2,11,2,1,14,15,16,17,15,14 poly=1,20,171,825,2497,4981,6679,6004,3523,1268,245,18
SAMPLE n=20 alpha=11 par=0,1,2,3,4,5,4,7,4,2,1,11,12,13,11,15,16,11,18,1 poly=1,20,171,824,2483,4902,6449,5629,3176,1095,206,16
SAMPLE n=20 alpha=13 par=0,1,2,3,4,5,4,7,4,2,1,11,12,13,11,15,16,11,11,11 poly=1,20,171,830,2566,5377,7934,8435,6516,3626,1414,367,57,4
SAMPLE n=20 alpha=11 par=0,1,2,3,4,5,4,7,3,9,9,2,12,2,14,1,16,17,18,16 poly=1,20,171,823,2469,4829,6262,5380,3019,1071,221,21
SAMPLE n=20 alpha=11 par=0,1,2,3,4,5,4,7,3,9,9,2,1,13,14,15,16,14,18,14 poly=1,20,171,823,2472,4856,6360,5562,3200,1164,243,22
SAMPLE n=20 alpha=11 par=0,1,2,3,4,5,4,7,3,9,9,2,1,13,14,15,1,17,18,17 poly=1,20,171,822,2457,4768,6090,5085,2704,869,151,10
SAMPLE n=20 alpha=11 par=0,1,2,3,4,5,4,7,3,1,10,11,12,10,1,15,16,15,18,15 poly=1,20,171,823,2470,4833,6250,5290,2833,898,148,9
SAMPLE n=20 alpha=11 par=0,1,2,3,4,5,4,7,2,9,1,11,12,13,14,13,11,17,17,17 poly=1,20,171,823,2475,4889,6495,5829,3476,1312,280,25
SAMPLE n=20 alpha=11 par=0,1,2,3,4,5,4,7,2,9,1,11,12,13,14,11,16,17,11,1 poly=1,20,171,822,2457,4766,6071,5015,2578,754,102,3
SAMPLE n=20 alpha=11 par=0,1,2,3,4,5,4,7,1,9,10,11,1,13,13,1,16,1,18,1 poly=1,20,171,828,2528,5107,6935,6269,3632,1244,213,12
SAMPLE n=20 alpha=12 par=0,1,2,3,4,5,4,4,4,4,1,11,12,13,14,12,16,12,18,1 poly=1,20,171,830,2568,5389,7939,8321,6162,3133,1032,196,16
SAMPLE n=20 alpha=13 par=0,1,2,3,4,5,4,4,4,3,10,2,2,1,14,15,16,15,15,15 poly=1,20,171,832,2596,5554,8485,9465,7765,4651,1984,572,100,8
SAMPLE n=20 alpha=11 par=0,1,2,3,4,5,4,4,3,9,10,9,9,3,1,15,16,17,16,15 poly=1,20,171,827,2523,5121,7089,6721,4292,1763,420,44
SAMPLE n=20 alpha=11 par=0,1,2,3,4,5,4,4,3,9,10,9,3,2,1,15,16,17,1,19 poly=1,20,171,825,2494,4954,6581,5815,3311,1128,194,10
SAMPLE n=20 alpha=11 par=0,1,2,3,4,5,4,4,3,9,3,11,1,13,14,15,13,17,13,19 poly=1,20,171,825,2494,4946,6525,5664,3114,1002,160,8
SAMPLE n=20 alpha=11 par=0,1,2,3,4,5,4,4,3,9,2,11,2,1,14,15,16,17,14,19 poly=1,20,171,824,2484,4917,6527,5826,3445,1297,284,28
SAMPLE n=20 alpha=12 par=0,1,2,3,4,5,4,4,3,3,2,11,12,11,14,2,1,17,18,19 poly=1,20,171,826,2507,5024,6786,6179,3721,1421,320,38,2
SAMPLE n=20 alpha=12 par=0,1,2,3,4,5,4,4,3,3,2,11,11,2,14,1,16,17,18,17 poly=1,20,171,827,2521,5103,7024,6604,4189,1738,446,64,4
SAMPLE n=20 alpha=12 par=0,1,2,3,4,5,4,4,3,3,1,11,12,13,12,11,16,16,11,19 poly=1,20,171,827,2523,5117,7067,6679,4268,1787,462,66,4
SAMPLE n=20 alpha=13 par=0,1,2,3,4,5,4,4,3,3,1,11,12,13,12,1,16,16,16,16 poly=1,20,171,830,2570,5415,8068,8675,6764,3784,1476,380,58,4
SAMPLE n=20 alpha=12 par=0,1,2,3,4,5,4,4,3,3,1,11,12,13,11,1,16,1,18,1 poly=1,20,171,829,2548,5249,7450,7352,5012,2304,678,114,8
SAMPLE n=20 alpha=12 par=0,1,2,3,4,5,4,4,3,3,1,11,12,13,1,15,16,16,16,15 poly=1,20,171,827,2528,5175,7328,7294,5112,2484,802,156,14
SAMPLE n=20 alpha=11 par=0,1,2,3,4,5,4,4,2,9,10,9,12,9,14,1,16,17,18,1 poly=1,20,171,824,2484,4914,6497,5715,3242,1098,184,8
SAMPLE n=20 alpha=12 par=0,1,2,3,4,5,4,4,2,9,2,1,12,13,14,15,12,17,18,12 poly=1,20,171,825,2502,5042,6976,6757,4615,2200,703,136,12
SAMPLE n=20 alpha=11 par=0,1,2,3,4,5,4,4,2,9,2,1,12,13,14,15,1,17,1,19 poly=1,20,171,825,2496,4975,6673,6035,3619,1377,300,28
SAMPLE n=20 alpha=13 par=0,1,2,3,4,5,4,3,8,9,3,1,12,13,14,15,13,1,1,1 poly=1,20,171,827,2529,5194,7446,7643,5683,3041,1140,285,43,3
SAMPLE n=20 alpha=12 par=0,1,2,3,4,5,4,3,8,9,2,1,12,13,14,12,12,12,1,1 poly=1,20,171,828,2536,5195,7333,7228,4969,2337,716,128,10
SAMPLE n=20 alpha=11 par=0,1,2,3,4,5,4,3,8,8,3,2,12,1,14,15,16,17,14,1 poly=1,20,171,824,2482,4895,6429,5596,3137,1061,188,12
SAMPLE n=20 alpha=11 par=0,1,2,3,4,5,4,3,8,3,3,1,12,13,14,15,12,12,1,19 poly=1,20,171,827,2524,5132,7140,6846,4465,1899,477,54
SAMPLE n=20 alpha=12 par=0,1,2,3,4,5,4,3,8,2,2,1,12,13,14,13,1,17,1,1 poly=1,20,171,828,2534,5175,7247,7026,4691,2111,612,104,8
SAMPLE n=20 alpha=12 par=0,1,2,3,4,5,4,3,3,1,10,11,12,13,11,15,15,1,18,19 poly=1,20,171,823,2474,4879,6462,5794,3500,1394,348,49,3
SAMPLE n=20 alpha=12 par=0,1,2,3,4,5,4,3,3,1,10,11,12,13,10,15,16,16,16,1 poly=1,20,171,825,2504,5062,7054,6911,4781,2297,731,139,12
SAMPLE n=20 alpha=12 par=0,1,2,3,4,5,4,3,2,9,10,2,2,1,14,15,16,14,18,18 poly=1,20,171,826,2511,5068,6983,6641,4336,1893,521,80,5
SAMPLE n=20 alpha=11 par=0,1,2,3,4,5,4,3,2,9,10,2,1,13,14,15,13,17,13,1 poly=1,20,171,825,2495,4963,6616,5894,3423,1226,242,20
SAMPLE n=20 alpha=12 par=0,1,2,3,4,5,4,3,1,9,10,11,12,11,9,9,9,9,1,19 poly=1,20,171,830,2566,5378,7927,8365,6310,3321,1155,238,22
SAMPLE n=20 alpha=10 par=0,1,2,3,4,5,4,3,1,9,10,11,12,11,1,15,16,15,1,19 poly=1,20,171,823,2471,4843,6285,5339,2842,855,110
SAMPLE n=20 alpha=12 par=0,1,2,3,4,5,4,3,1,9,10,11,12,10,10,9,16,1,18,18 poly=1,20,171,824,2486,4938,6617,6033,3724,1521,389,55,3
SAMPLE n=20 alpha=12 par=0,1,2,3,4,5,4,3,1,9,10,11,12,10,10,1,16,17,16,19 poly=1,20,171,823,2474,4878,6452,5762,3456,1367,341,48,3
SAMPLE n=20 alpha=12 par=0,1,2,3,4,5,4,3,1,9,10,11,12,9,14,15,15,14,14,1 poly=1,20,171,824,2486,4936,6598,5964,3604,1416,345,48,3
SAMPLE n=20 alpha=12 par=0,1,2,3,4,5,4,2,1,9,10,11,12,10,14,14,10,17,10,1 poly=1,20,171,826,2510,5053,6905,6445,4070,1692,439,64,4
SAMPLE n=20 alpha=11 par=0,1,2,3,4,5,4,2,1,9,10,11,12,10,14,10,9,17,1,19 poly=1,20,171,823,2470,4836,6277,5381,2981,1020,196,16
SAMPLE n=20 alpha=13 par=0,1,2,3,4,5,4,2,1,9,10,11,12,10,10,9,16,16,1,1 poly=1,20,171,826,2513,5093,7112,7000,4929,2494,893,215,31,2
SAMPLE n=20 alpha=13 par=0,1,2,3,4,5,4,2,1,9,10,11,12,10,10,9,9,1,1,1 poly=1,20,171,830,2562,5336,7750,7978,5838,3006,1061,244,33,2
SAMPLE n=20 alpha=11 par=0,1,2,3,4,5,4,2,1,9,10,11,12,9,14,15,9,17,18,1 poly=1,20,171,822,2457,4769,6098,5108,2734,889,159,12
SAMPLE n=20 alpha=12 par=0,1,2,3,4,5,3,7,8,3,10,10,10,3,14,3,1,17,18,19 poly=1,20,171,829,2540,5180,7211,6922,4578,2056,602,104,8
SAMPLE n=20 alpha=14 par=0,1,2,3,4,5,3,7,8,3,3,3,2,1,14,15,16,14,14,14 poly=1,20,171,833,2605,5587,8560,9601,7972,4896,2192,692,145,18,1
SAMPLE n=20 alpha=12 par=0,1,2,3,4,5,3,7,8,3,3,3,1,13,14,15,16,13,18,19 poly=1,20,171,827,2525,5148,7230,7093,4838,2229,655,110,8
SAMPLE n=20 alpha=12 par=0,1,2,3,4,5,3,7,8,2,2,2,1,13,14,15,16,14,13,1 poly=1,20,171,826,2510,5057,6934,6523,4166,1743,443,59,3
SAMPLE n=20 alpha=13 par=0,1,2,3,4,5,3,7,7,7,7,1,12,13,14,15,13,13,13,12 poly=1,20,171,830,2570,5416,8088,8762,6939,3984,1614,436,70,5
SAMPLE n=20 alpha=12 par=0,1,2,3,4,5,3,7,7,7,3,1,12,13,14,15,1,17,1,19 poly=1,20,171,825,2498,4996,6763,6241,3899,1613,422,63,4
SAMPLE n=20 alpha=12 par=0,1,2,3,4,5,3,7,7,2,2,1,12,13,14,12,1,17,1,19 poly=1,20,171,825,2493,4947,6574,5871,3501,1371,337,47,3
SAMPLE n=20 alpha=11 par=0,1,2,3,4,5,3,7,3,9,2,11,12,13,1,15,16,17,18,16 poly=1,20,171,821,2443,4687,5840,4643,2256,621,84,4
SAMPLE n=20 alpha=12 par=0,1,2,3,4,5,3,7,3,9,1,11,12,13,11,11,1,17,1,1 poly=1,20,171,828,2534,5173,7235,6998,4659,2093,608,104,8
SAMPLE n=20 alpha=13 par=0,1,2,3,4,5,3,7,3,3,2,11,11,1,14,15,16,14,14,1 poly=1,20,171,828,2537,5209,7408,7438,5315,2692,947,221,31,2
SAMPLE n=20 alpha=12 par=0,1,2,3,4,5,3,7,3,3,2,11,2,2,1,15,16,17,18,1 poly=1,20,171,829,2542,5196,7255,6959,4535,1946,516,74,4
SAMPLE n=20 alpha=12 par=0,1,2,3,4,5,3,7,2,9,10,9,9,9,2,1,16,17,18,16 poly=1,20,171,827,2522,5118,7105,6820,4509,2013,582,100,8
SAMPLE n=20 alpha=12 par=0,1,2,3,4,5,3,3,2,9,10,11,1,13,14,15,16,14,13,19 poly=1,20,171,822,2459,4789,6178,5276,2938,1035,218,24,1
SAMPLE n=20 alpha=13 par=0,1,2,3,4,5,3,3,2,9,1,11,12,13,1,15,15,15,1,1 poly=1,20,171,829,2548,5262,7556,7706,5647,2976,1110,280,43,3
SAMPLE n=20 alpha=13 par=0,1,2,3,4,5,3,1,8,9,10,1,12,13,1,15,15,1,1,1 poly=1,20,171,833,2594,5483,8136,8619,6538,3514,1304,318,46,3
SAMPLE n=20 alpha=11 par=0,1,2,3,4,5,2,7,8,7,1,11,12,13,14,11,16,11,18,1 poly=1,20,171,822,2455,4744,5973,4790,2298,574,54,2
SAMPLE n=20 alpha=15 par=0,1,2,3,4,4,4,4,4,4,4,2,12,12,2,2,1,17,18,1 poly=1,20,171,845,2763,6450,11192,14697,14686,11143,6358,2674,800,160,19,1
SAMPLE n=20 alpha=16 par=0,1,2,3,4,4,4,4,4,4,4,2,1,13,14,14,14,14,14,13 poly=1,20,171,849,2824,6811,12420,17514,19311,16696,11276,5886,2329,676,136,17,1
SAMPLE n=20 alpha=14 par=0,1,2,3,4,4,4,4,4,3,10,3,3,3,2,1,16,17,16,16 poly=1,20,171,840,2688,6007,9779,11888,10912,7551,3882,1438,363,56,4
SAMPLE n=20 alpha=14 par=0,1,2,3,4,4,4,4,4,3,10,3,3,3,1,15,16,17,16,1 poly=1,20,171,838,2664,5889,9455,11326,10259,7031,3600,1338,342,54,4
SAMPLE n=20 alpha=14 par=0,1,2,3,4,4,4,4,4,3,3,2,12,12,12,1,16,17,17,16 poly=1,20,171,835,2635,5771,9165,10828,9631,6450,3213,1157,285,43,3
SAMPLE n=20 alpha=13 par=0,1,2,3,4,4,4,4,4,2,10,10,2,13,1,15,16,17,16,16 poly=1,20,171,833,2613,5668,8876,10249,8748,5445,2398,707,125,10
SAMPLE n=20 alpha=14 par=0,1,2,3,4,4,4,4,4,2,10,10,2,2,1,15,16,15,18,15 poly=1,20,171,836,2652,5883,9558,11665,10790,7533,3906,1458,370,57,4
SAMPLE n=20 alpha=15 par=0,1,2,3,4,4,4,4,4,2,2,1,12,13,14,14,14,12,18,12 poly=1,20,171,835,2646,5892,9720,12253,11993,9165,5445,2476,835,197,29,2
SAMPLE n=20 alpha=13 par=0,1,2,3,4,4,4,4,4,1,10,11,10,13,10,15,10,10,1,19 poly=1,20,171,837,2657,5854,9302,10857,9318,5786,2507,710,116,8
SAMPLE n=20 alpha=13 par=0,1,2,3,4,4,4,4,3,3,1,11,12,13,12,12,11,17,11,1 poly=1,20,171,832,2592,5509,8290,9017,7144,4101,1669,459,77,6
SAMPLE n=20 alpha=14 par=0,1,2,3,4,4,4,4,3,2,1,11,12,13,12,12,12,12,1,1 poly=1,20,171,837,2666,5956,9766,12058,11337,8110,4356,1706,461,77,6
SAMPLE n=20 alpha=13 par=0,1,2,3,4,4,4,4,2,9,10,9,12,9,1,15,16,15,15,15 poly=1,20,171,832,2600,5596,8654,9843,8298,5144,2281,683,123,10
SAMPLE n=20 alpha=13 par=0,1,2,3,4,4,4,4,2,9,10,9,9,1,14,15,15,14,18,1 poly=1,20,171,829,2558,5360,7940,8503,6616,3696,1440,371,57,4
SAMPLE n=20 alpha=14 par=0,1,2,3,4,4,4,4,2,9,2,1,12,13,14,14,12,17,18,12 poly=1,20,171,829,2561,5400,8156,9119,7677,4883,2327,810,195,29,2
SAMPLE n=20 alpha=13 par=0,1,2,3,4,4,4,4,2,9,2,1,12,13,14,12,1,17,1,1 poly=1,20,171,832,2591,5509,8316,9106,7269,4174,1664,431,64,4
SAMPLE n=20 alpha=15 par=0,1,2,3,4,4,4,4,2,2,2,1,12,13,14,12,12,1,18,18 poly=1,20,171,833,2613,5687,9056,10932,10189,7374,4123,1752,548,119,16,1
SAMPLE n=20 alpha=13 par=0,1,2,3,4,4,4,3,8,3,10,1,12,13,14,14,12,17,12,12 poly=1,20,171,829,2553,5303,7695,7961,5922,3150,1167,283,39,2
SAMPLE n=20 alpha=12 par=0,1,2,3,4,4,4,3,8,2,1,11,12,13,13,1,16,17,18,1 poly=1,20,171,825,2501,5031,6924,6621,4401,1995,586,99,7
SAMPLE n=20 alpha=13 par=0,1,2,3,4,4,4,3,3,3,3,2,12,13,1,15,16,17,16,16 poly=1,20,171,833,2603,5566,8463,9353,7581,4488,1900,548,97,8
SAMPLE n=20 alpha=14 par=0,1,2,3,4,4,4,3,3,3,3,2,12,12,12,2,1,17,18,18 poly=1,20,171,836,2639,5758,9058,10546,9217,6067,2982,1068,265,41,3
SAMPLE n=20 alpha=13 par=0,1,2,3,4,4,4,3,3,3,2,1,12,13,14,13,12,12,1,19 poly=1,20,171,831,2576,5411,7968,8373,6313,3392,1269,314,46,3
SAMPLE n=20 alpha=13 par=0,1,2,3,4,4,4,3,3,2,10,10,2,13,1,15,16,15,15,15 poly=1,20,171,832,2592,5517,8340,9146,7323,4246,1738,477,79,6
SAMPLE n=20 alpha=13 par=0,1,2,3,4,4,4,3,3,2,10,10,2,2,2,1,16,17,18,17 poly=1,20,171,834,2611,5589,8478,9281,7364,4196,1673,443,70,5
SAMPLE n=20 alpha=13 par=0,1,2,3,4,4,4,3,3,2,10,10,1,13,14,15,15,1,18,1 poly=1,20,171,828,2540,5242,7551,7766,5769,3097,1185,311,51,4
SAMPLE n=20 alpha=13 par=0,1,2,3,4,4,4,3,3,2,2,1,12,13,14,12,1,17,1,1 poly=1,20,171,832,2585,5444,8028,8418,6288,3306,1187,274,36,2
SAMPLE n=20 alpha=12 par=0,1,2,3,4,4,4,3,3,1,10,11,11,10,14,10,16,10,18,10 poly=1,20,171,833,2597,5490,8097,8415,6132,3067,1005,195,17
SAMPLE n=20 alpha=12 par=0,1,2,3,4,4,4,3,2,9,2,11,2,13,1,15,16,15,18,1 poly=1,20,171,828,2530,5132,7057,6575,4059,1572,338,30,1
SAMPLE n=20 alpha=11 par=0,1,2,3,4,4,4,3,2,9,2,11,1,13,14,15,14,17,14,19 poly=1,20,171,826,2510,5047,6854,6274,3772,1397,273,17
SAMPLE n=20 alpha=14 par=0,1,2,3,4,4,4,2,8,9,9,9,2,13,14,2,1,17,18,19 poly=1,20,171,828,2545,5305,7866,8592,7046,4346,1986,648,141,18,1
SAMPLE n=20 alpha=13 par=0,1,2,3,4,4,4,2,8,9,9,9,1,13,14,13,1,17,1,1 poly=1,20,171,830,2569,5411,8075,8743,6937,4018,1662,466,79,6
SAMPLE n=20 alpha=12 par=0,1,2,3,4,4,4,2,8,9,8,11,8,13,8,2,2,1,18,19 poly=1,20,171,831,2572,5382,7885,8254,6216,3325,1207,267,27
SAMPLE n=20 alpha=13 par=0,1,2,3,4,4,4,2,8,9,8,11,2,1,14,15,15,14,14,1 poly=1,20,171,828,2540,5239,7527,7691,5636,2942,1063,250,34,2
SAMPLE n=20 alpha=12 par=0,1,2,3,4,4,4,2,8,9,8,11,1,13,14,15,1,17,18,19 poly=1,20,171,822,2461,4814,6295,5540,3242,1205,256,25,1
SAMPLE n=20 alpha=12 par=0,1,2,3,4,4,4,2,8,8,2,11,2,13,2,1,16,17,16,19 poly=1,20,171,831,2572,5380,7865,8175,6055,3139,1082,221,20
SAMPLE n=20 alpha=13 par=0,1,2,3,4,4,4,2,8,8,2,11,2,1,14,15,15,1,18,18 poly=1,20,171,829,2552,5307,7757,8174,6279,3498,1378,363,57,4
SAMPLE n=20 alpha=13 par=0,1,2,3,4,4,4,2,8,8,2,11,1,13,14,15,15,14,14,13 poly=1,20,171,828,2542,5257,7594,7824,5789,3047,1106,260,35,2
SAMPLE n=20 alpha=12 par=0,1,2,3,4,4,4,2,8,1,10,11,11,10,14,14,1,17,1,19 poly=1,20,171,826,2512,5083,7071,6902,4765,2300,747,149,14
SAMPLE n=20 alpha=13 par=0,1,2,3,4,4,4,2,8,1,10,11,11,10,14,1,16,17,17,1 poly=1,20,171,826,2515,5116,7216,7241,5242,2734,1011,255,40,3
SAMPLE n=20 alpha=14 par=0,1,2,3,4,4,4,2,2,2,1,11,12,12,11,15,15,1,18,1 poly=1,20,171,831,2580,5469,8279,9234,7725,4868,2290,785,187,28,2
SAMPLE n=20 alpha=14 par=0,1,2,3,4,4,4,2,2,2,1,11,12,12,1,15,15,1,18,1 poly=1,20,171,833,2602,5571,8546,9682,8240,5285,2526,874,207,30,2
SAMPLE n=20 alpha=13 par=0,1,2,3,4,4,4,2,2,2,1,11,12,1,14,15,1,17,1,19 poly=1,20,171,831,2572,5387,7933,8430,6550,3699,1474,389,60,4
SAMPLE n=20 alpha=12 par=0,1,2,3,4,4,4,1,8,9,10,10,9,13,13,9,16,9,8,19 poly=1,20,171,828,2535,5185,7297,7167,4916,2312,709,127,10
SAMPLE n=20 alpha=12 par=0,1,2,3,4,4,4,1,8,9,10,10,9,13,8,15,16,15,1,1 poly=1,20,171,826,2516,5123,7225,7197,5075,2488,810,158,14
SAMPLE n=20 alpha=13 par=0,1,2,3,4,4,4,1,8,9,10,10,9,9,9,8,16,17,16,8 poly=1,20,171,830,2565,5367,7884,8296,6295,3418,1293,322,47,3
SAMPLE n=20 alpha=14 par=0,1,2,3,4,4,4,1,8,9,10,10,9,8,8,1,16,16,16,16 poly=1,20,171,831,2586,5525,8484,9639,8225,5283,2526,874,207,30,2
SAMPLE n=20 alpha=12 par=0,1,2,3,4,4,4,1,8,9,10,10,9,8,1,15,16,16,1,19 poly=1,20,171,826,2516,5121,7208,7148,5012,2447,796,156,14
SAMPLE n=20 alpha=12 par=0,1,2,3,4,4,4,1,8,9,10,10,9,1,14,15,14,1,18,18 poly=1,20,171,826,2515,5109,7150,7001,4796,2255,693,125,10
SAMPLE n=20 alpha=12 par=0,1,2,3,4,4,4,1,8,9,10,10,8,13,14,13,1,17,17,1 poly=1,20,171,826,2516,5122,7214,7157,5011,2433,782,150,13
SAMPLE n=20 alpha=14 par=0,1,2,3,4,4,4,1,8,9,10,10,8,13,8,8,8,1,18,18 poly=1,20,171,832,2594,5546,8499,9604,8126,5165,2443,838,198,29,2
SAMPLE n=20 alpha=12 par=0,1,2,3,4,4,4,1,8,9,10,9,12,9,8,15,16,8,1,19 poly=1,20,171,826,2511,5066,6968,6597,4272,1842,498,75,5
SAMPLE n=20 alpha=12 par=0,1,2,3,4,4,4,1,8,9,10,9,12,8,14,14,8,1,18,1 poly=1,20,171,827,2524,5137,7180,6974,4681,2109,596,91,5
SAMPLE n=20 alpha=13 par=0,1,2,3,4,4,4,1,8,9,10,8,12,12,1,15,16,15,15,15 poly=1,20,171,828,2543,5271,7660,7976,5993,3220,1199,289,39,2
SAMPLE n=20 alpha=12 par=0,1,2,3,4,4,4,1,8,9,10,8,12,8,14,8,16,8,1,1 poly=1,20,171,832,2582,5414,7908,8156,5929,2973,976,188,16
SAMPLE n=20 alpha=12 par=0,1,2,3,4,4,4,1,8,9,10,8,12,8,1,15,16,17,15,19 poly=1,20,171,824,2487,4950,6672,6160,3885,1635,433,64,4
SAMPLE n=20 alpha=12 par=0,1,2,3,4,4,3,7,7,3,10,3,2,13,1,15,16,17,16,16 poly=1,20,171,828,2533,5160,7173,6845,4437,1895,501,72,4
SAMPLE n=20 alpha=11 par=0,1,2,3,4,4,3,7,7,3,10,3,1,13,14,13,1,17,1,19 poly=1,20,171,828,2531,5137,7064,6570,4036,1551,333,30
SAMPLE n=20 alpha=13 par=0,1,2,3,4,4,3,7,7,2,10,10,10,2,1,15,16,16,15,1 poly=1,20,171,828,2538,5222,7470,7590,5535,2893,1066,266,41,3
SAMPLE n=20 alpha=14 par=0,1,2,3,4,4,3,7,7,2,10,10,1,13,14,15,13,13,13,13 poly=1,20,171,831,2583,5492,8338,9266,7605,4600,2025,632,133,17,1
SAMPLE n=20 alpha=13 par=0,1,2,3,4,4,3,7,7,2,2,1,12,13,14,14,13,12,18,1 poly=1,20,171,826,2512,5079,7041,6818,4660,2251,756,167,21,1
SAMPLE n=20 alpha=12 par=0,1,2,3,4,4,3,7,7,1,10,11,11,10,14,10,10,1,18,19 poly=1,20,171,827,2523,5123,7112,6820,4506,2018,589,102,8
SAMPLE n=20 alpha=12 par=0,1,2,3,4,4,3,7,7,1,10,11,10,13,1,15,16,15,1,1 poly=1,20,171,827,2522,5116,7094,6797,4482,1986,559,89,6
SAMPLE n=20 alpha=12 par=0,1,2,3,4,4,3,7,7,1,10,11,10,1,14,15,1,17,18,1 poly=1,20,171,826,2509,5048,6907,6500,4201,1830,512,83,6
SAMPLE n=20 alpha=11 par=0,1,2,3,4,4,3,7,3,9,1,11,12,13,13,12,11,17,1,19 poly=1,20,171,824,2483,4901,6440,5600,3132,1061,193,14
SAMPLE n=20 alpha=11 par=0,1,2,3,4,4,3,7,3,9,1,11,12,13,12,15,1,17,17,1 poly=1,20,171,825,2497,4982,6689,6044,3602,1349,286,26
SAMPLE n=20 alpha=12 par=0,1,2,3,4,4,3,7,3,3,1,11,12,13,13,12,16,11,18,11 poly=1,20,171,828,2537,5197,7313,7131,4787,2162,627,106,8
SAMPLE n=20 alpha=13 par=0,1,2,3,4,4,3,7,3,3,1,11,12,13,13,12,1,17,18,18 poly=1,20,171,827,2528,5176,7337,7334,5211,2627,925,218,31,2
SAMPLE n=20 alpha=13 par=0,1,2,3,4,4,3,7,3,3,1,11,12,13,13,1,16,16,16,16 poly=1,20,171,831,2583,5485,8277,9071,7272,4233,1744,482,80,6
SAMPLE n=20 alpha=12 par=0,1,2,3,4,4,3,7,3,2,1,11,12,13,13,12,11,11,1,1 poly=1,20,171,829,2549,5260,7498,7462,5158,2420,733,129,10
SAMPLE n=20 alpha=11 par=0,1,2,3,4,4,3,7,3,2,1,11,12,13,12,12,11,1,18,1 poly=1,20,171,828,2535,5178,7231,6926,4468,1850,442,46
SAMPLE n=20 alpha=12 par=0,1,2,3,4,4,3,7,3,2,1,11,12,13,12,12,1,17,17,1 poly=1,20,171,828,2538,5213,7394,7332,5066,2386,728,129,10
SAMPLE n=20 alpha=12 par=0,1,2,3,4,4,3,7,3,2,1,11,12,13,11,15,16,11,18,18 poly=1,20,171,825,2496,4972,6657,6008,3614,1411,341,47,3
SAMPLE n=20 alpha=12 par=0,1,2,3,4,4,3,7,3,2,1,11,12,13,1,15,15,1,1,1 poly=1,20,171,832,2584,5433,7973,8260,6008,2993,968,182,15
SAMPLE n=20 alpha=12 par=0,1,2,3,4,4,3,7,2,9,10,9,2,1,14,15,16,14,1,19 poly=1,20,171,824,2481,4888,6416,5615,3244,1221,295,43,3
SAMPLE n=20 alpha=12 par=0,1,2,3,4,4,3,7,2,9,10,9,1,13,14,15,15,14,14,13 poly=1,20,171,825,2499,5003,6780,6254,3884,1576,394,54,3
SAMPLE n=20 alpha=14 par=0,1,2,3,4,4,3,3,3,3,2,1,12,13,13,1,16,17,17,1 poly=1,20,171,833,2605,5592,8594,9710,8186,5172,2432,832,197,29,2
SAMPLE n=20 alpha=13 par=0,1,2,3,4,4,3,3,3,2,2,1,12,13,12,15,1,17,1,1 poly=1,20,171,833,2595,5484,8112,8516,6345,3310,1173,267,35,2
SAMPLE n=20 alpha=13 par=0,1,2,3,4,4,3,3,2,9,9,9,2,1,14,15,15,1,18,1 poly=1,20,171,830,2562,5344,7815,8192,6218,3408,1322,346,55,4
SAMPLE n=20 alpha=13 par=0,1,2,3,4,4,3,3,2,9,9,9,1,13,14,15,13,1,18,18 poly=1,20,171,827,2527,5175,7368,7462,5427,2815,1013,239,33,2
SAMPLE n=20 alpha=11 par=0,1,2,3,4,4,3,3,2,1,10,11,12,11,14,11,16,11,18,1 poly=1,20,171,828,2534,5162,7150,6729,4207,1658,369,35
SAMPLE n=20 alpha=12 par=0,1,2,3,4,4,3,3,2,1,10,11,12,10,14,1,16,17,17,1 poly=1,20,171,826,2511,5068,6985,6659,4393,1977,583,102,8
SAMPLE n=20 alpha=12 par=0,1,2,3,4,4,3,3,2,1,10,11,12,1,14,14,14,1,18,1 poly=1,20,171,830,2559,5305,7619,7676,5413,2621,832,156,13
SAMPLE n=20 alpha=12 par=0,1,2,3,4,4,3,2,8,9,9,2,12,2,1,15,16,17,1,1 poly=1,20,171,828,2533,5172,7263,7120,4882,2309,724,137,12
SAMPLE n=20 alpha=12 par=0,1,2,3,4,4,3,2,8,9,8,2,12,13,2,2,1,17,18,1 poly=1,20,171,830,2552,5241,7375,7165,4766,2112,589,92,6
SAMPLE n=20 alpha=12 par=0,1,2,3,4,4,3,2,8,9,8,2,2,2,1,15,16,15,1,19 poly=1,20,171,831,2568,5341,7705,7809,5543,2693,848,154,12
SAMPLE n=20 alpha=12 par=0,1,2,3,4,4,3,2,8,2,1,11,12,13,12,15,11,17,17,11 poly=1,20,171,826,2510,5053,6905,6444,4066,1686,435,63,4
SAMPLE n=20 alpha=12 par=0,1,2,3,4,4,3,2,8,2,1,11,12,13,12,1,16,16,16,16 poly=1,20,171,829,2554,5321,7782,8143,6101,3205,1121,234,22
SAMPLE n=20 alpha=12 par=0,1,2,3,4,4,3,2,2,1,10,11,11,1,14,14,1,17,1,19 poly=1,20,171,829,2543,5209,7325,7160,4866,2263,689,124,10
SAMPLE n=20 alpha=13 par=0,1,2,3,4,4,2,7,8,8,2,1,12,13,13,1,16,16,1,19 poly=1,20,171,826,2512,5088,7113,7049,5047,2625,979,251,40,3
SAMPLE n=20 alpha=13 par=0,1,2,3,4,4,2,7,8,2,1,11,12,13,12,11,16,1,1,1 poly=1,20,171,828,2535,5192,7349,7328,5194,2613,919,217,31,2
SAMPLE n=20 alpha=13 par=0,1,2,3,4,4,2,7,7,7,2,1,12,13,14,14,12,1,18,1 poly=1,20,171,828,2538,5223,7477,7607,5555,2906,1071,267,41,3
SAMPLE n=20 alpha=14 par=0,1,2,3,4,4,2,7,7,2,10,2,2,1,14,15,16,16,14,14 poly=1,20,171,832,2591,5517,8390,9393,7888,4999,2371,820,196,29,2
SAMPLE n=20 alpha=12 par=0,1,2,3,4,4,2,7,7,2,10,2,2,1,14,15,16,15,18,15 poly=1,20,171,831,2574,5390,7871,8121,5910,2979,995,199,18
SAMPLE n=20 alpha=15 par=0,1,2,3,4,4,2,7,2,2,1,11,12,1,1,1,1,1,1,1 poly=1,20,171,851,2811,6615,11538,15232,15369,11879,6999,3099,1002,224,31,2
SAMPLE n=20 alpha=14 par=0,1,2,3,4,4,2,2,2,2,2,2,1,13,14,13,1,17,17,1 poly=1,20,171,843,2722,6184,10305,12855,12076,8511,4442,1671,430,68,5
SAMPLE n=20 alpha=14 par=0,1,2,3,4,4,2,2,2,1,10,11,12,11,11,11,11,10,1,19 poly=1,20,171,835,2633,5747,9060,10576,9250,6063,2939,1020,238,33,2
SAMPLE n=20 alpha=13 par=0,1,2,3,4,4,2,2,2,1,10,11,12,10,1,15,16,15,15,1 poly=1,20,171,830,2562,5346,7833,8255,6329,3516,1381,363,57,4
SAMPLE n=20 alpha=12 par=0,1,2,3,4,3,6,3,8,3,3,3,2,1,14,15,1,17,17,17 poly=1,20,171,836,2633,5680,8661,9451,7359,4009,1459,320,32
SAMPLE n=20 alpha=10 par=0,1,2,3,4,3,6,3,8,1,10,11,12,11,14,11,10,17,10,19 poly=1,20,171,825,2492,4922,6409,5372,2706,696,56
SAMPLE n=20 alpha=11 par=0,1,2,3,4,3,6,3,8,1,10,11,12,11,14,1,16,16,1,1 poly=1,20,171,827,2523,5122,7096,6743,4328,1793,431,45
SAMPLE n=20 alpha=11 par=0,1,2,3,4,3,6,3,8,1,10,11,12,1,14,15,15,14,1,1 poly=1,20,171,827,2523,5125,7122,6828,4465,1909,481,54
SAMPLE n=20 alpha=11 par=0,1,2,3,4,3,6,3,3,3,1,11,12,13,12,15,12,11,18,11 poly=1,20,171,832,2588,5458,8027,8280,5893,2762,768,96
SAMPLE n=20 alpha=11 par=0,1,2,3,4,3,6,3,3,2,1,11,12,13,12,11,1,17,18,19 poly=1,20,171,826,2509,5039,6824,6204,3668,1307,235,12
SAMPLE n=20 alpha=13 par=0,1,2,3,4,3,6,3,3,2,1,11,12,13,12,1,1,1,1,1 poly=1,20,171,839,2680,5981,9706,11667,10405,6795,3155,986,186,16
SAMPLE n=20 alpha=11 par=0,1,2,3,4,3,6,3,2,9,10,2,1,13,14,13,1,17,1,1 poly=1,20,171,829,2541,5183,7186,6765,4220,1645,353,30
SAMPLE n=20 alpha=12 par=0,1,2,3,4,3,6,3,2,9,9,1,12,13,14,12,12,1,18,1 poly=1,20,171,827,2521,5107,7061,6735,4424,1970,572,99,8
SAMPLE n=20 alpha=12 par=0,1,2,3,4,3,6,3,2,9,9,1,12,13,14,1,16,1,1,1 poly=1,20,171,831,2573,5392,7919,8293,6197,3244,1137,242,24
SAMPLE n=20 alpha=10 par=0,1,2,3,4,3,6,3,1,9,10,11,10,9,14,15,1,17,1,19 poly=1,20,171,824,2482,4893,6410,5526,3009,937,127
SAMPLE n=20 alpha=12 par=0,1,2,3,4,3,6,2,8,9,2,1,12,13,12,1,16,1,1,1 poly=1,20,171,831,2565,5307,7547,7415,4967,2190,595,89,6
SAMPLE n=20 alpha=11 par=0,1,2,3,4,3,6,2,8,8,8,1,12,13,14,1,16,17,16,1 poly=1,20,171,825,2497,4992,6770,6297,3995,1670,417,47
SAMPLE n=20 alpha=12 par=0,1,2,3,4,3,6,2,1,9,10,11,10,10,10,9,16,17,16,16 poly=1,20,171,828,2539,5225,7449,7458,5221,2485,753,126,8
SAMPLE n=20 alpha=12 par=0,1,2,3,4,3,6,2,1,9,10,11,10,10,9,15,16,9,18,9 poly=1,20,171,827,2519,5082,6941,6440,4014,1639,420,62,4
SAMPLE n=20 alpha=12 par=0,1,2,3,4,3,6,2,1,9,10,11,10,9,9,1,16,17,17,1 poly=1,20,171,826,2509,5046,6885,6416,4048,1682,433,60,3
SAMPLE n=20 alpha=12 par=0,1,2,3,4,3,3,3,3,2,10,11,2,13,1,15,16,17,16,1 poly=1,20,171,831,2572,5379,7855,8127,5937,2987,980,188,16
SAMPLE n=20 alpha=12 par=0,1,2,3,4,3,3,3,3,2,10,11,2,13,1,15,16,17,15,19 poly=1,20,171,830,2559,5307,7631,7694,5396,2549,758,124,8
SAMPLE n=20 alpha=13 par=0,1,2,3,4,3,3,3,3,2,10,11,2,2,1,15,16,17,16,16 poly=1,20,171,835,2626,5677,8763,9858,8133,4881,2076,593,102,8
SAMPLE n=20 alpha=14 par=0,1,2,3,4,3,3,3,3,2,10,11,2,2,1,15,16,17,15,15 poly=1,20,171,835,2626,5685,8831,10106,8649,5559,2659,920,217,31,2
SAMPLE n=20 alpha=12 par=0,1,2,3,4,3,3,2,8,9,2,2,1,13,14,15,14,13,13,1 poly=1,20,171,830,2559,5303,7605,7634,5344,2555,796,146,12
SAMPLE n=20 alpha=11 par=0,1,2,3,4,3,1,7,8,1,10,10,1,13,1,15,1,17,1,19 poly=1,20,171,833,2579,5327,7464,7052,4370,1679,358,32
SAMPLE n=20 alpha=13 par=0,1,2,3,4,2,6,2,1,9,10,11,1,13,13,1,1,1,1,1 poly=1,20,171,841,2685,5926,9352,10707,8886,5265,2156,575,89,6
SAMPLE n=20 alpha=13 par=0,1,2,3,4,2,2,1,8,9,10,1,12,13,13,12,12,1,18,18 poly=1,20,171,827,2520,5103,7068,6800,4573,2144,689,145,18,1
SAMPLE n=20 alpha=16 par=0,1,2,3,3,3,3,3,3,3,3,3,3,3,2,15,2,1,18,18 poly=1,20,171,875,3075,7898,15292,22748,26301,23749,16720,9098,3759,1143,242,32,2
SAMPLE n=20 alpha=15 par=0,1,2,3,3,3,3,3,3,3,3,3,2,1,14,15,15,1,18,19 poly=1,20,171,855,2869,6929,12446,16891,17451,13735,8176,3618,1153,250,33,2
SAMPLE n=20 alpha=15 par=0,1,2,3,3,3,3,3,3,3,3,3,2,1,14,15,14,1,18,18 poly=1,20,171,856,2881,6986,12605,17186,17829,14071,8380,3699,1172,252,33,2
SAMPLE n=20 alpha=16 par=0,1,2,3,3,3,3,3,3,3,2,2,1,13,13,13,13,1,1,1 poly=1,20,171,852,2844,6855,12445,17426,19057,16354,10991,5731,2275,665,135,17,1
SAMPLE n=20 alpha=15 par=0,1,2,3,3,3,3,3,3,2,10,10,10,2,14,14,1,17,18,18 poly=1,20,171,839,2681,6011,9908,12315,11672,8456,4660,1927,582,122,16,1
SAMPLE n=20 alpha=15 par=0,1,2,3,3,3,3,3,3,2,10,10,2,2,1,15,15,15,15,1 poly=1,20,171,845,2756,6397,11047,14553,14798,11630,7005,3171,1042,234,32,2
SAMPLE n=20 alpha=15 par=0,1,2,3,3,3,3,3,3,2,10,10,2,2,1,15,15,1,18,18 poly=1,20,171,841,2700,6080,10034,12443,11734,8443,4620,1901,574,121,16,1
SAMPLE n=20 alpha=15 par=0,1,2,3,3,3,3,3,3,2,2,1,12,13,13,13,12,1,1,1 poly=1,20,171,844,2747,6358,10936,14324,14451,11250,6711,3015,988,223,31,2
SAMPLE n=20 alpha=13 par=0,1,2,3,3,3,3,2,8,2,2,1,12,13,13,12,1,17,18,17 poly=1,20,171,832,2587,5471,8164,8775,6842,3841,1511,393,60,4
SAMPLE n=20 alpha=14 par=0,1,2,3,3,3,2,7,7,7,2,1,12,13,12,15,1,1,1,1 poly=1,20,171,836,2637,5745,9031,10527,9215,6052,2938,1020,238,33,2
SAMPLE n=20 alpha=13 par=0,1,2,3,3,3,2,7,7,7,2,1,12,13,12,12,1,17,18,17 poly=1,20,171,830,2564,5364,7895,8359,6419,3552,1382,359,56,4
SAMPLE n=20 alpha=14 par=0,1,2,3,3,2,6,6,1,9,10,1,12,12,12,12,1,17,1,1 poly=1,20,171,835,2619,5625,8616,9676,8107,5102,2398,823,196,29,2
SAMPLE n=20 alpha=13 par=0,1,2,3,3,2,6,2,1,9,10,9,1,13,13,13,13,13,1,19 poly=1,20,171,834,2611,5598,8546,9479,7653,4421,1760,452,66,4
SAMPLE n=20 alpha=13 par=0,1,2,3,2,5,1,7,8,7,7,7,7,7,7,1,16,1,18,1 poly=1,20,171,844,2723,6131,9976,11895,10362,6474,2797,782,124,8
SAMPLE n=20 alpha=13 par=0,1,2,3,2,5,1,7,8,7,7,1,12,12,12,1,16,1,1,1 poly=1,20,171,838,2644,5697,8656,9424,7381,4125,1605,412,62,4
TOP5 rank=0 n=20 alpha=19 k=9 q=13 num=1551580888 den=8533694884 par=0,1,1,1,1,1,1,1,1,1,1,1,1,1,1,1,1,1,1,1 poly=1,20,171,969,3876,11628,27132,50388,75582,92378,92378,75582,50388,27132,11628,3876,969,171,19,1
TOP5 rank=1 n=20 alpha=18 k=9 q=12 num=448145182 den=2364876900 par=0,1,2,2,2,2,2,2,2,2,2,1,12,12,12,12,12,12,12,12 poly=1,20,171,880,3200,8764,18746,31936,43802,48630,43759,31824,18564,8568,3060,816,153,18,1
TOP5 rank=2 n=20 alpha=17 k=8 q=11 num=126275425 den=653262481 par=0,1,2,3,3,3,3,3,3,3,2,2,2,2,2,1,16,16,16,16 poly=1,20,171,858,2916,7268,13922,21066,25559,25016,19733,12454,6201,2381,680,136,17,1
TOP5 rank=3 n=20 alpha=17 k=8 q=11 num=126300441 den=653262481 par=0,1,2,3,3,3,3,3,3,3,2,2,2,2,1,15,15,15,15,15 poly=1,20,171,857,2912,7262,13918,21065,25559,25016,19733,12454,6201,2381,680,136,17,1
TOP5 rank=4 n=20 alpha=17 k=8 q=11 num=126439014 den=652904704 par=0,1,2,3,3,3,3,3,3,1,10,10,10,10,10,1,1,1,1,1 poly=1,20,171,856,2905,7243,13892,21046,25552,25015,19733,12454,6201,2381,680,136,17,1
TOP5 rank=5 n=20 alpha=17 k=8 q=11 num=135179708 den=690323076 par=0,1,2,3,3,3,3,3,3,3,2,2,2,2,2,2,1,17,17,17 poly=1,20,171,861,2942,7378,14217,21611,26274,25688,20183,12664,6266,2393,681,136,17,1
TOP5 rank=6 n=20 alpha=17 k=8 q=11 num=135281289 den=690270529 par=0,1,2,3,3,3,3,3,3,3,2,2,2,1,14,14,14,14,14,14 poly=1,20,171,858,2930,7359,14202,21605,26273,25688,20183,12664,6266,2393,681,136,17,1
TOP5 rank=7 n=20 alpha=17 k=8 q=11 num=135372959 den=689955289 par=0,1,2,3,3,3,3,3,3,1,10,10,10,10,1,1,1,1,1,1 poly=1,20,171,858,2927,7347,14183,21590,26267,25687,20183,12664,6266,2393,681,136,17,1
TOP5 rank=8 n=20 alpha=17 k=9 q=11 num=133975921 den=682724641 par=0,1,2,3,3,3,3,3,3,3,3,3,2,2,2,2,1,17,17,17 poly=1,20,171,865,2984,7556,14638,22242,26910,26129,20392,12729,6278,2394,681,136,17,1
TOP5 rank=9 n=20 alpha=17 k=9 q=11 num=133975921 den=682724641 par=0,1,2,3,3,3,3,3,3,3,3,3,2,2,2,1,16,16,16,16 poly=1,20,171,864,2981,7553,14637,22242,26910,26129,20392,12729,6278,2394,681,136,17,1
TOP5 rank=10 n=20 alpha=17 k=9 q=11 num=134066408 den=682672384 par=0,1,2,3,3,3,3,3,3,3,3,3,1,13,14,14,14,14,1,1 poly=1,20,171,861,2964,7521,14603,22221,26903,26128,20392,12729,6278,2394,681,136,17,1
TOP5 rank=11 n=20 alpha=17 k=9 q=11 num=134066408 den=682672384 par=0,1,2,3,3,3,3,3,3,3,3,3,1,13,14,14,14,1,1,1 poly=1,20,171,861,2963,7519,14602,22221,26903,26128,20392,12729,6278,2394,681,136,17,1
TOP4 rank=0 n=20 alpha=19 k=9 q=13 num=1551580888 den=8533694884 par=0,1,1,1,1,1,1,1,1,1,1,1,1,1,1,1,1,1,1,1 poly=1,20,171,969,3876,11628,27132,50388,75582,92378,92378,75582,50388,27132,11628,3876,969,171,19,1
TOP4 rank=1 n=20 alpha=18 k=9 q=12 num=448145182 den=2364876900 par=0,1,2,2,2,2,2,2,2,2,2,1,12,12,12,12,12,12,12,12 poly=1,20,171,880,3200,8764,18746,31936,43802,48630,43759,31824,18564,8568,3060,816,153,18,1
TOP4 rank=2 n=20 alpha=17 k=8 q=11 num=126275425 den=653262481 par=0,1,2,3,3,3,3,3,3,3,2,2,2,2,2,1,16,16,16,16 poly=1,20,171,858,2916,7268,13922,21066,25559,25016,19733,12454,6201,2381,680,136,17,1
TOP4 rank=3 n=20 alpha=17 k=8 q=11 num=126300441 den=653262481 par=0,1,2,3,3,3,3,3,3,3,2,2,2,2,1,15,15,15,15,15 poly=1,20,171,857,2912,7262,13918,21065,25559,25016,19733,12454,6201,2381,680,136,17,1
TOP4 rank=4 n=20 alpha=17 k=8 q=11 num=126439014 den=652904704 par=0,1,2,3,3,3,3,3,3,1,10,10,10,10,10,1,1,1,1,1 poly=1,20,171,856,2905,7243,13892,21046,25552,25015,19733,12454,6201,2381,680,136,17,1
TOP4 rank=5 n=20 alpha=17 k=8 q=11 num=135179708 den=690323076 par=0,1,2,3,3,3,3,3,3,3,2,2,2,2,2,2,1,17,17,17 poly=1,20,171,861,2942,7378,14217,21611,26274,25688,20183,12664,6266,2393,681,136,17,1
TOP4 rank=6 n=20 alpha=17 k=8 q=11 num=135281289 den=690270529 par=0,1,2,3,3,3,3,3,3,3,2,2,2,1,14,14,14,14,14,14 poly=1,20,171,858,2930,7359,14202,21605,26273,25688,20183,12664,6266,2393,681,136,17,1
TOP4 rank=7 n=20 alpha=17 k=8 q=11 num=135372959 den=689955289 par=0,1,2,3,3,3,3,3,3,1,10,10,10,10,1,1,1,1,1,1 poly=1,20,171,858,2927,7347,14183,21590,26267,25687,20183,12664,6266,2393,681,136,17,1
TOP4 rank=8 n=20 alpha=17 k=9 q=11 num=133975921 den=682724641 par=0,1,2,3,3,3,3,3,3,3,3,3,2,2,2,2,1,17,17,17 poly=1,20,171,865,2984,7556,14638,22242,26910,26129,20392,12729,6278,2394,681,136,17,1
TOP4 rank=9 n=20 alpha=17 k=9 q=11 num=133975921 den=682724641 par=0,1,2,3,3,3,3,3,3,3,3,3,2,2,2,1,16,16,16,16 poly=1,20,171,864,2981,7553,14637,22242,26910,26129,20392,12729,6278,2394,681,136,17,1
TOP4 rank=10 n=20 alpha=17 k=9 q=11 num=134066408 den=682672384 par=0,1,2,3,3,3,3,3,3,3,3,3,1,13,14,14,14,14,1,1 poly=1,20,171,861,2964,7521,14603,22221,26903,26128,20392,12729,6278,2394,681,136,17,1
TOP4 rank=11 n=20 alpha=17 k=9 q=11 num=134066408 den=682672384 par=0,1,2,3,3,3,3,3,3,3,3,3,1,13,14,14,14,1,1,1 poly=1,20,171,861,2963,7519,14602,22221,26903,26128,20392,12729,6278,2394,681,136,17,1
VDMIN_FLOAT n=20 value=0.682753604961 k=7 alpha=10 q=7 lambda=1.86030542547 V=1.60828715278 delta=0.42452220288 par=0,1,2,3,4,5,6,5,8,5,10,1,12,13,14,15,14,17,14,19 poly=1,20,171,822,2456,4746,5950,4684,2122,446,19
PERK n=20 alpha=18 k=4 q=12 num=2527680 den=10240000 par=0,1,2,2,2,2,2,2,2,2,2,1,12,12,12,12,12,12,12,12
PERK n=20 alpha=18 k=5 q=12 num=16820496 den=76807696 par=0,1,2,2,2,2,2,2,2,2,2,1,12,12,12,12,12,12,12,12
PERK n=20 alpha=18 k=6 q=12 num=71525412 den=351412516 par=0,1,2,2,2,2,2,2,2,2,2,1,12,12,12,12,12,12,12,12
PERK n=20 alpha=19 k=7 q=13 num=488259720 den=2538950544 par=0,1,1,1,1,1,1,1,1,1,1,1,1,1,1,1,1,1,1,1
PERK n=20 alpha=19 k=8 q=13 num=1057896060 den=5712638724 par=0,1,1,1,1,1,1,1,1,1,1,1,1,1,1,1,1,1,1,1
PERK n=20 alpha=19 k=9 q=13 num=1551580888 den=8533694884 par=0,1,1,1,1,1,1,1,1,1,1,1,1,1,1,1,1,1,1,1
PERK n=20 alpha=19 k=10 q=13 num=1551580888 den=8533694884 par=0,1,1,1,1,1,1,1,1,1,1,1,1,1,1,1,1,1,1,1
PERK n=20 alpha=19 k=11 q=13 num=1057896060 den=5712638724 par=0,1,1,1,1,1,1,1,1,1,1,1,1,1,1,1,1,1,1,1
PERK n=20 alpha=19 k=12 q=13 num=488259720 den=2538950544 par=0,1,1,1,1,1,1,1,1,1,1,1,1,1,1,1,1,1,1,1
PERK n=20 alpha=19 k=13 q=13 num=150233760 den=736145424 par=0,1,1,1,1,1,1,1,1,1,1,1,1,1,1,1,1,1,1,1
PERALPHA n=20 alpha=10 k=5 q=7 num=9527228 den=30052324 par=0,1,2,3,2,5,2,7,2,9,2,1,12,1,14,1,16,1,18,1
PERALPHA n=20 alpha=11 k=6 q=7 num=22542045 den=76825225 par=0,1,2,3,4,3,6,3,8,3,3,3,1,13,14,13,16,13,18,13
PERALPHA n=20 alpha=12 k=6 q=8 num=24978020 den=93276964 par=0,1,2,3,3,3,3,3,1,9,1,11,1,13,1,15,1,17,1,19
PERALPHA n=20 alpha=13 k=7 q=9 num=30245346 den=121022001 par=0,1,2,3,4,3,6,3,8,1,10,11,12,11,11,11,11,1,1,1
PERALPHA n=20 alpha=14 k=8 q=9 num=14149975 den=60918025 par=0,1,2,3,4,5,6,6,6,4,4,2,2,1,14,15,16,17,14,14
PERALPHA n=20 alpha=15 k=8 q=10 num=28704844 den=133679844 par=0,1,2,3,4,4,4,2,2,2,1,11,12,11,11,11,1,17,17,17
PERALPHA n=20 alpha=16 k=8 q=11 num=43570361 den=217769049 par=0,1,2,2,2,2,1,7,7,7,7,1,12,12,12,12,1,17,17,17
PERALPHA n=20 alpha=17 k=8 q=11 num=126275425 den=653262481 par=0,1,2,3,3,3,3,3,3,3,2,2,2,2,2,1,16,16,16,16
PERALPHA n=20 alpha=18 k=9 q=12 num=448145182 den=2364876900 par=0,1,2,2,2,2,2,2,2,2,2,1,12,12,12,12,12,12,12,12
PERALPHA n=20 alpha=19 k=9 q=13 num=1551580888 den=8533694884 par=0,1,1,1,1,1,1,1,1,1,1,1,1,1,1,1,1,1,1,1
TOPQ n=20 alpha=19 k=13 q=13 num=150233760 den=736145424 par=0,1,1,1,1,1,1,1,1,1,1,1,1,1,1,1,1,1,1,1
NEWTON n=20 alpha=15 k=10 q=10 num=181746180 den=192876544 par=0,1,2,3,4,4,4,2,8,9,9,9,1,13,14,15,15,15,13,13
NEWTONFAIL_DIST n=20 q_minus_k=0 trees=1857
NEWTONFAIL_DIST n=20 q_minus_k=1 trees=644
NEWTONFAIL_DIST n=20 q_minus_k=2 trees=225
NEWTONFAIL_DIST n=20 q_minus_k=3 trees=100
NEWTONFAIL_DIST n=20 q_minus_k=4 trees=50
NEWTONFAIL_DIST n=20 q_minus_k=5 trees=46
NEWTONFAIL_DIST n=20 q_minus_k=6 trees=13
NEWTONFAIL_DIST n=20 q_minus_k=7 trees=11
NEWTONFAIL_DIST n=20 q_minus_k=8 trees=1
VDBIN_FLOAT n=20 bin_lo=0 value=0.682753604961 k=7 alpha=10 q=7 lambda=1.86030542547 V=1.60828715278 delta=0.42452220288 par=0,1,2,3,4,5,6,5,8,5,10,1,12,13,14,15,14,17,14,19
VDBIN_FLOAT n=20 bin_lo=2 value=0.71798024612 k=7 alpha=10 q=7 lambda=1.50612799718 V=2.00359681504 delta=0.35834567151 par=0,1,2,3,4,3,6,3,8,1,10,11,12,1,14,15,16,1,18,1
VDBIN_FLOAT n=20 bin_lo=4 value=0.819864745284 k=8 alpha=16 q=11 lambda=1.05207215679 V=4.09776650437 delta=0.200076003454 par=0,1,2,2,2,2,1,7,7,7,7,1,12,12,12,12,1,17,17,17
STATS n=20 trees=158819 viol5=0 viol4=0 zero5=0 zero4=0 nonunimodal=0 sampled=382 newton_fail_trees=2947
