SAMPLE n=20 alpha=12 par=0,1,2,3,4,5,6,7,7,6,5,1,12,13,14,15,16,16,14,14 poly=1,20,171,823,2478,4924,6664,6266,4131,1894,580,107,9
SAMPLE n=20 alpha=11 par=0,1,2,3,4,5,6,7,7,6,5,1,12,13,14,15,16,16,12,19 poly=1,20,171,821,2449,4751,6108,5209,2901,1014,203,18
SAMPLE n=20 alpha=11 par=0,1,2,3,4,5,6,7,7,6,5,1,12,13,14,15,16,13,18,18 poly=1,20,171,821,2448,4740,6061,5105,2770,921,169,13
SAMPLE n=20 alpha=12 par=0,1,2,3,4,5,6,7,7,6,2,1,12,13,14,15,16,16,13,12 poly=1,20,171,822,2464,4842,6397,5734,3468,1383,346,49,3
SAMPLE n=20 alpha=12 par=0,1,2,3,4,5,6,7,7,6,2,1,12,13,14,15,16,14,1,19 poly=1,20,171,821,2448,4739,6052,5080,2745,920,182,20,1
SAMPLE n=20 alpha=13 par=0,1,2,3,4,5,6,7,7,5,4,2,2,2,1,15,16,17,18,19 poly=1,20,171,825,2505,5075,7117,7063,4987,2471,830,177,21,1
SAMPLE n=20 alpha=11 par=0,1,2,3,4,5,6,7,7,4,1,11,12,13,14,15,16,13,1,19 poly=1,20,171,820,2436,4684,5928,4924,2612,825,131,6
SAMPLE n=20 alpha=11 par=0,1,2,3,4,5,6,7,6,9,4,1,12,13,14,15,16,15,13,1 poly=1,20,171,821,2449,4752,6118,5246,2965,1069,226,22
SAMPLE n=20 alpha=11 par=0,1,2,3,4,5,6,7,6,5,4,2,1,13,14,15,16,17,15,1 poly=1,20,171,822,2461,4807,6237,5361,2980,1015,190,15
SAMPLE n=20 alpha=11 par=0,1,2,3,4,5,6,7,6,4,1,11,12,13,14,15,16,13,13,1 poly=1,20,171,822,2464,4843,6405,5751,3465,1342,302,30
SAMPLE n=20 alpha=11 par=0,1,2,3,4,5,6,7,5,9,1,11,12,13,14,15,16,1,18,18 poly=1,20,171,819,2420,4582,5596,4335,2044,541,67,2
SAMPLE n=20 alpha=11 par=0,1,2,3,4,5,6,7,5,1,10,11,12,13,14,11,10,17,18,19 poly=1,20,171,819,2420,4583,5604,4357,2071,558,73,3
SAMPLE n=20 alpha=11 par=0,1,2,3,4,5,6,7,4,9,10,3,1,13,14,15,16,17,18,1 poly=1,20,171,819,2420,4584,5613,4388,2122,599,88,5
SAMPLE n=20 alpha=12 par=0,1,2,3,4,5,6,7,3,3,2,1,12,13,14,15,16,17,13,12 poly=1,20,171,822,2461,4809,6253,5409,3054,1080,223,24,1
SAMPLE n=20 alpha=13 par=0,1,2,3,4,5,6,6,6,6,6,4,12,13,1,15,16,17,18,17 poly=1,20,171,828,2547,5313,7830,8312,6336,3391,1225,280,36,2
SAMPLE n=20 alpha=12 par=0,1,2,3,4,5,6,6,6,6,5,11,1,13,14,15,16,13,1,19 poly=1,20,171,825,2502,5038,6943,6642,4388,1931,521,72,3
SAMPLE n=20 alpha=13 par=0,1,2,3,4,5,6,6,6,6,5,1,12,13,14,15,16,14,1,1 poly=1,20,171,827,2533,5229,7560,7821,5819,3076,1118,262,35,2
SAMPLE n=20 alpha=12 par=0,1,2,3,4,5,6,6,6,5,10,5,12,3,1,15,16,17,18,16 poly=1,20,171,824,2486,4938,6620,6053,3773,1578,424,67,5
SAMPLE n=20 alpha=11 par=0,1,2,3,4,5,6,6,6,5,4,2,12,1,14,15,16,17,16,1 poly=1,20,171,824,2489,4967,6725,6233,3917,1607,391,43
SAMPLE n=20 alpha=12 par=0,1,2,3,4,5,6,6,6,4,10,10,3,2,1,15,16,17,18,15 poly=1,20,171,824,2491,4995,6872,6614,4465,2074,631,113,9
SAMPLE n=20 alpha=12 par=0,1,2,3,4,5,6,6,6,4,10,1,12,13,14,15,15,12,12,1 poly=1,20,171,825,2506,5083,7140,7092,5003,2466,810,159,14
SAMPLE n=20 alpha=14 par=0,1,2,3,4,5,6,6,6,4,4,1,12,13,14,15,15,1,1,1 poly=1,20,171,829,2564,5428,8253,9289,7861,5017,2390,827,197,29,2
SAMPLE n=20 alpha=13 par=0,1,2,3,4,5,6,6,6,4,1,11,12,13,14,15,15,11,1,19 poly=1,20,171,823,2479,4936,6719,6394,4300,2031,655,137,17,1
SAMPLE n=20 alpha=13 par=0,1,2,3,4,5,6,6,6,3,10,2,2,1,14,15,16,17,17,14 poly=1,20,171,825,2506,5085,7159,7168,5165,2670,968,233,33,2
SAMPLE n=20 alpha=12 par=0,1,2,3,4,5,6,6,6,3,2,1,12,13,14,15,15,15,1,19 poly=1,20,171,825,2507,5093,7179,7175,5111,2556,858,174,16
SAMPLE n=20 alpha=12 par=0,1,2,3,4,5,6,6,6,2,10,2,12,1,14,15,16,17,17,15 poly=1,20,171,824,2491,4991,6841,6533,4375,2031,627,117,10
SAMPLE n=20 alpha=13 par=0,1,2,3,4,5,6,6,6,2,10,2,2,1,14,15,16,17,18,16 poly=1,20,171,826,2518,5139,7274,7290,5220,2660,943,221,31,2
SAMPLE n=20 alpha=13 par=0,1,2,3,4,5,6,6,6,2,10,2,2,1,14,15,16,17,15,15 poly=1,20,171,828,2546,5298,7758,8177,6260,3464,1354,355,56,4
SAMPLE n=20 alpha=12 par=0,1,2,3,4,5,6,6,5,9,9,5,1,13,14,15,16,14,18,1 poly=1,20,171,823,2473,4866,6399,5643,3303,1250,290,37,2
SAMPLE n=20 alpha=11 par=0,1,2,3,4,5,6,6,5,9,4,3,12,1,14,15,16,17,18,1 poly=1,20,171,821,2446,4720,5984,4963,2642,869,161,13
SAMPLE n=20 alpha=11 par=0,1,2,3,4,5,6,6,5,5,2,1,12,13,14,15,14,1,18,1 poly=1,20,171,825,2501,5021,6838,6337,3924,1547,349,34
SAMPLE n=20 alpha=12 par=0,1,2,3,4,5,6,6,5,5,2,1,12,13,14,15,1,17,17,1 poly=1,20,171,825,2500,5013,6819,6332,3971,1630,411,56,3
SAMPLE n=20 alpha=12 par=0,1,2,3,4,5,6,6,5,4,2,11,1,13,14,15,16,16,14,14 poly=1,20,171,824,2491,4992,6851,6566,4428,2081,655,125,11
SAMPLE n=20 alpha=12 par=0,1,2,3,4,5,6,6,5,3,1,11,12,13,14,15,13,17,17,12 poly=1,20,171,822,2462,4821,6315,5579,3311,1296,321,46,3
SAMPLE n=20 alpha=11 par=0,1,2,3,4,5,6,6,5,2,10,1,12,13,14,15,16,15,18,13 poly=1,20,171,821,2448,4738,6041,5033,2647,813,122,5
SAMPLE n=20 alpha=12 par=0,1,2,3,4,5,6,6,5,2,1,11,12,13,14,15,13,13,1,1 poly=1,20,171,825,2504,5057,7009,6761,4531,2066,610,105,8
SAMPLE n=20 alpha=13 par=0,1,2,3,4,5,6,6,4,9,10,1,12,13,14,15,13,1,1,1 poly=1,20,171,825,2505,5076,7129,7115,5099,2605,927,219,31,2
SAMPLE n=20 alpha=12 par=0,1,2,3,4,5,6,6,4,9,4,2,12,1,14,15,16,17,18,16 poly=1,20,171,822,2462,4823,6332,5637,3412,1389,365,56,4
SAMPLE n=20 alpha=13 par=0,1,2,3,4,5,6,6,4,4,3,3,2,13,1,15,16,17,18,18 poly=1,20,171,825,2501,5032,6936,6677,4532,2164,712,153,19,1
SAMPLE n=20 alpha=12 par=0,1,2,3,4,5,6,6,4,3,10,11,12,1,14,15,16,17,15,1 poly=1,20,171,821,2449,4756,6155,5377,3195,1287,340,54,4
SAMPLE n=20 alpha=12 par=0,1,2,3,4,5,6,6,4,3,10,11,1,13,14,15,16,17,1,1 poly=1,20,171,822,2463,4836,6395,5784,3590,1502,403,62,4
SAMPLE n=20 alpha=12 par=0,1,2,3,4,5,6,6,4,3,2,11,12,12,2,1,16,17,18,19 poly=1,20,171,823,2475,4895,6552,6041,3873,1719,511,93,8
SAMPLE n=20 alpha=12 par=0,1,2,3,4,5,6,6,4,3,2,11,11,1,14,15,16,17,14,19 poly=1,20,171,822,2461,4812,6281,5507,3216,1215,277,32,1
SAMPLE n=20 alpha=12 par=0,1,2,3,4,5,6,6,3,9,10,9,1,13,14,15,16,17,15,15 poly=1,20,171,822,2463,4832,6361,5674,3415,1352,330,43,2
SAMPLE n=20 alpha=12 par=0,1,2,3,4,5,6,6,3,9,10,9,1,13,14,15,16,17,13,13 poly=1,20,171,822,2463,4832,6357,5648,3357,1295,305,39,2
SAMPLE n=20 alpha=11 par=0,1,2,3,4,5,6,6,3,9,10,9,1,13,14,15,16,14,18,1 poly=1,20,171,821,2448,4742,6078,5161,2859,991,194,16
SAMPLE n=20 alpha=12 par=0,1,2,3,4,5,6,6,3,9,3,11,2,2,1,15,16,17,18,15 poly=1,20,171,824,2485,4929,6585,5977,3676,1505,390,56,3
SAMPLE n=20 alpha=11 par=0,1,2,3,4,5,6,6,3,3,2,11,12,13,12,1,16,17,18,19 poly=1,20,171,822,2462,4823,6324,5579,3259,1201,250,22
SAMPLE n=20 alpha=12 par=0,1,2,3,4,5,6,6,3,3,2,11,2,1,14,15,16,17,15,15 poly=1,20,171,826,2515,5107,7137,6970,4759,2231,685,124,10
SAMPLE n=20 alpha=11 par=0,1,2,3,4,5,6,6,3,3,1,11,12,13,14,11,1,17,1,19 poly=1,20,171,824,2487,4950,6670,6141,3823,1541,363,38
SAMPLE n=20 alpha=11 par=0,1,2,3,4,5,6,6,3,2,1,11,12,13,14,1,16,17,18,19 poly=1,20,171,820,2434,4663,5842,4750,2430,729,109,5
SAMPLE n=20 alpha=12 par=0,1,2,3,4,5,6,6,2,1,10,11,12,13,11,15,11,1,18,19 poly=1,20,171,822,2461,4811,6273,5485,3192,1209,284,37,2
SAMPLE n=20 alpha=10 par=0,1,2,3,4,5,6,5,8,5,10,3,1,13,14,15,16,17,1,19 poly=1,20,171,821,2445,4706,5910,4770,2372,665,82
SAMPLE n=20 alpha=11 par=0,1,2,3,4,5,6,5,8,5,4,11,11,1,14,15,16,17,16,14 poly=1,20,171,823,2473,4867,6405,5653,3302,1231,268,26
SAMPLE n=20 alpha=12 par=0,1,2,3,4,5,6,5,8,4,4,3,1,13,14,15,16,1,18,1 poly=1,20,171,824,2485,4924,6543,5837,3440,1294,294,37,2
SAMPLE n=20 alpha=12 par=0,1,2,3,4,5,6,5,8,3,10,11,11,3,1,15,16,17,18,1 poly=1,20,171,822,2462,4826,6358,5725,3561,1522,427,70,5
SAMPLE n=20 alpha=10 par=0,1,2,3,4,5,6,5,8,3,2,11,1,13,14,15,16,17,14,19 poly=1,20,171,820,2432,4637,5714,4444,2053,497,47
SAMPLE n=20 alpha=11 par=0,1,2,3,4,5,6,5,8,3,1,11,12,13,14,13,11,17,18,1 poly=1,20,171,821,2447,4730,6022,5030,2694,878,154,10
SAMPLE n=20 alpha=11 par=0,1,2,3,4,5,6,5,8,3,1,11,12,13,14,13,1,17,1,1 poly=1,20,171,825,2501,5026,6880,6472,4142,1737,435,50
SAMPLE n=20 alpha=12 par=0,1,2,3,4,5,6,5,5,5,5,3,12,2,14,1,16,17,18,19 poly=1,20,171,828,2541,5245,7523,7580,5296,2460,697,100,4
SAMPLE n=20 alpha=12 par=0,1,2,3,4,5,6,5,5,5,3,11,11,1,14,15,16,17,18,15 poly=1,20,171,825,2504,5060,7031,6814,4582,2077,596,95,6
SAMPLE n=20 alpha=13 par=0,1,2,3,4,5,6,5,5,3,3,3,3,1,14,15,16,17,14,14 poly=1,20,171,832,2600,5603,8708,9990,8511,5338,2402,736,138,12
SAMPLE n=20 alpha=12 par=0,1,2,3,4,5,6,5,5,3,2,2,1,13,14,15,16,17,15,1 poly=1,20,171,825,2502,5036,6921,6567,4284,1879,527,85,6
SAMPLE n=20 alpha=11 par=0,1,2,3,4,5,6,5,5,1,10,11,12,13,14,13,1,17,18,19 poly=1,20,171,821,2449,4750,6097,5165,2818,936,168,12
SAMPLE n=20 alpha=11 par=0,1,2,3,4,5,6,5,4,9,2,11,1,13,14,15,16,17,15,1 poly=1,20,171,821,2446,4717,5956,4863,2468,717,100,4
SAMPLE n=20 alpha=12 par=0,1,2,3,4,5,6,5,3,9,9,1,12,13,14,15,16,14,14,12 poly=1,20,171,823,2477,4913,6615,6150,3972,1764,517,90,7
SAMPLE n=20 alpha=11 par=0,1,2,3,4,5,6,5,3,3,2,1,12,13,14,15,13,17,13,19 poly=1,20,171,824,2486,4933,6576,5901,3508,1326,290,28
SAMPLE n=20 alpha=11 par=0,1,2,3,4,5,6,5,2,9,10,11,2,2,1,15,16,17,18,15 poly=1,20,171,824,2488,4962,6724,6261,3970,1647,405,45
SAMPLE n=20 alpha=12 par=0,1,2,3,4,5,6,5,2,9,1,11,12,13,14,12,12,12,11,11 poly=1,20,171,827,2526,5156,7255,7144,4931,2352,744,141,12
SAMPLE n=20 alpha=13 par=0,1,2,3,4,5,6,5,2,2,1,11,12,13,14,12,11,11,11,11 poly=1,20,171,831,2582,5482,8291,9138,7380,4316,1770,478,75,5
SAMPLE n=20 alpha=11 par=0,1,2,3,4,5,6,5,2,2,1,11,12,13,14,12,11,1,18,1 poly=1,20,171,825,2497,4984,6703,6080,3644,1370,288,25
SAMPLE n=20 alpha=11 par=0,1,2,3,4,5,6,4,8,9,4,11,4,3,1,15,16,17,18,19 poly=1,20,171,823,2468,4816,6197,5216,2793,903,160,12
SAMPLE n=20 alpha=12 par=0,1,2,3,4,5,6,4,8,8,3,3,3,1,14,15,16,17,18,14 poly=1,20,171,825,2501,5033,6941,6670,4459,2020,583,94,6
SAMPLE n=20 alpha=11 par=0,1,2,3,4,5,6,4,8,4,1,11,12,13,14,1,16,17,18,19 poly=1,20,171,820,2433,4650,5779,4604,2259,633,88,4
SAMPLE n=20 alpha=11 par=0,1,2,3,4,5,6,4,8,3,1,11,12,13,14,15,12,17,1,1 poly=1,20,171,822,2461,4812,6284,5526,3256,1245,280,28
SAMPLE n=20 alpha=13 par=0,1,2,3,4,5,6,4,3,9,9,9,1,13,14,15,16,17,15,13 poly=1,20,171,823,2476,4904,6586,6113,3971,1811,573,122,16,1
SAMPLE n=20 alpha=11 par=0,1,2,3,4,5,6,4,3,9,3,11,1,13,14,15,16,17,13,19 poly=1,20,171,821,2443,4684,5813,4551,2111,518,58,2
SAMPLE n=20 alpha=11 par=0,1,2,3,4,5,6,4,3,9,3,11,1,13,14,15,16,1,18,18 poly=1,20,171,822,2457,4766,6071,5018,2594,783,123,8
SAMPLE n=20 alpha=12 par=0,1,2,3,4,5,6,4,3,9,2,11,12,1,14,15,16,17,14,14 poly=1,20,171,822,2460,4802,6244,5444,3169,1211,294,43,3
SAMPLE n=20 alpha=12 par=0,1,2,3,4,5,6,4,3,9,2,11,11,11,1,15,16,17,18,1 poly=1,20,171,823,2473,4874,6463,5839,3595,1474,377,53,3
SAMPLE n=20 alpha=11 par=0,1,2,3,4,5,6,4,2,9,10,9,9,1,14,15,16,17,18,15 poly=1,20,171,822,2461,4810,6262,5440,3102,1112,227,20
SAMPLE n=20 alpha=11 par=0,1,2,3,4,5,6,3,8,2,10,11,10,13,1,15,16,17,18,15 poly=1,20,171,820,2431,4630,5700,4445,2083,527,59,3
SAMPLE n=20 alpha=12 par=0,1,2,3,4,5,6,3,8,2,10,11,2,2,1,15,16,17,18,15 poly=1,20,171,824,2484,4922,6571,5978,3707,1536,399,56,3
SAMPLE n=20 alpha=11 par=0,1,2,3,4,5,6,3,2,9,10,10,10,1,14,15,16,17,18,15 poly=1,20,171,822,2464,4846,6431,5837,3603,1455,347,37
SAMPLE n=20 alpha=11 par=0,1,2,3,4,5,6,2,8,9,10,10,9,2,14,1,16,17,18,19 poly=1,20,171,821,2446,4720,5979,4929,2561,786,126,8
SAMPLE n=20 alpha=14 par=0,1,2,3,4,5,5,5,5,5,5,4,4,3,1,15,16,17,16,16 poly=1,20,171,838,2671,5946,9634,11601,10442,6979,3399,1165,264,35,2
SAMPLE n=20 alpha=14 par=0,1,2,3,4,5,5,5,5,5,4,1,12,13,14,14,14,13,1,1 poly=1,20,171,834,2628,5755,9157,10857,9696,6513,3246,1166,286,43,3
SAMPLE n=20 alpha=13 par=0,1,2,3,4,5,5,5,5,5,4,1,12,13,14,13,16,13,13,1 poly=1,20,171,834,2624,5709,8949,10327,8825,5535,2482,755,140,12
SAMPLE n=20 alpha=15 par=0,1,2,3,4,5,5,5,5,5,3,1,12,13,14,14,13,13,13,13 poly=1,20,171,838,2681,6044,10053,12661,12217,9040,5085,2134,647,134,17,1
SAMPLE n=20 alpha=14 par=0,1,2,3,4,5,5,5,5,5,1,11,12,13,14,14,12,17,12,12 poly=1,20,171,833,2615,5688,8972,10519,9251,6086,2951,1022,238,33,2
SAMPLE n=20 alpha=13 par=0,1,2,3,4,5,5,5,5,5,1,11,12,13,14,13,16,13,13,11 poly=1,20,171,833,2614,5673,8887,10272,8801,5531,2482,755,140,12
SAMPLE n=20 alpha=13 par=0,1,2,3,4,5,5,5,5,5,1,11,12,13,14,13,16,13,1,1 poly=1,20,171,832,2602,5613,8710,9931,8353,5121,2222,646,113,9
SAMPLE n=20 alpha=13 par=0,1,2,3,4,5,5,5,5,5,1,11,12,13,14,13,16,12,18,19 poly=1,20,171,828,2545,5287,7706,8007,5886,2968,975,192,20,1
SAMPLE n=20 alpha=12 par=0,1,2,3,4,5,5,5,5,4,10,2,12,1,14,15,16,17,14,14 poly=1,20,171,827,2531,5211,7499,7710,5685,2954,1032,218,21
SAMPLE n=20 alpha=12 par=0,1,2,3,4,5,5,5,5,4,10,2,1,13,14,15,16,15,15,1 poly=1,20,171,828,2545,5286,7701,8022,5985,3137,1099,231,22
SAMPLE n=20 alpha=14 par=0,1,2,3,4,5,5,5,5,4,4,2,1,13,14,15,16,16,14,14 poly=1,20,171,830,2573,5452,8259,9213,7698,4844,2279,783,187,28,2
SAMPLE n=20 alpha=12 par=0,1,2,3,4,5,5,5,5,4,3,2,12,1,14,15,16,15,14,14 poly=1,20,171,829,2556,5334,7815,8191,6152,3250,1151,246,24
SAMPLE n=20 alpha=14 par=0,1,2,3,4,5,5,5,5,4,2,1,12,13,14,15,15,15,14,12 poly=1,20,171,829,2561,5389,8059,8788,7074,4207,1830,569,121,16,1
SAMPLE n=20 alpha=13 par=0,1,2,3,4,5,5,5,5,4,2,1,12,13,14,15,12,17,12,12 poly=1,20,171,830,2571,5426,8124,8828,7016,4050,1658,458,77,6
SAMPLE n=20 alpha=14 par=0,1,2,3,4,5,5,5,5,3,10,10,3,3,1,15,16,17,17,1 poly=1,20,171,831,2587,5539,8557,9826,8500,5534,2672,927,218,31,2
SAMPLE n=20 alpha=14 par=0,1,2,3,4,5,5,5,5,3,3,3,2,1,14,15,16,15,14,14 poly=1,20,171,833,2614,5683,8973,10585,9446,6367,3193,1155,285,43,3
SAMPLE n=20 alpha=12 par=0,1,2,3,4,5,5,5,5,2,10,11,12,11,14,2,1,17,18,19 poly=1,20,171,826,2519,5151,7323,7361,5208,2520,784,138,10
SAMPLE n=20 alpha=13 par=0,1,2,3,4,5,5,5,5,2,10,11,2,13,13,13,1,17,18,19 poly=1,20,171,828,2544,5281,7703,8072,6109,3297,1226,293,39,2
SAMPLE n=20 alpha=13 par=0,1,2,3,4,5,5,5,5,1,10,11,12,13,13,13,12,17,17,12 poly=1,20,171,829,2559,5369,7981,8613,6802,3898,1578,427,69,5
SAMPLE n=20 alpha=12 par=0,1,2,3,4,5,5,5,4,9,4,3,3,2,1,15,16,17,18,18 poly=1,20,171,827,2525,5148,7231,7109,4902,2335,736,139,12
SAMPLE n=20 alpha=12 par=0,1,2,3,4,5,5,5,4,9,4,3,2,1,14,15,16,17,14,14 poly=1,20,171,827,2527,5167,7308,7280,5128,2518,826,164,15
SAMPLE n=20 alpha=13 par=0,1,2,3,4,5,5,5,4,9,3,3,1,13,14,15,13,1,18,18 poly=1,20,171,826,2515,5113,7196,7188,5165,2660,958,228,32,2
SAMPLE n=20 alpha=14 par=0,1,2,3,4,5,5,5,4,4,4,4,2,1,14,15,16,14,18,18 poly=1,20,171,832,2593,5529,8408,9359,7726,4732,2121,674,143,18,1
SAMPLE n=20 alpha=13 par=0,1,2,3,4,5,5,5,4,4,3,11,12,12,1,15,16,17,18,1 poly=1,20,171,825,2502,5042,6972,6735,4574,2170,702,147,18,1
SAMPLE n=20 alpha=12 par=0,1,2,3,4,5,5,5,4,4,3,11,11,1,14,15,16,17,1,19 poly=1,20,171,825,2500,5019,6867,6483,4219,1862,535,91,7
SAMPLE n=20 alpha=13 par=0,1,2,3,4,5,5,5,4,4,3,11,3,3,3,1,16,17,18,19 poly=1,20,171,832,2586,5459,8102,8596,6529,3500,1280,299,39,2
SAMPLE n=20 alpha=13 par=0,1,2,3,4,5,5,5,4,4,3,11,3,3,3,1,16,17,18,1 poly=1,20,171,833,2600,5542,8379,9176,7329,4239,1733,476,79,6
SAMPLE n=20 alpha=12 par=0,1,2,3,4,5,5,5,4,4,3,11,3,2,1,15,16,17,18,1 poly=1,20,171,827,2523,5125,7122,6832,4491,1969,543,83,5
SAMPLE n=20 alpha=13 par=0,1,2,3,4,5,5,5,4,4,1,11,12,13,12,12,12,11,18,1 poly=1,20,171,830,2568,5392,7975,8486,6547,3640,1424,372,58,4
SAMPLE n=20 alpha=13 par=0,1,2,3,4,5,5,5,4,3,3,1,12,13,14,13,13,12,18,1 poly=1,20,171,828,2542,5257,7600,7861,5886,3187,1226,321,52,4
SAMPLE n=20 alpha=13 par=0,1,2,3,4,5,5,5,4,3,1,11,12,13,14,14,12,11,11,11 poly=1,20,171,829,2558,5357,7921,8457,6573,3698,1473,396,65,5
SAMPLE n=20 alpha=11 par=0,1,2,3,4,5,5,5,4,3,1,11,12,13,14,13,12,17,12,11 poly=1,20,171,826,2513,5081,7011,6654,4296,1815,456,52
SAMPLE n=20 alpha=13 par=0,1,2,3,4,5,5,5,3,9,10,9,9,3,3,1,16,17,18,18 poly=1,20,171,829,2555,5335,7865,8410,6611,3811,1575,443,76,6
SAMPLE n=20 alpha=13 par=0,1,2,3,4,5,5,5,3,9,10,9,1,13,14,15,13,13,13,1 poly=1,20,171,828,2544,5279,7690,8046,6098,3323,1267,319,47,3
SAMPLE n=20 alpha=14 par=0,1,2,3,4,5,5,5,3,9,9,9,9,9,1,15,16,17,15,15 poly=1,20,171,833,2615,5693,9004,10621,9453,6347,3174,1148,284,43,3
SAMPLE n=20 alpha=13 par=0,1,2,3,4,5,5,5,3,9,9,9,9,3,14,1,16,17,18,1 poly=1,20,171,829,2556,5347,7918,8521,6733,3890,1607,451,77,6
SAMPLE n=20 alpha=11 par=0,1,2,3,4,5,5,5,3,9,2,11,1,13,14,15,14,17,14,13 poly=1,20,171,825,2501,5025,6876,6470,4150,1745,434,48
SAMPLE n=20 alpha=13 par=0,1,2,3,4,5,5,5,3,9,1,11,12,13,13,11,1,17,18,18 poly=1,20,171,824,2493,5019,6989,6918,4933,2525,907,217,31,2
SAMPLE n=20 alpha=12 par=0,1,2,3,4,5,5,5,3,9,1,11,12,13,12,12,11,17,17,11 poly=1,20,171,827,2528,5177,7347,7357,5212,2567,837,162,14
SAMPLE n=20 alpha=11 par=0,1,2,3,4,5,5,5,3,9,1,11,12,13,12,11,16,11,1,19 poly=1,20,171,825,2500,5017,6854,6445,4143,1755,443,50
SAMPLE n=20 alpha=12 par=0,1,2,3,4,5,5,5,3,9,1,11,12,13,12,11,11,1,18,19 poly=1,20,171,825,2502,5040,6958,6690,4480,2041,594,96,6
SAMPLE n=20 alpha=13 par=0,1,2,3,4,5,5,5,3,3,2,11,12,13,12,1,16,17,18,18 poly=1,20,171,825,2506,5088,7184,7247,5290,2778,1019,245,34,2
SAMPLE n=20 alpha=14 par=0,1,2,3,4,5,5,5,3,3,2,11,12,12,12,1,16,17,18,16 poly=1,20,171,827,2535,5261,7743,8343,6690,4004,1769,561,121,16,1
SAMPLE n=20 alpha=14 par=0,1,2,3,4,5,5,5,3,3,2,11,2,1,14,15,16,16,14,14 poly=1,20,171,829,2559,5378,8060,8904,7397,4652,2200,764,185,28,2
SAMPLE n=20 alpha=13 par=0,1,2,3,4,5,5,5,3,3,1,11,12,13,12,15,1,17,18,1 poly=1,20,171,826,2519,5159,7407,7703,5917,3355,1372,383,65,5
SAMPLE n=20 alpha=13 par=0,1,2,3,4,5,5,5,3,2,1,11,12,13,13,13,1,17,18,1 poly=1,20,171,827,2533,5234,7603,7969,6095,3386,1334,353,56,4
SAMPLE n=20 alpha=12 par=0,1,2,3,4,5,5,5,2,9,10,9,9,1,14,15,16,17,1,19 poly=1,20,171,824,2489,4971,6757,6333,4083,1768,483,72,4
SAMPLE n=20 alpha=12 par=0,1,2,3,4,5,5,5,2,9,9,2,1,13,14,15,16,16,1,19 poly=1,20,171,825,2503,5051,7003,6786,4606,2153,662,121,10
SAMPLE n=20 alpha=13 par=0,1,2,3,4,5,5,5,2,2,2,1,12,13,14,15,15,14,18,1 poly=1,20,171,828,2545,5287,7708,8046,6037,3216,1178,278,37,2
SAMPLE n=20 alpha=12 par=0,1,2,3,4,5,5,5,2,2,2,1,12,13,14,15,1,17,18,19 poly=1,20,171,826,2517,5133,7260,7250,5107,2483,792,148,12
SAMPLE n=20 alpha=13 par=0,1,2,3,4,5,5,5,2,1,10,11,12,11,14,11,16,10,10,10 poly=1,20,171,829,2553,5309,7740,8095,6124,3316,1243,300,40,2
SAMPLE n=20 alpha=11 par=0,1,2,3,4,5,5,5,2,1,10,11,12,11,10,1,16,17,16,1 poly=1,20,171,826,2513,5086,7045,6745,4420,1906,490,57
SAMPLE n=20 alpha=11 par=0,1,2,3,4,5,5,5,2,1,10,11,12,11,1,15,16,17,15,19 poly=1,20,171,823,2476,4902,6561,5997,3706,1485,348,36
SAMPLE n=20 alpha=12 par=0,1,2,3,4,5,5,5,2,1,10,11,12,10,14,10,1,17,1,19 poly=1,20,171,826,2510,5056,6931,6531,4206,1797,475,68,4
SAMPLE n=20 alpha=12 par=0,1,2,3,4,5,5,4,8,4,10,4,12,1,14,15,16,14,14,1 poly=1,20,171,827,2520,5084,6923,6354,3855,1485,336,37,1
SAMPLE n=20 alpha=11 par=0,1,2,3,4,5,5,4,8,4,10,4,1,13,14,15,1,17,18,1 poly=1,20,171,826,2509,5038,6824,6228,3746,1411,299,27
SAMPLE n=20 alpha=12 par=0,1,2,3,4,5,5,4,8,4,4,4,2,13,2,15,1,17,18,19 poly=1,20,171,830,2561,5321,7665,7727,5401,2536,749,122,8
SAMPLE n=20 alpha=11 par=0,1,2,3,4,5,5,4,8,4,3,11,2,1,14,15,16,15,14,19 poly=1,20,171,824,2483,4902,6449,5630,3180,1100,208,16
SAMPLE n=20 alpha=11 par=0,1,2,3,4,5,5,4,8,4,2,11,12,13,1,15,16,17,18,18 poly=1,20,171,822,2461,4810,6263,5447,3119,1129,234,21
SAMPLE n=20 alpha=12 par=0,1,2,3,4,5,5,4,8,4,2,11,12,12,1,15,16,17,1,19 poly=1,20,171,823,2473,4868,6411,5669,3330,1266,296,38,2
SAMPLE n=20 alpha=12 par=0,1,2,3,4,5,5,4,8,4,2,11,11,1,14,15,16,17,17,1 poly=1,20,171,824,2488,4958,6694,6184,3894,1640,443,70,5
SAMPLE n=20 alpha=11 par=0,1,2,3,4,5,5,4,8,4,1,11,12,13,11,1,16,17,16,1 poly=1,20,171,825,2497,4979,6666,5972,3486,1249,243,19
SAMPLE n=20 alpha=13 par=0,1,2,3,4,5,5,4,4,4,2,2,1,13,14,15,13,17,17,1 poly=1,20,171,829,2555,5328,7811,8236,6305,3487,1361,356,56,4
SAMPLE n=20 alpha=12 par=0,1,2,3,4,5,5,4,4,3,10,1,12,13,14,14,13,13,12,19 poly=1,20,171,826,2512,5070,6965,6560,4202,1786,480,74,5
SAMPLE n=20 alpha=12 par=0,1,2,3,4,5,5,4,4,3,10,1,12,13,14,1,16,16,16,1 poly=1,20,171,827,2526,5154,7240,7096,4847,2266,693,125,10
SAMPLE n=20 alpha=11 par=0,1,2,3,4,5,5,4,4,3,2,11,12,11,2,15,1,17,18,19 poly=1,20,171,825,2495,4963,6614,5883,3400,1203,231,18
SAMPLE n=20 alpha=12 par=0,1,2,3,4,5,5,4,4,2,10,1,12,13,14,12,16,16,1,19 poly=1,20,171,824,2486,4937,6609,6004,3667,1460,354,45,2
SAMPLE n=20 alpha=14 par=0,1,2,3,4,5,5,4,4,2,1,11,12,13,13,11,16,17,11,11 poly=1,20,171,828,2544,5284,7743,8260,6549,3887,1712,545,119,16,1
SAMPLE n=20 alpha=13 par=0,1,2,3,4,5,5,4,4,2,1,11,12,13,12,1,16,17,17,1 poly=1,20,171,826,2516,5120,7204,7152,5057,2542,893,210,30,2
SAMPLE n=20 alpha=13 par=0,1,2,3,4,5,5,4,4,2,1,11,12,13,11,15,16,1,1,1 poly=1,20,171,828,2539,5225,7453,7482,5290,2597,857,179,21,1
SAMPLE n=20 alpha=12 par=0,1,2,3,4,5,5,4,3,9,10,3,2,13,1,15,16,17,15,15 poly=1,20,171,825,2499,5009,6831,6422,4162,1825,515,84,6
SAMPLE n=20 alpha=11 par=0,1,2,3,4,5,5,4,3,9,10,3,1,13,14,15,14,17,14,19 poly=1,20,171,824,2484,4910,6474,5672,3227,1139,228,20
SAMPLE n=20 alpha=12 par=0,1,2,3,4,5,5,4,3,9,9,3,12,3,1,15,16,17,16,1 poly=1,20,171,827,2522,5116,7094,6799,4495,2016,589,102,8
SAMPLE n=20 alpha=12 par=0,1,2,3,4,5,5,4,3,9,9,3,3,3,1,15,16,17,16,15 poly=1,20,171,831,2574,5392,7884,8151,5937,2978,977,188,16
SAMPLE n=20 alpha=12 par=0,1,2,3,4,5,5,4,3,9,9,3,2,1,14,15,16,17,15,1 poly=1,20,171,825,2498,4997,6772,6271,3948,1657,445,70,5
SAMPLE n=20 alpha=13 par=0,1,2,3,4,5,5,4,3,9,3,3,3,1,14,15,16,17,1,1 poly=1,20,171,831,2578,5442,8129,8785,6915,3926,1560,408,62,4
SAMPLE n=20 alpha=13 par=0,1,2,3,4,5,5,4,3,3,3,3,2,1,14,15,16,15,15,15 poly=1,20,171,835,2633,5741,9012,10409,8906,5599,2519,768,142,12
SAMPLE n=20 alpha=11 par=0,1,2,3,4,5,5,4,3,2,10,11,1,13,14,15,16,1,18,19 poly=1,20,171,821,2445,4710,5942,4865,2506,762,120,7
SAMPLE n=20 alpha=13 par=0,1,2,3,4,5,5,4,3,2,2,2,2,1,14,15,16,14,18,19 poly=1,20,171,830,2566,5380,7941,8409,6403,3458,1285,312,45,3
SAMPLE n=20 alpha=12 par=0,1,2,3,4,5,5,4,3,2,2,2,1,13,14,15,16,13,18,18 poly=1,20,171,827,2528,5179,7355,7358,5179,2509,794,147,12
SAMPLE n=20 alpha=13 par=0,1,2,3,4,5,5,4,3,1,10,11,12,13,13,11,16,16,11,11 poly=1,20,171,827,2528,5177,7350,7382,5294,2704,964,228,32,2
SAMPLE n=20 alpha=13 par=0,1,2,3,4,5,5,4,3,1,10,11,12,13,13,11,11,11,1,19 poly=1,20,171,827,2532,5224,7568,7910,6037,3346,1313,346,55,4
SAMPLE n=20 alpha=12 par=0,1,2,3,4,5,5,4,3,1,10,11,12,13,13,10,10,10,1,19 poly=1,20,171,827,2529,5188,7390,7437,5287,2601,843,162,14
SAMPLE n=20 alpha=12 par=0,1,2,3,4,5,5,4,3,1,10,11,12,13,12,12,11,11,1,19 poly=1,20,171,826,2514,5093,7066,6791,4508,2028,592,102,8
SAMPLE n=20 alpha=13 par=0,1,2,3,4,5,5,4,3,1,10,11,12,13,11,10,10,10,10,1 poly=1,20,171,831,2577,5422,8009,8438,6343,3351,1203,276,36,2
SAMPLE n=20 alpha=12 par=0,1,2,3,4,5,5,4,2,9,2,1,12,13,14,13,16,12,12,1 poly=1,20,171,826,2511,5063,6943,6519,4151,1742,455,66,4
SAMPLE n=20 alpha=12 par=0,1,2,3,4,5,5,4,1,9,10,11,12,12,10,15,10,9,18,1 poly=1,20,171,824,2487,4949,6667,6155,3900,1677,472,79,6
SAMPLE n=20 alpha=13 par=0,1,2,3,4,5,5,4,1,9,10,11,12,12,9,15,15,15,9,9 poly=1,20,171,828,2541,5247,7550,7718,5642,2929,1053,248,34,2
SAMPLE n=20 alpha=11 par=0,1,2,3,4,5,5,4,1,9,10,11,12,11,14,9,16,17,17,16 poly=1,20,171,822,2461,4807,6236,5355,2967,1001,182,13
SAMPLE n=20 alpha=13 par=0,1,2,3,4,5,5,4,1,9,10,11,12,11,11,11,11,10,10,10 poly=1,20,171,834,2615,5626,8632,9653,7932,4760,2035,587,102,8
SAMPLE n=20 alpha=11 par=0,1,2,3,4,5,5,4,1,9,10,11,12,11,10,15,16,10,18,10 poly=1,20,171,825,2496,4972,6652,5974,3526,1301,270,24
SAMPLE n=20 alpha=12 par=0,1,2,3,4,5,5,4,1,9,10,11,12,11,1,15,16,16,1,1 poly=1,20,171,826,2517,5131,7247,7227,5107,2519,830,165,15
SAMPLE n=20 alpha=12 par=0,1,2,3,4,5,5,4,1,9,10,11,12,10,14,10,10,1,18,19 poly=1,20,171,825,2501,5027,6892,6523,4250,1866,525,85,6
SAMPLE n=20 alpha=11 par=0,1,2,3,4,5,5,4,1,9,10,11,12,10,14,10,9,17,18,19 poly=1,20,171,822,2459,4787,6160,5212,2823,925,164,12
SAMPLE n=20 alpha=12 par=0,1,2,3,4,5,5,4,1,9,10,11,12,10,9,15,16,16,16,1 poly=1,20,171,824,2491,4993,6854,6554,4367,1982,579,97,7
SAMPLE n=20 alpha=12 par=0,1,2,3,4,5,5,3,8,9,3,1,12,13,14,15,15,12,18,12 poly=1,20,171,824,2490,4982,6809,6466,4283,1955,592,108,9
SAMPLE n=20 alpha=12 par=0,1,2,3,4,5,5,3,8,9,3,1,12,13,14,15,12,1,18,1 poly=1,20,171,824,2487,4952,6693,6244,4056,1826,549,99,8
SAMPLE n=20 alpha=13 par=0,1,2,3,4,5,5,3,8,8,3,2,2,2,1,15,16,17,18,17 poly=1,20,171,828,2539,5231,7501,7638,5560,2871,1025,240,33,2
SAMPLE n=20 alpha=11 par=0,1,2,3,4,5,5,3,8,2,10,2,12,1,14,15,16,16,1,19 poly=1,20,171,823,2470,4839,6301,5455,3091,1101,224,20
SAMPLE n=20 alpha=12 par=0,1,2,3,4,5,5,3,8,2,10,2,1,13,14,15,16,16,14,1 poly=1,20,171,824,2487,4951,6684,6212,3997,1768,521,94,8
SAMPLE n=20 alpha=11 par=0,1,2,3,4,5,5,3,8,2,10,2,1,13,14,15,16,14,13,19 poly=1,20,171,823,2472,4858,6372,5587,3219,1163,236,20
SAMPLE n=20 alpha=12 par=0,1,2,3,4,5,5,3,8,2,2,1,12,13,14,13,16,12,1,1 poly=1,20,171,826,2510,5055,6919,6484,4124,1728,446,61,3
SAMPLE n=20 alpha=15 par=0,1,2,3,4,5,5,3,3,3,3,3,3,3,1,15,16,17,15,15 poly=1,20,171,848,2794,6587,11541,15301,15492,12005,7083,3135,1011,225,31,2
SAMPLE n=20 alpha=13 par=0,1,2,3,4,5,5,3,3,3,2,2,1,13,14,15,14,1,18,1 poly=1,20,171,830,2564,5361,7876,8315,6372,3531,1383,363,57,4
SAMPLE n=20 alpha=14 par=0,1,2,3,4,5,5,3,3,3,2,2,1,13,14,15,13,1,18,18 poly=1,20,171,829,2552,5305,7748,8176,6354,3672,1575,493,108,15,1
SAMPLE n=20 alpha=13 par=0,1,2,3,4,5,5,3,3,2,10,11,12,2,1,15,16,17,17,15 poly=1,20,171,825,2502,5046,7012,6889,4873,2500,921,235,38,3
SAMPLE n=20 alpha=13 par=0,1,2,3,4,5,5,3,3,2,10,11,11,10,14,1,16,17,18,16 poly=1,20,171,824,2488,4965,6757,6403,4275,2005,646,136,17,1
SAMPLE n=20 alpha=13 par=0,1,2,3,4,5,5,3,3,2,10,11,11,2,14,15,1,17,18,19 poly=1,20,171,824,2486,4947,6694,6290,4160,1937,624,133,17,1
SAMPLE n=20 alpha=12 par=0,1,2,3,4,5,5,3,3,2,10,11,1,13,14,15,13,17,17,1 poly=1,20,171,824,2487,4954,6712,6311,4167,1921,596,113,10
SAMPLE n=20 alpha=14 par=0,1,2,3,4,5,5,3,3,1,10,11,12,13,12,10,10,10,10,10 poly=1,20,171,836,2651,5872,9499,11474,10436,7141,3636,1343,342,54,4
SAMPLE n=20 alpha=12 par=0,1,2,3,4,5,5,3,3,1,10,11,12,13,10,15,10,1,18,19 poly=1,20,171,824,2488,4963,6740,6341,4155,1873,555,96,7
SAMPLE n=20 alpha=12 par=0,1,2,3,4,5,5,3,3,1,10,11,12,13,1,15,16,17,1,19 poly=1,20,171,823,2475,4896,6562,6076,3926,1751,511,86,6
SAMPLE n=20 alpha=12 par=0,1,2,3,4,5,5,3,2,9,10,2,1,13,14,15,13,17,18,1 poly=1,20,171,823,2471,4850,6350,5570,3248,1231,288,37,2
SAMPLE n=20 alpha=12 par=0,1,2,3,4,5,5,3,2,9,9,1,12,13,14,15,13,17,13,12 poly=1,20,171,824,2487,4948,6660,6138,3882,1668,470,79,6
SAMPLE n=20 alpha=12 par=0,1,2,3,4,5,5,3,1,9,10,11,12,11,10,15,16,10,9,19 poly=1,20,171,823,2472,4859,6384,5640,3335,1300,322,46,3
SAMPLE n=20 alpha=11 par=0,1,2,3,4,5,5,3,1,9,10,11,12,11,10,15,10,17,9,19 poly=1,20,171,823,2470,4836,6280,5400,3026,1069,220,20
SAMPLE n=20 alpha=13 par=0,1,2,3,4,5,5,3,1,9,10,11,12,11,10,10,10,10,9,19 poly=1,20,171,830,2564,5358,7853,8237,6220,3352,1257,312,46,3
SAMPLE n=20 alpha=13 par=0,1,2,3,4,5,5,3,1,9,10,11,12,11,9,1,16,1,1,1 poly=1,20,171,830,2565,5368,7889,8310,6327,3471,1347,353,56,4
SAMPLE n=20 alpha=13 par=0,1,2,3,4,5,5,3,1,9,10,11,12,10,14,15,10,10,9,19 poly=1,20,171,825,2499,5011,6853,6514,4355,2050,667,143,18,1
SAMPLE n=20 alpha=11 par=0,1,2,3,4,5,5,2,8,9,8,2,1,13,14,15,1,17,17,1 poly=1,20,171,825,2496,4978,6694,6089,3685,1418,313,30
SAMPLE n=20 alpha=12 par=0,1,2,3,4,5,5,2,8,8,8,2,1,13,14,15,16,15,15,1 poly=1,20,171,827,2529,5187,7382,7417,5273,2612,864,173,16
SAMPLE n=20 alpha=12 par=0,1,2,3,4,5,5,2,8,8,8,2,1,13,14,15,14,1,18,1 poly=1,20,171,827,2525,5150,7243,7135,4930,2352,742,140,12
SAMPLE n=20 alpha=12 par=0,1,2,3,4,5,5,2,8,2,1,11,12,13,14,14,1,17,1,1 poly=1,20,171,827,2524,5137,7179,6977,4710,2172,657,119,10
SAMPLE n=20 alpha=13 par=0,1,2,3,4,5,5,2,2,2,2,1,12,13,14,15,14,17,13,1 poly=1,20,171,830,2567,5384,7934,8347,6260,3287,1166,263,34,2
SAMPLE n=20 alpha=12 par=0,1,2,3,4,5,5,2,2,1,10,11,12,11,14,10,1,17,17,1 poly=1,20,171,826,2510,5057,6934,6529,4193,1786,474,69,4
SAMPLE n=20 alpha=11 par=0,1,2,3,4,5,4,7,4,9,4,11,2,13,1,15,16,17,18,1 poly=1,20,171,824,2480,4867,6281,5211,2605,677,62,1
SAMPLE n=20 alpha=11 par=0,1,2,3,4,5,4,7,4,9,4,11,2,2,1,15,16,17,1,1 poly=1,20,171,828,2534,5167,7186,6838,4384,1820,448,51
SAMPLE n=20 alpha=10 par=0,1,2,3,4,5,4,7,4,9,4,11,1,13,14,15,14,13,18,13 poly=1,20,171,826,2506,4999,6634,5758,3100,919,110
SAMPLE n=20 alpha=12 par=0,1,2,3,4,5,4,7,4,9,4,1,12,13,14,12,16,16,16,16 poly=1,20,171,829,2553,5298,7650,7789,5560,2695,824,136,8
SAMPLE n=20 alpha=11 par=0,1,2,3,4,5,4,7,4,9,3,1,12,13,14,1,16,17,16,16 poly=1,20,171,824,2483,4899,6422,5539,3030,972,155,8
SAMPLE n=20 alpha=12 par=0,1,2,3,4,5,4,7,4,9,1,11,12,13,14,12,16,16,16,12 poly=1,20,171,825,2498,4990,6720,6116,3706,1440,331,37,1
SAMPLE n=20 alpha=11 par=0,1,2,3,4,5,4,7,4,3,10,3,12,3,1,15,16,17,16,16 poly=1,20,171,828,2533,5157,7146,6749,4261,1714,396,40
SAMPLE n=20 alpha=11 par=0,1,2,3,4,5,4,7,4,3,10,3,1,13,14,15,14,17,1,1 poly=1,20,171,826,2511,5064,6954,6558,4210,1774,445,50
SAMPLE n=20 alpha=12 par=0,1,2,3,4,5,4,7,4,2,2,1,12,13,14,15,14,13,1,1 poly=1,20,171,827,2527,5163,7269,7144,4896,2303,716,135,12
SAMPLE n=20 alpha=13 par=0,1,2,3,4,5,4,7,4,1,10,11,12,11,11,1,1,1,1,1 poly=1,20,171,837,2662,5916,9575,11503,10282,6760,3182,1018,199,18
SAMPLE n=20 alpha=11 par=0,1,2,3,4,5,4,7,4,1,10,11,12,11,10,15,16,15,1,1 poly=1,20,171,825,2499,5004,6786,6261,3870,1534,353,36
SAMPLE n=20 alpha=12 par=0,1,2,3,4,5,4,7,4,1,10,11,12,11,10,15,15,1,1,1 poly=1,20,171,828,2540,5237,7511,7628,5499,2769,932,190,18
SAMPLE n=20 alpha=12 par=0,1,2,3,4,5,4,7,2,9,10,10,1,13,14,15,1,17,17,17 poly=1,20,171,823,2475,4894,6541,5996,3784,1622,451,73,5
SAMPLE n=20 alpha=11 par=0,1,2,3,4,5,4,7,2,1,10,11,12,13,11,15,16,10,18,10 poly=1,20,171,822,2458,4778,6131,5172,2803,925,163,10
SAMPLE n=20 alpha=12 par=0,1,2,3,4,5,4,7,2,1,10,11,12,13,1,15,16,1,1,1 poly=1,20,171,828,2535,5185,7285,7096,4753,2126,597,93,6
SAMPLE n=20 alpha=11 par=0,1,2,3,4,5,4,4,4,3,2,11,2,1,14,15,16,15,14,1 poly=1,20,171,829,2550,5269,7524,7481,5109,2295,613,74
SAMPLE n=20 alpha=13 par=0,1,2,3,4,5,4,4,4,2,1,11,12,13,11,15,16,11,11,1 poly=1,20,171,830,2567,5385,7958,8470,6547,3651,1432,374,58,4
SAMPLE n=20 alpha=11 par=0,1,2,3,4,5,4,4,3,9,10,2,12,13,14,1,16,17,18,16 poly=1,20,171,822,2459,4791,6193,5317,2987,1057,216,20
SAMPLE n=20 alpha=12 par=0,1,2,3,4,5,4,4,3,9,10,2,2,1,14,15,16,14,18,18 poly=1,20,171,825,2500,5021,6887,6551,4320,1932,554,90,6
SAMPLE n=20 alpha=11 par=0,1,2,3,4,5,4,4,3,9,10,2,1,13,14,15,16,13,1,19 poly=1,20,171,823,2471,4847,6324,5481,3094,1086,214,18
SAMPLE n=20 alpha=11 par=0,1,2,3,4,5,4,4,3,9,3,2,12,1,14,15,16,17,15,14 poly=1,20,171,825,2496,4972,6650,5962,3498,1269,252,20
SAMPLE n=20 alpha=12 par=0,1,2,3,4,5,4,4,3,3,3,2,2,1,14,15,16,15,14,1 poly=1,20,171,831,2573,5381,7837,8047,5806,2883,940,182,16
SAMPLE n=20 alpha=12 par=0,1,2,3,4,5,4,4,3,2,10,10,1,13,14,15,16,15,13,13 poly=1,20,171,826,2516,5119,7193,7102,4937,2375,754,142,12
SAMPLE n=20 alpha=13 par=0,1,2,3,4,5,4,4,3,2,10,10,1,13,14,15,14,14,1,1 poly=1,20,171,828,2542,5260,7619,7912,5965,3264,1272,336,54,4
SAMPLE n=20 alpha=11 par=0,1,2,3,4,5,4,4,3,1,10,11,12,11,10,10,1,17,18,19 poly=1,20,171,825,2499,5002,6768,6203,3778,1456,319,30
SAMPLE n=20 alpha=12 par=0,1,2,3,4,5,4,4,2,2,1,11,12,13,14,11,11,1,18,19 poly=1,20,171,826,2515,5114,7199,7180,5120,2582,883,185,18
SAMPLE n=20 alpha=12 par=0,1,2,3,4,5,4,4,1,9,10,11,9,13,14,9,1,17,1,19 poly=1,20,171,825,2496,4973,6659,5997,3574,1364,317,41,2
SAMPLE n=20 alpha=13 par=0,1,2,3,4,5,4,4,1,9,10,11,9,13,13,13,13,9,1,1 poly=1,20,171,831,2580,5459,8189,8899,7045,4019,1601,418,63,4
SAMPLE n=20 alpha=11 par=0,1,2,3,4,5,4,4,1,9,10,11,9,13,1,15,16,15,1,19 poly=1,20,171,824,2483,4903,6452,5623,3141,1042,172,8
SAMPLE n=20 alpha=11 par=0,1,2,3,4,5,4,3,8,9,3,11,2,13,13,13,1,17,18,19 poly=1,20,171,824,2483,4911,6519,5842,3496,1341,296,28
SAMPLE n=20 alpha=10 par=0,1,2,3,4,5,4,3,8,9,3,11,1,13,14,15,1,17,18,17 poly=1,20,171,822,2456,4755,6023,4908,2447,667,74
SAMPLE n=20 alpha=10 par=0,1,2,3,4,5,4,3,8,3,2,11,1,13,14,15,13,17,1,19 poly=1,20,171,823,2467,4803,6131,5044,2544,704,80
SAMPLE n=20 alpha=11 par=0,1,2,3,4,5,4,3,2,9,1,11,12,13,11,1,16,17,17,16 poly=1,20,171,823,2471,4847,6321,5463,3055,1049,199,16
SAMPLE n=20 alpha=13 par=0,1,2,3,4,5,4,2,8,9,9,9,9,9,2,15,1,17,18,19 poly=1,20,171,830,2572,5444,8214,9022,7212,4120,1625,417,62,4
SAMPLE n=20 alpha=12 par=0,1,2,3,4,5,4,2,8,9,2,11,12,2,1,15,16,17,18,15 poly=1,20,171,824,2485,4934,6629,6125,3921,1721,493,82,6
SAMPLE n=20 alpha=11 par=0,1,2,3,4,5,4,1,8,9,10,11,10,1,14,15,15,1,18,18 poly=1,20,171,823,2474,4880,6464,5780,3446,1318,294,29
SAMPLE n=20 alpha=10 par=0,1,2,3,4,5,4,1,8,9,10,11,9,13,9,15,8,17,18,1 poly=1,20,171,822,2456,4756,6032,4938,2493,699,82
SAMPLE n=20 alpha=12 par=0,1,2,3,4,5,4,1,8,9,10,11,9,9,9,8,16,1,18,1 poly=1,20,171,827,2525,5149,7239,7132,4930,2343,724,129,10
SAMPLE n=20 alpha=12 par=0,1,2,3,4,5,4,1,8,9,10,11,9,9,8,15,16,17,8,8 poly=1,20,171,826,2510,5057,6935,6536,4216,1826,509,83,6
SAMPLE n=20 alpha=12 par=0,1,2,3,4,5,4,1,8,9,10,11,9,8,14,14,14,8,1,1 poly=1,20,171,827,2524,5140,7205,7060,4840,2280,703,127,10
SAMPLE n=20 alpha=12 par=0,1,2,3,4,5,4,1,8,9,10,11,9,1,14,15,15,1,18,19 poly=1,20,171,822,2461,4815,6309,5611,3413,1417,390,65,5
SAMPLE n=20 alpha=12 par=0,1,2,3,4,5,3,7,8,3,10,2,12,12,2,2,1,17,18,19 poly=1,20,171,826,2504,4998,6699,6035,3598,1372,315,39,2
SAMPLE n=20 alpha=12 par=0,1,2,3,4,5,3,7,7,3,2,11,11,2,2,1,16,17,18,1 poly=1,20,171,828,2530,5138,7106,6734,4328,1831,480,69,4
SAMPLE n=20 alpha=12 par=0,1,2,3,4,5,3,7,3,1,10,11,12,10,1,15,16,16,15,1 poly=1,20,171,825,2498,4997,6771,6266,3936,1640,431,64,4
SAMPLE n=20 alpha=11 par=0,1,2,3,4,5,3,7,2,9,10,1,12,13,14,15,12,17,12,12 poly=1,20,171,824,2485,4927,6565,5893,3496,1302,272,24
SAMPLE n=20 alpha=11 par=0,1,2,3,4,5,3,7,2,9,9,1,12,13,14,12,1,17,18,17 poly=1,20,171,822,2457,4771,6114,5158,2810,945,177,14
SAMPLE n=20 alpha=11 par=0,1,2,3,4,5,3,7,2,9,1,11,12,13,14,12,1,17,1,19 poly=1,20,171,822,2455,4747,6003,4905,2509,762,124,8
SAMPLE n=20 alpha=13 par=0,1,2,3,4,5,3,3,3,3,2,11,11,1,14,15,16,1,18,1 poly=1,20,171,831,2577,5438,8138,8857,7068,4098,1682,465,78,6
SAMPLE n=20 alpha=13 par=0,1,2,3,4,5,3,3,3,3,1,11,12,13,1,15,15,1,18,18 poly=1,20,171,831,2580,5461,8202,8925,7049,3980,1557,399,60,4
SAMPLE n=20 alpha=12 par=0,1,2,3,4,5,3,3,2,9,10,9,12,1,14,15,16,17,15,14 poly=1,20,171,823,2472,4858,6372,5590,3234,1190,258,28,1
SAMPLE n=20 alpha=12 par=0,1,2,3,4,5,3,3,2,9,10,9,12,1,14,15,16,14,1,1 poly=1,20,171,825,2497,4991,6765,6296,4027,1741,483,76,5
SAMPLE n=20 alpha=11 par=0,1,2,3,4,5,3,2,8,9,9,1,12,13,14,15,12,1,18,19 poly=1,20,171,821,2446,4724,6016,5056,2763,940,179,14
SAMPLE n=20 alpha=11 par=0,1,2,3,4,5,2,7,8,8,2,11,11,1,14,15,16,1,18,1 poly=1,20,171,824,2482,4902,6486,5776,3418,1291,282,27
SAMPLE n=20 alpha=11 par=0,1,2,3,4,5,2,7,8,7,2,2,2,1,14,15,16,1,18,1 poly=1,20,171,830,2554,5259,7439,7277,4857,2119,546,63
SAMPLE n=20 alpha=11 par=0,1,2,3,4,5,1,7,8,9,10,1,12,13,14,1,16,1,18,1 poly=1,20,171,826,2504,4993,6652,5865,3296,1092,184,12
SAMPLE n=20 alpha=13 par=0,1,2,3,4,5,1,7,8,9,10,1,12,13,13,13,13,1,18,18 poly=1,20,171,826,2517,5136,7287,7342,5258,2616,865,177,20,1
SAMPLE n=20 alpha=14 par=0,1,2,3,4,4,4,4,4,4,4,1,12,13,13,12,16,1,18,18 poly=1,20,171,841,2713,6179,10330,12882,12025,8364,4275,1561,386,58,4
SAMPLE n=20 alpha=13 par=0,1,2,3,4,4,4,4,4,4,1,11,12,13,12,15,11,1,18,1 poly=1,20,171,836,2649,5836,9286,10823,9198,5584,2328,620,91,5
SAMPLE n=20 alpha=13 par=0,1,2,3,4,4,4,4,4,3,1,11,12,13,12,15,12,1,18,19 poly=1,20,171,831,2583,5482,8252,8972,7051,3943,1519,382,57,4
SAMPLE n=20 alpha=14 par=0,1,2,3,4,4,4,4,4,2,1,11,12,13,13,13,12,17,1,1 poly=1,20,171,834,2629,5769,9226,11021,9924,6716,3365,1211,296,44,3
SAMPLE n=20 alpha=13 par=0,1,2,3,4,4,4,4,3,9,9,3,12,12,1,15,16,17,16,1 poly=1,20,171,829,2552,5306,7755,8179,6292,3507,1380,363,57,4
SAMPLE n=20 alpha=15 par=0,1,2,3,4,4,4,4,3,3,3,3,3,2,1,15,16,17,15,15 poly=1,20,171,841,2702,6089,10056,12508,11898,8699,4864,2046,627,132,17,1
SAMPLE n=20 alpha=15 par=0,1,2,3,4,4,4,4,3,3,3,3,3,1,14,15,16,16,1,1 poly=1,20,171,841,2708,6156,10360,13288,13190,10174,6061,2741,911,210,30,2
SAMPLE n=20 alpha=14 par=0,1,2,3,4,4,4,4,3,3,2,2,1,13,14,15,13,1,1,1 poly=1,20,171,835,2628,5697,8850,10078,8494,5284,2386,755,157,19,1
SAMPLE n=20 alpha=13 par=0,1,2,3,4,4,4,4,3,2,10,11,10,13,10,1,16,17,17,1 poly=1,20,171,829,2555,5329,7811,8219,6253,3417,1313,340,54,4
SAMPLE n=20 alpha=12 par=0,1,2,3,4,4,4,4,3,2,10,11,1,13,14,13,1,17,17,1 poly=1,20,171,829,2552,5296,7666,7867,5719,2882,955,186,16
SAMPLE n=20 alpha=12 par=0,1,2,3,4,4,4,4,3,1,10,11,12,10,14,10,16,1,18,19 poly=1,20,171,827,2526,5153,7233,7071,4787,2177,621,97,6
SAMPLE n=20 alpha=13 par=0,1,2,3,4,4,4,4,2,9,1,11,12,13,11,15,15,11,11,1 poly=1,20,171,831,2581,5467,8219,8969,7147,4112,1657,442,70,5
SAMPLE n=20 alpha=13 par=0,1,2,3,4,4,4,4,1,9,10,10,9,9,1,15,16,1,18,1 poly=1,20,171,832,2592,5515,8325,9093,7212,4100,1617,416,62,4
SAMPLE n=20 alpha=13 par=0,1,2,3,4,4,4,4,1,9,10,9,12,9,1,15,1,1,1,1 poly=1,20,171,840,2691,6027,9818,11865,10689,7113,3404,1109,220,20
SAMPLE n=20 alpha=13 par=0,1,2,3,4,4,4,4,1,9,10,9,1,13,13,1,16,16,1,1 poly=1,20,171,835,2626,5674,8743,9794,8008,4724,1950,531,85,6
SAMPLE n=20 alpha=13 par=0,1,2,3,4,4,4,3,8,8,3,11,2,13,2,1,16,17,18,18 poly=1,20,171,827,2522,5123,7156,7017,4893,2432,849,200,29,2
SAMPLE n=20 alpha=12 par=0,1,2,3,4,4,4,3,8,8,3,11,1,13,14,15,15,14,18,14 poly=1,20,171,827,2524,5131,7146,6909,4643,2136,643,114,9
SAMPLE n=20 alpha=14 par=0,1,2,3,4,4,4,3,8,8,2,11,11,2,2,2,2,1,18,19 poly=1,20,171,837,2649,5806,9203,10832,9593,6403,3186,1149,284,43,3
SAMPLE n=20 alpha=13 par=0,1,2,3,4,4,4,3,8,8,2,11,11,2,2,1,16,17,18,17 poly=1,20,171,829,2552,5305,7743,8141,6254,3512,1414,388,65,5
SAMPLE n=20 alpha=13 par=0,1,2,3,4,4,4,3,8,8,2,11,11,2,1,15,16,17,16,19 poly=1,20,171,826,2513,5092,7102,6960,4843,2382,804,174,21,1
SAMPLE n=20 alpha=13 par=0,1,2,3,4,4,4,3,8,3,3,3,3,2,1,15,16,15,1,19 poly=1,20,171,837,2643,5728,8811,9774,7836,4488,1782,461,68,4
SAMPLE n=20 alpha=14 par=0,1,2,3,4,4,4,3,8,2,10,11,2,2,2,1,16,17,17,1 poly=1,20,171,832,2588,5488,8266,9082,7383,4450,1967,620,132,17,1
SAMPLE n=20 alpha=13 par=0,1,2,3,4,4,4,3,8,1,10,11,12,12,11,15,15,10,18,10 poly=1,20,171,826,2514,5099,7125,7011,4926,2479,881,212,31,2
SAMPLE n=20 alpha=12 par=0,1,2,3,4,4,4,3,8,1,10,11,12,12,11,10,16,10,1,19 poly=1,20,171,826,2512,5074,6995,6649,4334,1887,515,76,4
SAMPLE n=20 alpha=13 par=0,1,2,3,4,4,4,3,3,3,3,1,12,13,12,1,16,17,16,1 poly=1,20,171,834,2616,5635,8666,9725,8028,4846,2089,611,109,9
SAMPLE n=20 alpha=14 par=0,1,2,3,4,4,4,3,3,3,1,11,12,13,13,12,16,12,12,1 poly=1,20,171,833,2607,5601,8606,9708,8167,5154,2425,831,197,29,2
SAMPLE n=20 alpha=12 par=0,1,2,3,4,4,4,3,2,9,9,2,12,2,1,15,16,17,16,19 poly=1,20,171,828,2535,5183,7270,7053,4689,2069,564,81,4
SAMPLE n=20 alpha=12 par=0,1,2,3,4,4,4,3,2,9,2,1,12,13,14,1,16,17,17,1 poly=1,20,171,827,2525,5151,7254,7178,5012,2439,796,159,15
SAMPLE n=20 alpha=14 par=0,1,2,3,4,4,4,3,2,1,10,11,11,11,1,15,15,15,15,15 poly=1,20,171,835,2641,5834,9433,11459,10577,7415,3899,1495,396,65,5
SAMPLE n=20 alpha=13 par=0,1,2,3,4,4,4,2,8,9,9,2,12,2,14,2,1,17,18,18 poly=1,20,171,831,2578,5448,8178,8952,7231,4294,1833,535,96,8
SAMPLE n=20 alpha=13 par=0,1,2,3,4,4,4,2,8,9,9,2,12,2,1,15,16,15,1,19 poly=1,20,171,828,2539,5238,7563,7858,5967,3307,1307,349,56,4
SAMPLE n=20 alpha=15 par=0,1,2,3,4,4,4,2,8,9,9,2,2,2,2,2,1,17,18,18 poly=1,20,171,842,2722,6242,10632,13774,13735,10578,6261,2805,923,211,30,2
SAMPLE n=20 alpha=13 par=0,1,2,3,4,4,4,2,8,9,9,2,1,13,14,15,14,17,13,19 poly=1,20,171,825,2504,5067,7103,7100,5152,2709,1005,247,35,2
SAMPLE n=20 alpha=13 par=0,1,2,3,4,4,4,2,8,9,8,2,12,12,12,12,1,17,18,18 poly=1,20,171,830,2569,5419,8138,8933,7244,4320,1852,542,97,8
SAMPLE n=20 alpha=11 par=0,1,2,3,4,4,4,2,8,9,8,2,12,1,14,15,14,17,14,19 poly=1,20,171,826,2512,5076,7007,6677,4361,1883,486,56
SAMPLE n=20 alpha=15 par=0,1,2,3,4,4,4,2,8,8,8,2,2,1,14,15,16,16,14,14 poly=1,20,171,832,2599,5603,8770,10330,9368,6613,3632,1532,482,107,15,1
SAMPLE n=20 alpha=13 par=0,1,2,3,4,4,4,2,8,2,1,11,12,13,12,1,16,1,1,1 poly=1,20,171,833,2602,5563,8471,9401,7673,4583,1958,568,100,8
SAMPLE n=20 alpha=14 par=0,1,2,3,4,4,4,2,2,1,10,11,11,10,14,1,16,17,17,1 poly=1,20,171,828,2542,5268,7687,8141,6376,3716,1602,501,109,15,1
SAMPLE n=20 alpha=14 par=0,1,2,3,4,4,4,2,2,1,10,11,10,13,10,10,1,1,1,1 poly=1,20,171,838,2662,5868,9362,11099,9922,6715,3413,1271,329,53,4
SAMPLE n=20 alpha=12 par=0,1,2,3,4,4,3,7,7,3,1,11,12,13,13,12,11,17,18,17 poly=1,20,171,825,2499,5002,6773,6234,3852,1544,374,47,2
SAMPLE n=20 alpha=14 par=0,1,2,3,4,4,3,7,7,2,1,11,12,13,13,12,12,12,12,12 poly=1,20,171,836,2644,5791,9141,10620,9153,5843,2735,918,211,30,2
SAMPLE n=20 alpha=12 par=0,1,2,3,4,4,3,7,7,2,1,11,12,13,1,15,1,17,1,19 poly=1,20,171,826,2505,5002,6694,5990,3522,1322,302,36,1
SAMPLE n=20 alpha=11 par=0,1,2,3,4,4,3,7,3,9,3,3,2,13,1,15,16,15,1,19 poly=1,20,171,830,2553,5240,7331,6988,4440,1786,408,40
SAMPLE n=20 alpha=13 par=0,1,2,3,4,4,3,7,3,9,2,2,1,13,14,15,13,13,13,1 poly=1,20,171,830,2561,5324,7705,7903,5778,2984,1058,244,33,2
SAMPLE n=20 alpha=13 par=0,1,2,3,4,4,3,7,3,3,3,3,2,13,1,15,16,17,16,16 poly=1,20,171,836,2635,5701,8759,9705,7760,4415,1730,439,64,4
SAMPLE n=20 alpha=12 par=0,1,2,3,4,4,3,7,3,2,10,11,10,10,10,10,1,17,18,17 poly=1,20,171,832,2590,5496,8235,8841,6772,3609,1267,262,24
SAMPLE n=20 alpha=12 par=0,1,2,3,4,4,3,7,3,1,10,11,12,12,10,15,16,15,10,1 poly=1,20,171,826,2512,5074,6995,6651,4345,1910,538,87,6
SAMPLE n=20 alpha=12 par=0,1,2,3,4,4,3,7,3,1,10,11,12,11,11,10,16,10,1,1 poly=1,20,171,829,2549,5261,7510,7510,5251,2518,790,146,12
SAMPLE n=20 alpha=12 par=0,1,2,3,4,4,3,7,3,1,10,11,12,10,14,14,14,1,18,1 poly=1,20,171,827,2526,5158,7274,7207,5029,2429,773,145,12
SAMPLE n=20 alpha=11 par=0,1,2,3,4,4,3,7,2,9,10,1,12,13,14,1,16,1,18,1 poly=1,20,171,825,2493,4945,6549,5758,3259,1109,197,13
SAMPLE n=20 alpha=11 par=0,1,2,3,4,4,3,7,2,9,1,11,12,13,12,15,11,17,1,19 poly=1,20,171,822,2455,4745,5988,4860,2440,705,100,4
SAMPLE n=20 alpha=12 par=0,1,2,3,4,4,3,7,2,2,1,11,12,13,11,15,1,17,1,1 poly=1,20,171,828,2531,5146,7136,6807,4450,1963,565,98,8
SAMPLE n=20 alpha=13 par=0,1,2,3,4,4,3,3,3,3,2,11,12,2,14,14,14,1,18,19 poly=1,20,171,833,2597,5518,8299,9024,7142,4081,1640,439,70,5
SAMPLE n=20 alpha=13 par=0,1,2,3,4,4,3,3,3,3,2,11,12,1,14,15,14,1,18,18 poly=1,20,171,831,2575,5408,7970,8380,6292,3324,1195,275,36,2
SAMPLE n=20 alpha=13 par=0,1,2,3,4,4,3,3,3,3,2,11,2,13,2,15,1,17,18,1 poly=1,20,171,834,2600,5484,8059,8350,6081,3050,1008,203,22,1
SAMPLE n=20 alpha=13 par=0,1,2,3,4,4,3,3,3,3,2,11,2,2,1,15,16,1,18,18 poly=1,20,171,835,2619,5615,8530,9365,7482,4323,1765,484,80,6
SAMPLE n=20 alpha=13 par=0,1,2,3,4,4,3,3,3,2,10,1,12,13,12,1,16,17,1,1 poly=1,20,171,831,2573,5388,7897,8258,6207,3336,1253,312,46,3
SAMPLE n=20 alpha=13 par=0,1,2,3,4,4,3,3,2,9,10,2,12,2,2,2,1,17,18,17 poly=1,20,171,836,2629,5657,8622,9466,7502,4237,1653,420,62,4
SAMPLE n=20 alpha=12 par=0,1,2,3,4,4,3,3,1,9,10,11,10,13,9,15,16,15,18,1 poly=1,20,171,824,2485,4925,6553,5874,3505,1349,312,36,1
SAMPLE n=20 alpha=13 par=0,1,2,3,4,4,3,3,1,9,10,11,10,10,9,15,16,9,1,1 poly=1,20,171,829,2551,5286,7631,7818,5718,2964,1062,249,34,2
SAMPLE n=20 alpha=13 par=0,1,2,3,4,4,3,3,1,9,10,11,9,1,14,15,14,14,1,1 poly=1,20,171,830,2562,5336,7751,7985,5857,3032,1080,251,34,2
SAMPLE n=20 alpha=12 par=0,1,2,3,4,4,3,3,1,9,10,11,1,13,14,15,1,17,18,18 poly=1,20,171,824,2488,4964,6746,6356,4180,1902,577,106,9
SAMPLE n=20 alpha=12 par=0,1,2,3,4,4,3,2,8,9,1,11,12,13,11,1,16,17,17,1 poly=1,20,171,824,2485,4932,6608,6042,3764,1569,417,63,4
SAMPLE n=20 alpha=13 par=0,1,2,3,4,4,3,2,8,8,8,1,12,13,12,1,16,16,1,1 poly=1,20,171,830,2562,5343,7806,8159,6151,3324,1255,313,46,3
SAMPLE n=20 alpha=15 par=0,1,2,3,4,4,3,2,8,8,8,1,12,13,1,1,1,1,1,1 poly=1,20,171,843,2730,6260,10615,13604,13296,9918,5605,2357,713,146,18,1
SAMPLE n=20 alpha=13 par=0,1,2,3,4,4,3,2,8,1,10,11,12,12,11,10,10,10,10,10 poly=1,20,171,836,2643,5789,9144,10612,9062,5620,2459,719,126,10
SAMPLE n=20 alpha=13 par=0,1,2,3,4,4,3,2,8,1,10,11,12,12,10,15,16,16,1,1 poly=1,20,171,825,2501,5033,6942,6685,4523,2136,689,145,18,1
SAMPLE n=20 alpha=12 par=0,1,2,3,4,4,3,2,8,1,10,11,12,11,1,15,16,1,18,19 poly=1,20,171,823,2470,4840,6309,5481,3140,1162,269,36,2
SAMPLE n=20 alpha=12 par=0,1,2,3,4,4,3,2,2,2,1,11,12,13,13,1,16,17,18,17 poly=1,20,171,827,2527,5170,7323,7304,5139,2509,813,158,14
SAMPLE n=20 alpha=13 par=0,1,2,3,4,4,3,2,2,2,1,11,12,13,12,12,11,17,17,1 poly=1,20,171,830,2565,5367,7886,8305,6315,3448,1324,342,54,4
SAMPLE n=20 alpha=13 par=0,1,2,3,4,4,2,7,8,8,2,11,12,12,1,15,16,17,15,19 poly=1,20,171,823,2476,4911,6647,6321,4332,2165,779,192,29,2
SAMPLE n=20 alpha=14 par=0,1,2,3,4,4,2,7,8,8,2,11,12,1,14,15,14,14,14,14 poly=1,20,171,831,2584,5506,8410,9469,7974,5044,2382,821,196,29,2
SAMPLE n=20 alpha=13 par=0,1,2,3,4,4,2,7,8,8,2,11,1,13,14,15,15,1,1,1 poly=1,20,171,828,2540,5247,7589,7873,5915,3208,1233,322,52,4
SAMPLE n=20 alpha=13 par=0,1,2,3,4,4,2,7,8,7,7,7,2,13,13,1,16,17,16,16 poly=1,20,171,830,2565,5373,7926,8411,6465,3573,1386,359,56,4
SAMPLE n=20 alpha=14 par=0,1,2,3,4,4,2,7,8,2,10,11,2,2,1,15,16,17,17,15 poly=1,20,171,829,2552,5310,7792,8326,6611,3920,1721,546,119,16,1
SAMPLE n=20 alpha=14 par=0,1,2,3,4,4,2,7,8,2,2,2,1,13,14,13,13,13,1,19 poly=1,20,171,834,2616,5650,8785,10117,8747,5675,2724,938,219,31,2
SAMPLE n=20 alpha=12 par=0,1,2,3,4,4,2,7,8,1,10,11,12,11,11,10,1,17,18,1 poly=1,20,171,825,2498,4999,6786,6307,3989,1674,441,65,4
SAMPLE n=20 alpha=11 par=0,1,2,3,4,4,2,7,8,1,10,11,12,11,10,1,16,17,16,1 poly=1,20,171,824,2483,4908,6491,5743,3330,1204,244,21
SAMPLE n=20 alpha=12 par=0,1,2,3,4,4,2,7,8,1,10,11,12,1,14,15,14,14,1,19 poly=1,20,171,824,2482,4900,6470,5730,3362,1269,292,37,2
SAMPLE n=20 alpha=13 par=0,1,2,3,4,4,2,7,8,1,10,11,12,1,14,1,1,1,1,1 poly=1,20,171,839,2670,5885,9301,10676,8877,5264,2156,575,89,6
SAMPLE n=20 alpha=13 par=0,1,2,3,4,4,2,7,7,7,1,11,12,13,12,15,1,1,1,1 poly=1,20,171,832,2595,5560,8560,9707,8157,5032,2218,662,120,10
SAMPLE n=20 alpha=12 par=0,1,2,3,4,4,2,7,7,2,10,1,12,13,12,15,12,12,1,1 poly=1,20,171,830,2558,5295,7579,7592,5311,2546,798,147,12
SAMPLE n=20 alpha=13 par=0,1,2,3,4,4,2,7,7,2,1,11,12,11,11,11,1,17,1,19 poly=1,20,171,830,2559,5311,7669,7844,5714,2941,1043,242,33,2
SAMPLE n=20 alpha=13 par=0,1,2,3,4,4,2,7,2,2,2,1,12,13,14,13,13,12,18,19 poly=1,20,171,831,2580,5458,8179,8863,6980,3954,1565,408,62,4
SAMPLE n=20 alpha=13 par=0,1,2,3,4,4,2,2,1,9,10,11,10,13,1,15,15,15,1,1 poly=1,20,171,830,2562,5342,7801,8157,6179,3394,1333,360,61,5
SAMPLE n=20 alpha=13 par=0,1,2,3,4,4,2,2,1,9,10,11,10,10,9,15,1,17,18,18 poly=1,20,171,826,2515,5114,7197,7172,5116,2604,926,219,31,2
SAMPLE n=20 alpha=13 par=0,1,2,3,4,4,2,2,1,9,10,11,9,13,13,9,16,1,1,1 poly=1,20,171,830,2559,5313,7690,7930,5898,3170,1215,319,52,4
SAMPLE n=20 alpha=13 par=0,1,2,3,4,4,2,2,1,9,10,11,9,1,14,15,15,14,18,18 poly=1,20,171,825,2501,5038,6989,6859,4847,2468,887,214,31,2
SAMPLE n=20 alpha=12 par=0,1,2,3,4,3,6,3,8,3,2,1,12,13,12,12,12,12,12,1 poly=1,20,171,839,2676,5920,9395,10832,9024,5297,2077,488,52
SAMPLE n=20 alpha=13 par=0,1,2,3,4,3,6,3,3,3,3,3,3,2,14,1,16,17,1,19 poly=1,20,171,846,2748,6251,10274,12323,10735,6672,2857,790,124,8
SAMPLE n=20 alpha=13 par=0,1,2,3,4,3,6,3,3,3,3,3,3,1,14,15,16,15,14,19 poly=1,20,171,846,2756,6309,10462,12686,11191,7049,3055,850,132,8
SAMPLE n=20 alpha=13 par=0,1,2,3,4,3,6,3,3,3,3,3,1,13,14,13,1,17,17,17 poly=1,20,171,842,2716,6151,10139,12355,11151,7379,3490,1121,220,20
SAMPLE n=20 alpha=11 par=0,1,2,3,4,3,6,3,3,2,10,11,10,13,1,15,16,17,16,15 poly=1,20,171,826,2509,5040,6831,6223,3693,1323,239,12
SAMPLE n=20 alpha=12 par=0,1,2,3,4,3,6,3,3,2,10,11,2,13,13,1,16,17,1,1 poly=1,20,171,829,2543,5213,7354,7243,4991,2374,748,141,12
SAMPLE n=20 alpha=12 par=0,1,2,3,4,3,6,3,3,1,10,11,12,11,14,10,1,17,17,1 poly=1,20,171,828,2537,5200,7327,7149,4773,2103,567,80,4
SAMPLE n=20 alpha=11 par=0,1,2,3,4,3,6,3,2,9,2,11,1,13,14,15,13,17,13,1 poly=1,20,171,826,2504,4989,6627,5805,3223,1042,164,8
SAMPLE n=20 alpha=13 par=0,1,2,3,4,3,6,2,8,9,2,11,11,11,2,2,1,17,18,17 poly=1,20,171,831,2567,5335,7701,7859,5713,2948,1057,249,34,2
SAMPLE n=20 alpha=12 par=0,1,2,3,4,3,6,2,8,9,2,11,1,13,14,15,13,1,18,18 poly=1,20,171,823,2467,4810,6192,5256,2917,1051,242,33,2
SAMPLE n=20 alpha=12 par=0,1,2,3,4,3,6,2,8,8,2,11,11,1,14,15,16,1,18,18 poly=1,20,171,824,2480,4882,6409,5633,3287,1239,281,32,1
SAMPLE n=20 alpha=12 par=0,1,2,3,4,3,6,2,8,8,2,11,2,2,1,15,16,17,15,19 poly=1,20,171,829,2541,5185,7207,6850,4395,1844,477,68,4
SAMPLE n=20 alpha=12 par=0,1,2,3,4,3,6,2,8,8,2,11,2,2,1,15,16,15,15,1 poly=1,20,171,832,2578,5376,7748,7774,5377,2488,725,118,8
SAMPLE n=20 alpha=11 par=0,1,2,3,4,3,6,2,8,1,10,11,10,1,14,15,14,1,1,1 poly=1,20,171,830,2553,5247,7384,7149,4690,1994,495,54
SAMPLE n=20 alpha=12 par=0,1,2,3,4,3,6,1,8,9,10,9,12,1,14,15,16,14,14,14 poly=1,20,171,825,2499,5006,6799,6300,3934,1592,381,43,1
SAMPLE n=20 alpha=11 par=0,1,2,3,4,3,6,1,8,9,10,9,12,1,14,1,16,1,1,1 poly=1,20,171,833,2596,5493,8125,8450,6069,2866,800,100
SAMPLE n=20 alpha=11 par=0,1,2,3,4,3,6,1,8,9,10,8,12,12,8,15,1,17,1,1 poly=1,20,171,827,2518,5077,6937,6454,4034,1625,382,40
SAMPLE n=20 alpha=12 par=0,1,2,3,4,3,6,1,8,9,10,1,12,13,13,1,16,1,1,1 poly=1,20,171,833,2598,5523,8294,8938,6893,3724,1346,295,30
SAMPLE n=20 alpha=12 par=0,1,2,3,4,3,3,3,2,9,10,9,9,2,1,15,16,17,16,16 poly=1,20,171,831,2577,5423,8013,8445,6346,3337,1172,248,24
SAMPLE n=20 alpha=12 par=0,1,2,3,4,3,3,2,1,9,10,11,10,10,1,15,16,17,15,1 poly=1,20,171,827,2526,5156,7250,7113,4853,2250,671,114,8
SAMPLE n=20 alpha=11 par=0,1,2,3,4,3,3,2,1,9,10,11,10,9,1,15,16,15,18,15 poly=1,20,171,826,2510,5051,6879,6336,3851,1455,300,24
SAMPLE n=20 alpha=11 par=0,1,2,3,4,3,2,7,8,7,2,11,11,2,14,14,1,17,18,19 poly=1,20,171,826,2500,4959,6547,5729,3253,1149,232,21
SAMPLE n=20 alpha=11 par=0,1,2,3,4,3,2,7,7,2,1,11,12,13,12,11,1,17,18,19 poly=1,20,171,824,2482,4895,6426,5579,3101,1025,171,9
SAMPLE n=20 alpha=12 par=0,1,2,3,4,3,2,7,7,2,1,11,12,13,12,1,16,16,16,16 poly=1,20,171,829,2553,5311,7740,8045,5961,3079,1051,212,19
SAMPLE n=20 alpha=11 par=0,1,2,3,4,3,2,7,7,2,1,11,12,13,11,15,11,17,1,19 poly=1,20,171,825,2492,4933,6497,5651,3147,1051,184,12
SAMPLE n=20 alpha=12 par=0,1,2,3,4,3,2,7,2,1,10,11,12,11,1,15,16,16,1,1 poly=1,20,171,828,2535,5192,7347,7316,5160,2552,850,172,16
SAMPLE n=20 alpha=12 par=0,1,2,3,4,2,6,7,2,9,10,2,12,1,14,15,1,17,17,17 poly=1,20,171,826,2506,5024,6834,6395,4127,1804,508,83,6
SAMPLE n=20 alpha=13 par=0,1,2,3,4,2,6,7,2,9,10,2,2,1,14,15,1,17,1,1 poly=1,20,171,832,2576,5367,7758,7911,5730,2936,1041,242,33,2
SAMPLE n=20 alpha=12 par=0,1,2,3,4,2,6,7,1,9,10,11,9,13,13,13,1,17,1,19 poly=1,20,171,824,2482,4901,6480,5763,3402,1273,270,26,1
SAMPLE n=20 alpha=12 par=0,1,2,3,4,2,6,7,1,9,10,11,1,13,14,14,1,17,18,18 poly=1,20,171,822,2459,4798,6255,5527,3334,1358,356,53,3
SAMPLE n=20 alpha=12 par=0,1,2,3,4,2,6,6,2,2,1,11,12,13,1,15,16,1,18,19 poly=1,20,171,826,2504,5000,6716,6092,3695,1462,360,50,3
SAMPLE n=20 alpha=14 par=0,1,2,3,4,2,6,6,2,2,1,11,12,13,1,15,15,15,15,15 poly=1,20,171,834,2618,5666,8823,10116,8594,5369,2419,760,157,19,1
SAMPLE n=20 alpha=13 par=0,1,2,3,4,2,6,1,8,9,10,8,8,8,8,1,16,16,16,1 poly=1,20,171,833,2599,5539,8391,9243,7451,4353,1793,493,81,6
SAMPLE n=20 alpha=12 par=0,1,2,3,4,2,1,7,8,9,1,11,12,1,14,14,1,17,17,1 poly=1,20,171,829,2536,5140,7042,6532,4047,1625,400,54,3
SAMPLE n=20 alpha=15 par=0,1,2,3,3,3,3,3,3,3,2,1,12,12,12,1,16,16,16,1 poly=1,20,171,847,2786,6563,11536,15460,15962,12727,7794,3611,1229,291,43,3
SAMPLE n=20 alpha=15 par=0,1,2,3,3,3,3,3,2,9,9,2,2,2,1,15,16,1,1,1 poly=1,20,171,843,2718,6151,10209,12765,12195,8935,4992,2092,637,133,17,1
SAMPLE n=20 alpha=13 par=0,1,2,3,3,3,3,2,8,8,8,2,1,13,14,1,16,17,1,19 poly=1,20,171,831,2574,5409,8020,8593,6708,3781,1495,391,60,4
SAMPLE n=20 alpha=12 par=0,1,2,3,3,3,3,1,8,9,8,11,8,13,1,15,1,17,1,19 poly=1,20,171,831,2572,5378,7851,8121,5919,2931,906,148,8
SAMPLE n=20 alpha=15 par=0,1,2,3,3,3,3,1,8,9,8,11,1,13,13,13,13,13,13,1 poly=1,20,171,841,2712,6188,10445,13361,13097,9844,5616,2379,721,147,18,1
SAMPLE n=20 alpha=13 par=0,1,2,3,3,3,2,7,7,7,1,11,12,11,1,15,15,1,18,18 poly=1,20,171,829,2551,5301,7752,8209,6381,3624,1466,400,66,5
SAMPLE n=20 alpha=15 par=0,1,2,3,3,3,2,2,2,2,2,1,12,13,13,12,1,17,17,17 poly=1,20,171,840,2691,6047,9974,12414,11831,8669,4856,2045,627,132,17,1
SAMPLE n=20 alpha=12 par=0,1,2,3,3,3,2,1,8,9,8,11,8,8,8,1,16,17,16,19 poly=1,20,171,832,2588,5475,8148,8653,6540,3444,1204,252,24
SAMPLE n=20 alpha=14 par=0,1,2,3,3,2,6,6,1,9,1,11,1,13,1,1,1,1,1,1 poly=1,20,171,855,2845,6722,11653,15055,14579,10565,5673,2207,594,100,8
SAMPLE n=20 alpha=12 par=0,1,2,3,3,2,6,2,8,2,2,1,12,13,12,12,1,17,17,1 poly=1,20,171,834,2602,5500,8109,8428,6143,3068,998,190,16
SAMPLE n=20 alpha=15 par=0,1,2,3,3,2,2,2,2,2,1,11,12,11,11,11,11,11,1,1 poly=1,20,171,850,2812,6654,11726,15729,16213,12840,7740,3481,1128,248,33,2
SAMPLE n=20 alpha=14 par=0,1,2,3,3,1,6,7,7,1,10,11,11,1,14,15,14,14,14,1 poly=1,20,171,831,2576,5432,8132,8908,7291,4510,2105,726,176,27,2
SAMPLE n=20 alpha=14 par=0,1,2,3,3,1,6,7,7,1,10,11,10,10,1,15,1,1,1,1 poly=1,20,171,842,2702,6046,9823,11862,10760,7331,3711,1361,344,54,4
SAMPLE n=20 alpha=13 par=0,1,2,3,3,1,6,7,6,6,1,11,12,11,11,1,16,1,1,1 poly=1,20,171,838,2649,5746,8861,9906,8086,4794,2020,576,100,8
SAMPLE n=20 alpha=13 par=0,1,2,3,3,1,6,7,6,6,1,11,11,1,14,1,16,1,1,1 poly=1,20,171,842,2690,5924,9293,10556,8719,5196,2182,614,104,8
SAMPLE n=20 alpha=17 par=0,1,2,2,2,2,2,2,2,2,1,11,11,11,11,1,16,16,16,16 poly=1,20,171,857,2916,7312,14088,21380,25930,25309,19889,12508,6212,2382,680,136,17,1
TOP5 rank=0 n=20 alpha=17 k=9 q=11 num=124823711 den=640545481 par=0,1,2,3,3,3,3,3,3,3,3,1,12,13,13,13,13,1,1,1 poly=1,20,171,856,2913,7309,14087,21380,25930,25309,19889,12508,6212,2382,680,136,17,1
TOP5 rank=1 n=20 alpha=17 k=9 q=11 num=124823711 den=640545481 par=0,1,2,2,2,2,2,2,2,2,1,11,11,11,11,1,16,16,16,16 poly=1,20,171,857,2916,7312,14088,21380,25930,25309,19889,12508,6212,2382,680,136,17,1
TOP5 rank=2 n=20 alpha=17 k=9 q=11 num=133870265 den=681262201 par=0,1,2,2,2,2,2,2,2,2,1,11,11,11,11,11,1,1,1,1 poly=1,20,171,864,2976,7528,14582,22172,26854,26101,20384,12728,6278,2394,681,136,17,1
TOP5 rank=3 n=20 alpha=17 k=9 q=11 num=133870265 den=681262201 par=0,1,2,2,2,2,2,2,2,2,1,11,11,11,11,1,1,1,1,1 poly=1,20,171,865,2980,7534,14586,22173,26854,26101,20384,12728,6278,2394,681,136,17,1
TOP5 rank=4 n=20 alpha=17 k=9 q=11 num=130524593 den=664144441 par=0,1,2,3,3,3,3,3,3,3,3,1,12,13,13,13,13,13,1,1 poly=1,20,171,857,2926,7369,14256,21711,26392,25771,20219,12673,6267,2393,681,136,17,1
TOP5 rank=5 n=20 alpha=17 k=9 q=11 num=130524593 den=664144441 par=0,1,2,3,3,3,3,3,3,3,3,1,12,13,13,13,1,1,1,1 poly=1,20,171,857,2924,7364,14252,21710,26392,25771,20219,12673,6267,2393,681,136,17,1
TOP5 rank=6 n=20 alpha=17 k=9 q=11 num=130524593 den=664144441 par=0,1,2,2,2,2,2,2,2,2,1,11,11,11,11,11,1,17,17,17 poly=1,20,171,858,2928,7370,14256,21711,26392,25771,20219,12673,6267,2393,681,136,17,1
TOP5 rank=7 n=20 alpha=17 k=9 q=11 num=143484738 den=724686400 par=0,1,2,3,3,3,1,7,8,8,8,1,1,1,1,1,1,1,1,1 poly=1,20,171,867,3014,7719,15082,23007,27826,26920,20887,12949,6344,2406,682,136,17,1
TOP5 rank=8 n=20 alpha=17 k=8 q=11 num=255360420 den=1285222500 par=0,1,2,2,2,2,2,2,2,2,1,11,1,1,1,1,1,1,1,1 poly=1,20,171,880,3136,8316,17066,27680,35850,37206,30891,20384,10556,4200,1240,256,33,2
TOP5 rank=9 n=20 alpha=17 k=9 q=11 num=287153933 den=1444380025 par=0,1,2,3,3,3,3,1,8,1,1,1,1,1,1,1,1,1,1,1 poly=1,20,171,888,3225,8673,17867,28842,37004,38005,31273,20505,10579,4202,1240,256,33,2
TOP5 rank=10 n=20 alpha=17 k=8 q=11 num=255658132 den=1283215684 par=0,1,2,2,2,2,2,2,2,2,1,11,11,11,11,11,11,11,11,1 poly=1,20,171,873,3108,8260,16996,27624,35822,37198,30890,20384,10556,4200,1240,256,33,2
TOP5 rank=11 n=20 alpha=17 k=8 q=11 num=157832420 den=790115881 par=0,1,2,2,2,2,2,2,2,2,1,11,11,11,1,1,1,1,1,1 poly=1,20,171,868,3008,7665,14981,23003,28109,27487,21506,13388,6553,2471,694,137,17,1
TOP4 rank=0 n=20 alpha=17 k=9 q=11 num=124823711 den=640545481 par=0,1,2,3,3,3,3,3,3,3,3,1,12,13,13,13,13,1,1,1 poly=1,20,171,856,2913,7309,14087,21380,25930,25309,19889,12508,6212,2382,680,136,17,1
TOP4 rank=1 n=20 alpha=17 k=9 q=11 num=124823711 den=640545481 par=0,1,2,2,2,2,2,2,2,2,1,11,11,11,11,1,16,16,16,16 poly=1,20,171,857,2916,7312,14088,21380,25930,25309,19889,12508,6212,2382,680,136,17,1
TOP4 rank=2 n=20 alpha=17 k=9 q=11 num=133870265 den=681262201 par=0,1,2,2,2,2,2,2,2,2,1,11,11,11,11,11,1,1,1,1 poly=1,20,171,864,2976,7528,14582,22172,26854,26101,20384,12728,6278,2394,681,136,17,1
TOP4 rank=3 n=20 alpha=17 k=9 q=11 num=133870265 den=681262201 par=0,1,2,2,2,2,2,2,2,2,1,11,11,11,11,1,1,1,1,1 poly=1,20,171,865,2980,7534,14586,22173,26854,26101,20384,12728,6278,2394,681,136,17,1
TOP4 rank=4 n=20 alpha=17 k=9 q=11 num=130524593 den=664144441 par=0,1,2,3,3,3,3,3,3,3,3,1,12,13,13,13,13,13,1,1 poly=1,20,171,857,2926,7369,14256,21711,26392,25771,20219,12673,6267,2393,681,136,17,1
TOP4 rank=5 n=20 alpha=17 k=9 q=11 num=130524593 den=664144441 par=0,1,2,3,3,3,3,3,3,3,3,1,12,13,13,13,1,1,1,1 poly=1,20,171,857,2924,7364,14252,21710,26392,25771,20219,12673,6267,2393,681,136,17,1
TOP4 rank=6 n=20 alpha=17 k=9 q=11 num=130524593 den=664144441 par=0,1,2,2,2,2,2,2,2,2,1,11,11,11,11,11,1,17,17,17 poly=1,20,171,858,2928,7370,14256,21711,26392,25771,20219,12673,6267,2393,681,136,17,1
TOP4 rank=7 n=20 alpha=17 k=9 q=11 num=143484738 den=724686400 par=0,1,2,3,3,3,1,7,8,8,8,1,1,1,1,1,1,1,1,1 poly=1,20,171,867,3014,7719,15082,23007,27826,26920,20887,12949,6344,2406,682,136,17,1
TOP4 rank=8 n=20 alpha=17 k=8 q=11 num=255360420 den=1285222500 par=0,1,2,2,2,2,2,2,2,2,1,11,1,1,1,1,1,1,1,1 poly=1,20,171,880,3136,8316,17066,27680,35850,37206,30891,20384,10556,4200,1240,256,33,2
TOP4 rank=9 n=20 alpha=17 k=9 q=11 num=287153933 den=1444380025 par=0,1,2,3,3,3,3,1,8,1,1,1,1,1,1,1,1,1,1,1 poly=1,20,171,888,3225,8673,17867,28842,37004,38005,31273,20505,10579,4202,1240,256,33,2
TOP4 rank=10 n=20 alpha=17 k=8 q=11 num=255658132 den=1283215684 par=0,1,2,2,2,2,2,2,2,2,1,11,11,11,11,11,11,11,11,1 poly=1,20,171,873,3108,8260,16996,27624,35822,37198,30890,20384,10556,4200,1240,256,33,2
TOP4 rank=11 n=20 alpha=17 k=8 q=11 num=157832420 den=790115881 par=0,1,2,2,2,2,2,2,2,2,1,11,11,11,1,1,1,1,1,1 poly=1,20,171,868,3008,7665,14981,23003,28109,27487,21506,13388,6553,2471,694,137,17,1
VDMIN_FLOAT n=20 value=0.679477257176 k=7 alpha=10 q=7 lambda=1.75595741243 V=1.64856965462 delta=0.412161691361 par=0,1,2,3,4,5,4,7,4,9,4,11,1,13,14,15,14,17,14,19 poly=1,20,171,825,2492,4918,6379,5282,2571,595,26
PERK n=20 alpha=17 k=4 q=11 num=2448684 den=9659664 par=0,1,2,2,2,2,2,2,2,2,1,11,11,11,11,11,11,11,11,1
PERK n=20 alpha=17 k=5 q=11 num=15404032 den=68227600 par=0,1,2,2,2,2,2,2,2,2,1,11,11,11,11,11,11,11,11,1
PERK n=20 alpha=17 k=6 q=11 num=61061476 den=291248356 par=0,1,2,2,2,2,2,2,2,2,1,11,1,1,1,1,1,1,1,1
PERK n=20 alpha=17 k=7 q=11 num=91802560 den=457104400 par=0,1,2,2,2,2,2,2,2,2,1,11,11,11,11,1,16,16,16,16
PERK n=20 alpha=17 k=8 q=11 num=131258480 den=672364900 par=0,1,2,3,3,3,3,3,3,3,3,1,12,13,13,13,13,1,1,1
PERK n=20 alpha=17 k=9 q=11 num=124823711 den=640545481 par=0,1,2,3,3,3,3,3,3,3,3,1,12,13,13,13,13,1,1,1
PERK n=20 alpha=17 k=10 q=11 num=79007349 den=395572321 par=0,1,2,3,3,3,3,3,3,3,3,1,12,13,13,13,13,1,1,1
PERK n=20 alpha=17 k=11 q=11 num=35169473 den=167676601 par=0,1,2,3,3,3,1,7,8,8,8,1,1,1,1,1,1,1,1,1
PERALPHA n=20 alpha=10 k=5 q=7 num=10639370 den=34164025 par=0,1,2,3,2,5,2,7,2,9,2,11,2,13,2,15,2,1,18,19
PERALPHA n=20 alpha=11 k=6 q=7 num=21469442 den=73393489 par=0,1,2,3,2,5,2,7,2,9,2,11,1,13,14,13,16,13,13,13
PERALPHA n=20 alpha=12 k=6 q=8 num=25720720 den=95804944 par=0,1,2,3,2,5,2,7,2,9,2,11,1,13,14,13,13,13,13,13
PERALPHA n=20 alpha=13 k=7 q=9 num=24168500 den=96628900 par=0,1,2,3,4,5,5,5,5,3,3,3,1,13,14,15,1,17,1,19
PERALPHA n=20 alpha=14 k=8 q=9 num=14241804 den=61340224 par=0,1,2,3,4,5,5,5,3,3,2,11,11,11,1,15,16,17,1,1
PERALPHA n=20 alpha=15 k=8 q=10 num=28979060 den=135024400 par=0,1,2,3,3,3,3,2,8,8,8,2,12,12,12,1,16,1,1,1
PERALPHA n=20 alpha=16 k=8 q=11 num=45457419 den=224430361 par=0,1,2,3,4,4,4,4,2,2,1,11,12,13,13,13,11,11,11,11
PERALPHA n=20 alpha=17 k=9 q=11 num=124823711 den=640545481 par=0,1,2,3,3,3,3,3,3,3,3,1,12,13,13,13,13,1,1,1
TOPQ n=20 alpha=17 k=11 q=11 num=35169473 den=167676601 par=0,1,2,3,3,3,1,7,8,8,8,1,1,1,1,1,1,1,1,1
NEWTON n=20 alpha=15 k=10 q=10 num=181849206 den=193877776 par=0,1,2,3,3,3,2,7,7,7,1,11,12,12,12,11,16,16,16,1
NEWTONFAIL_DIST n=20 q_minus_k=0 trees=2645
NEWTONFAIL_DIST n=20 q_minus_k=1 trees=788
NEWTONFAIL_DIST n=20 q_minus_k=2 trees=309
NEWTONFAIL_DIST n=20 q_minus_k=3 trees=101
NEWTONFAIL_DIST n=20 q_minus_k=4 trees=44
NEWTONFAIL_DIST n=20 q_minus_k=5 trees=19
NEWTONFAIL_DIST n=20 q_minus_k=6 trees=12
NEWTONFAIL_DIST n=20 q_minus_k=7 trees=5
VDBIN_FLOAT n=20 bin_lo=0 value=0.679477257176 k=7 alpha=10 q=7 lambda=1.75595741243 V=1.64856965462 delta=0.412161691361 par=0,1,2,3,4,5,4,7,4,9,4,11,1,13,14,15,14,17,14,19
VDBIN_FLOAT n=20 bin_lo=2 value=0.718711846407 k=7 alpha=10 q=7 lambda=1.48004473422 V=2.00730219996 delta=0.358048651779 par=0,1,2,3,4,3,6,1,8,9,10,1,12,13,14,1,16,1,18,1
VDBIN_FLOAT n=20 bin_lo=4 value=0.823193988634 k=9 alpha=16 q=11 lambda=1.34696717207 V=4.04825091292 delta=0.203345594515 par=0,1,2,3,3,3,1,7,8,8,8,1,12,12,12,12,12,1,1,1
STATS n=20 trees=164212 viol5=0 viol4=0 zero5=0 zero4=0 nonunimodal=0 sampled=404 newton_fail_trees=3923
