TOP5 rank=0 n=21 alpha=18 k=9 q=12 num=461286595 den=2510511025 par=0,1,2,2,2,2,2,2,1,9,9,9,9,9,9,1,1,1,1,1,1 poly=1,21,190,1020,3735,10073,20955,34602,46135,50105,44418,32022,18600,8571,3060,816,153,18,1
TOP5 rank=1 n=21 alpha=18 k=9 q=12 num=471731580 den=2557122624 par=0,1,2,2,2,2,2,2,1,9,9,9,9,9,1,1,1,1,1,1,1 poly=1,21,190,1022,3752,10143,21140,34947,46603,50568,44748,32187,18655,8582,3061,816,153,18,1
TOP5 rank=2 n=21 alpha=18 k=9 q=12 num=451501369 den=2444808025 par=0,1,2,2,2,2,2,2,1,9,9,9,9,9,9,1,16,16,16,16,16 poly=1,21,190,1010,3650,9773,20315,33685,45212,49445,44088,31912,18578,8569,3060,816,153,18,1
TOP5 rank=3 n=21 alpha=18 k=9 q=12 num=471356211 den=2542075561 par=0,1,2,3,3,3,3,3,3,3,3,1,12,13,13,13,13,13,1,1,1 poly=1,21,190,1013,3691,9971,20844,34605,46330,50419,44695,32176,18654,8582,3061,816,153,18,1
TOP5 rank=4 n=21 alpha=18 k=9 q=12 num=471356211 den=2542075561 par=0,1,2,3,3,3,3,3,3,3,3,1,12,13,13,13,13,1,1,1,1 poly=1,21,190,1013,3690,9968,20841,34604,46330,50419,44695,32176,18654,8582,3061,816,153,18,1
TOP5 rank=5 n=21 alpha=18 k=9 q=12 num=508266411 den=2721813241 par=0,1,2,2,2,2,2,2,1,9,9,9,9,1,1,1,1,1,1,1,1 poly=1,21,190,1026,3792,10330,21680,36017,48130,52171,45991,32892,18940,8660,3074,817,153,18,1
TOP5 rank=6 n=21 alpha=18 k=9 q=12 num=503556080 den=2683758025 par=0,1,2,3,3,3,3,3,3,3,3,1,12,13,13,13,13,13,13,1,1 poly=1,21,190,1015,3717,10101,21239,35435,47585,51805,45817,32836,18929,8659,3074,817,153,18,1
TOP5 rank=7 n=21 alpha=18 k=9 q=12 num=503601897 den=2683758025 par=0,1,2,3,3,3,3,3,3,3,3,1,12,13,13,13,1,1,1,1,1 poly=1,21,190,1015,3714,10092,21229,35430,47584,51805,45817,32836,18929,8659,3074,817,153,18,1
TOP5 rank=8 n=21 alpha=18 k=9 q=12 num=566999092 den=2997124516 par=0,1,2,3,3,3,1,7,8,8,8,1,1,1,1,1,1,1,1,1,1 poly=1,21,190,1030,3859,10707,22784,38083,50832,54746,47807,33836,19293,8750,3088,818,153,18,1
TOP5 rank=9 n=21 alpha=18 k=9 q=12 num=1064670893 den=5626350081 par=0,1,2,3,3,3,3,1,8,1,1,1,1,1,1,1,1,1,1,1,1 poly=1,21,190,1053,4102,11888,26535,46708,65846,75009,69278,51778,31084,14781,5442,1496,289,35,2
TOP5 rank=10 n=21 alpha=18 k=9 q=12 num=1064670893 den=5626350081 par=0,1,2,2,2,2,2,1,8,1,1,1,1,1,1,1,1,1,1,1,1 poly=1,21,190,1057,4112,11898,26540,46709,65846,75009,69278,51778,31084,14781,5442,1496,289,35,2
TOP5 rank=11 n=21 alpha=18 k=9 q=12 num=587016760 den=3090804025 par=0,1,2,2,2,2,2,2,1,9,9,9,1,1,1,1,1,1,1,1,1 poly=1,21,190,1032,3855,10638,22611,37963,51105,55595,48993,34894,19941,9024,3165,831,154,18,1
TOP4 rank=0 n=21 alpha=18 k=9 q=12 num=461286595 den=2510511025 par=0,1,2,2,2,2,2,2,1,9,9,9,9,9,9,1,1,1,1,1,1 poly=1,21,190,1020,3735,10073,20955,34602,46135,50105,44418,32022,18600,8571,3060,816,153,18,1
TOP4 rank=1 n=21 alpha=18 k=9 q=12 num=471731580 den=2557122624 par=0,1,2,2,2,2,2,2,1,9,9,9,9,9,1,1,1,1,1,1,1 poly=1,21,190,1022,3752,10143,21140,34947,46603,50568,44748,32187,18655,8582,3061,816,153,18,1
TOP4 rank=2 n=21 alpha=18 k=9 q=12 num=451501369 den=2444808025 par=0,1,2,2,2,2,2,2,1,9,9,9,9,9,9,1,16,16,16,16,16 poly=1,21,190,1010,3650,9773,20315,33685,45212,49445,44088,31912,18578,8569,3060,816,153,18,1
TOP4 rank=3 n=21 alpha=18 k=9 q=12 num=471356211 den=2542075561 par=0,1,2,3,3,3,3,3,3,3,3,1,12,13,13,13,13,13,1,1,1 poly=1,21,190,1013,3691,9971,20844,34605,46330,50419,44695,32176,18654,8582,3061,816,153,18,1
TOP4 rank=4 n=21 alpha=18 k=9 q=12 num=471356211 den=2542075561 par=0,1,2,3,3,3,3,3,3,3,3,1,12,13,13,13,13,1,1,1,1 poly=1,21,190,1013,3690,9968,20841,34604,46330,50419,44695,32176,18654,8582,3061,816,153,18,1
TOP4 rank=5 n=21 alpha=18 k=9 q=12 num=508266411 den=2721813241 par=0,1,2,2,2,2,2,2,1,9,9,9,9,1,1,1,1,1,1,1,1 poly=1,21,190,1026,3792,10330,21680,36017,48130,52171,45991,32892,18940,8660,3074,817,153,18,1
TOP4 rank=6 n=21 alpha=18 k=9 q=12 num=503556080 den=2683758025 par=0,1,2,3,3,3,3,3,3,3,3,1,12,13,13,13,13,13,13,1,1 poly=1,21,190,1015,3717,10101,21239,35435,47585,51805,45817,32836,18929,8659,3074,817,153,18,1
TOP4 rank=7 n=21 alpha=18 k=9 q=12 num=503601897 den=2683758025 par=0,1,2,3,3,3,3,3,3,3,3,1,12,13,13,13,1,1,1,1,1 poly=1,21,190,1015,3714,10092,21229,35430,47584,51805,45817,32836,18929,8659,3074,817,153,18,1
TOP4 rank=8 n=21 alpha=18 k=9 q=12 num=566999092 den=2997124516 par=0,1,2,3,3,3,1,7,8,8,8,1,1,1,1,1,1,1,1,1,1 poly=1,21,190,1030,3859,10707,22784,38083,50832,54746,47807,33836,19293,8750,3088,818,153,18,1
TOP4 rank=9 n=21 alpha=18 k=9 q=12 num=1064670893 den=5626350081 par=0,1,2,3,3,3,3,1,8,1,1,1,1,1,1,1,1,1,1,1,1 poly=1,21,190,1053,4102,11888,26535,46708,65846,75009,69278,51778,31084,14781,5442,1496,289,35,2
TOP4 rank=10 n=21 alpha=18 k=9 q=12 num=1064670893 den=5626350081 par=0,1,2,2,2,2,2,1,8,1,1,1,1,1,1,1,1,1,1,1,1 poly=1,21,190,1057,4112,11898,26540,46709,65846,75009,69278,51778,31084,14781,5442,1496,289,35,2
TOP4 rank=11 n=21 alpha=18 k=9 q=12 num=587016760 den=3090804025 par=0,1,2,2,2,2,2,2,1,9,9,9,1,1,1,1,1,1,1,1,1 poly=1,21,190,1032,3855,10638,22611,37963,51105,55595,48993,34894,19941,9024,3165,831,154,18,1
VDMIN_FLOAT n=21 value=0.712352426713 k=7 alpha=11 q=7 lambda=1.54065412384 V=1.81847200751 delta=0.391731312756 par=0,1,2,3,4,5,6,5,8,5,10,1,12,13,14,15,16,15,18,15,20 poly=1,21,190,975,3142,6636,9267,8376,4605,1336,140,1
PERK n=21 alpha=18 k=5 q=12 num=21361779 den=95511529 par=0,1,2,2,2,2,2,2,1,9,9,9,9,9,9,1,16,16,16,16,16
PERK n=21 alpha=18 k=6 q=12 num=83495720 den=412699225 par=0,1,2,2,2,2,2,2,1,9,9,9,9,9,9,1,16,16,16,16,16
PERK n=21 alpha=18 k=7 q=12 num=216197445 den=1134679225 par=0,1,2,2,2,2,2,2,1,9,9,9,9,9,9,1,16,16,16,16,16
PERK n=21 alpha=18 k=8 q=12 num=378570119 den=2044124944 par=0,1,2,2,2,2,2,2,1,9,9,9,9,9,9,1,16,16,16,16,16
PERK n=21 alpha=18 k=9 q=12 num=461286595 den=2510511025 par=0,1,2,2,2,2,2,2,1,9,9,9,9,9,9,1,1,1,1,1,1
PERK n=21 alpha=18 k=10 q=12 num=368496414 den=1972958724 par=0,1,2,2,2,2,2,2,1,9,9,9,9,9,9,1,1,1,1,1,1
PERK n=21 alpha=18 k=11 q=12 num=201229029 den=1036002969 par=0,1,2,2,2,2,2,2,1,9,9,9,9,9,1,1,1,1,1,1,1
PERK n=21 alpha=18 k=12 q=12 num=76154849 den=372219849 par=0,1,2,3,3,3,1,7,8,8,8,1,1,1,1,1,1,1,1,1,1
PERALPHA n=21 alpha=11 k=5 q=7 num=20761377 den=71149225 par=0,1,2,3,2,5,2,7,2,9,2,11,2,13,2,15,2,2,1,19,20
PERALPHA n=21 alpha=12 k=6 q=8 num=52382609 den=193627225 par=0,1,2,3,2,5,2,7,2,9,2,11,1,13,14,13,16,13,13,13,13
PERALPHA n=21 alpha=13 k=7 q=9 num=106840665 den=423659889 par=0,1,2,3,2,5,2,7,2,9,2,11,2,2,1,15,16,15,15,15,15
PERALPHA n=21 alpha=14 k=7 q=9 num=82136476 den=350513284 par=0,1,2,3,4,4,4,4,2,2,2,1,12,13,12,15,12,17,12,19,12
PERALPHA n=21 alpha=15 k=8 q=10 num=85683490 den=395293924 par=0,1,2,3,4,4,4,4,3,9,9,9,9,2,2,2,1,17,18,17,20
PERALPHA n=21 alpha=16 k=9 q=11 num=40483885 den=200760561 par=0,1,2,3,3,3,2,7,7,7,1,11,12,12,12,11,16,16,16,1,1
PERALPHA n=21 alpha=17 k=9 q=11 num=147698545 den=764799025 par=0,1,2,3,3,3,1,7,8,8,8,1,12,12,12,12,12,12,1,1,1
PERALPHA n=21 alpha=18 k=9 q=12 num=461286595 den=2510511025 par=0,1,2,2,2,2,2,2,1,9,9,9,9,9,9,1,1,1,1,1,1
TOPQ n=21 alpha=18 k=12 q=12 num=76154849 den=372219849 par=0,1,2,3,3,3,1,7,8,8,8,1,1,1,1,1,1,1,1,1,1
NEWTON n=21 alpha=16 k=10 q=11 num=1337072660 den=1428264452 par=0,1,2,3,3,3,2,7,7,7,1,11,12,12,12,11,16,16,16,1,1
NEWTONFAIL_DIST n=21 q_minus_k=0 trees=3319
NEWTONFAIL_DIST n=21 q_minus_k=1 trees=1594
NEWTONFAIL_DIST n=21 q_minus_k=2 trees=747
NEWTONFAIL_DIST n=21 q_minus_k=3 trees=348
NEWTONFAIL_DIST n=21 q_minus_k=4 trees=113
NEWTONFAIL_DIST n=21 q_minus_k=5 trees=23
NEWTONFAIL_DIST n=21 q_minus_k=6 trees=11
NEWTONFAIL_DIST n=21 q_minus_k=7 trees=8
VDBIN_FLOAT n=21 bin_lo=0 value=0.712352426713 k=7 alpha=11 q=7 lambda=1.54065412384 V=1.81847200751 delta=0.391731312756 par=0,1,2,3,4,5,6,5,8,5,10,1,12,13,14,15,16,15,18,15,20
VDBIN_FLOAT n=21 bin_lo=2 value=0.720356181957 k=7 alpha=11 q=7 lambda=1.28008372481 V=2.06713699848 delta=0.348480135805 par=0,1,2,3,2,5,2,7,2,9,2,11,1,13,14,13,16,13,18,13,20
VDBIN_FLOAT n=21 bin_lo=4 value=0.815471908125 k=9 alpha=16 q=11 lambda=1.38577931577 V=4.04394483768 delta=0.201652579562 par=0,1,2,3,3,3,2,7,7,7,1,11,12,12,12,11,16,16,16,1,1
STATS n=21 trees=413165 viol5=0 viol4=0 zero5=0 zero4=0 nonunimodal=0 sampled=0 newton_fail_trees=6163
