TOP5 rank=0 n=21 alpha=18 k=9 q=12 num=456217389 den=2477650176 par=0,1,2,3,3,3,3,3,3,3,2,2,2,2,2,1,16,16,16,16,16 poly=1,21,190,1015,3696,9933,20650,34156,45679,49776,44253,31967,18589,8570,3060,816,153,18,1
TOP5 rank=1 n=21 alpha=18 k=9 q=12 num=466707858 den=2523856644 par=0,1,2,3,3,3,3,3,3,3,2,2,2,2,2,2,1,17,17,17,17 poly=1,21,190,1017,3712,9998,20825,34491,46142,50238,44583,32132,18644,8581,3061,816,153,18,1
TOP5 rank=2 n=21 alpha=18 k=9 q=12 num=466752441 den=2523856644 par=0,1,2,3,3,3,3,3,3,3,2,2,2,2,1,15,15,15,15,15,15 poly=1,21,190,1015,3703,9982,20811,34485,46141,50238,44583,32132,18644,8581,3061,816,153,18,1
TOP5 rank=3 n=21 alpha=18 k=9 q=12 num=466919464 den=2523756169 par=0,1,2,3,3,3,3,3,3,1,10,10,10,10,10,1,1,1,1,1,1 poly=1,21,190,1015,3701,9973,20795,34471,46135,50237,44583,32132,18644,8581,3061,816,153,18,1
TOP5 rank=4 n=21 alpha=18 k=9 q=12 num=471356211 den=2542075561 par=0,1,2,2,2,2,2,2,2,2,1,11,11,11,11,11,1,17,17,17,17 poly=1,21,190,1014,3694,9974,20845,34605,46330,50419,44695,32176,18654,8582,3061,816,153,18,1
TOP5 rank=5 n=21 alpha=18 k=9 q=12 num=487117741 den=2625435121 par=0,1,2,3,3,3,3,3,3,3,3,3,2,2,2,2,1,17,17,17,17 poly=1,21,190,1021,3758,10212,21391,35466,47310,51239,45198,32397,18720,8594,3062,816,153,18,1
TOP5 rank=6 n=21 alpha=18 k=9 q=12 num=487117741 den=2625435121 par=0,1,2,2,2,2,2,2,2,2,1,11,11,11,11,11,1,1,1,1,1 poly=1,21,190,1022,3762,10218,21395,35467,47310,51239,45198,32397,18720,8594,3062,816,153,18,1
TOP5 rank=7 n=21 alpha=18 k=9 q=12 num=487610807 den=2624615361 par=0,1,2,3,3,3,3,3,3,3,3,3,1,13,14,14,14,14,1,1,1 poly=1,21,190,1017,3733,10157,21321,35410,47282,51231,45197,32397,18720,8594,3062,816,153,18,1
TOP5 rank=8 n=21 alpha=18 k=9 q=12 num=508721599 den=2720978569 par=0,1,2,2,2,2,2,2,2,2,1,11,11,11,11,1,1,1,1,1,1 poly=1,21,190,1024,3779,10294,21625,35967,48103,52163,45990,32892,18940,8660,3074,817,153,18,1
TOP5 rank=9 n=21 alpha=18 k=9 q=12 num=508767589 den=2720978569 par=0,1,2,3,3,3,3,3,3,3,3,3,2,2,2,2,2,1,18,18,18 poly=1,21,190,1023,3774,10284,21615,35962,48102,52163,45990,32892,18940,8660,3074,817,153,18,1
TOP5 rank=10 n=21 alpha=18 k=9 q=12 num=508767589 den=2720978569 par=0,1,2,3,3,3,3,3,3,3,3,3,2,2,2,1,16,16,16,16,16 poly=1,21,190,1021,3767,10275,21610,35961,48102,52163,45990,32892,18940,8660,3074,817,153,18,1
TOP5 rank=11 n=21 alpha=18 k=9 q=12 num=508767589 den=2720978569 par=0,1,2,2,2,2,2,2,2,2,1,11,11,11,11,11,11,1,1,1,1 poly=1,21,190,1022,3770,10278,21611,35961,48102,52163,45990,32892,18940,8660,3074,817,153,18,1
TOP4 rank=0 n=21 alpha=18 k=9 q=12 num=456217389 den=2477650176 par=0,1,2,3,3,3,3,3,3,3,2,2,2,2,2,1,16,16,16,16,16 poly=1,21,190,1015,3696,9933,20650,34156,45679,49776,44253,31967,18589,8570,3060,816,153,18,1
TOP4 rank=1 n=21 alpha=18 k=9 q=12 num=466707858 den=2523856644 par=0,1,2,3,3,3,3,3,3,3,2,2,2,2,2,2,1,17,17,17,17 poly=1,21,190,1017,3712,9998,20825,34491,46142,50238,44583,32132,18644,8581,3061,816,153,18,1
TOP4 rank=2 n=21 alpha=18 k=9 q=12 num=466752441 den=2523856644 par=0,1,2,3,3,3,3,3,3,3,2,2,2,2,1,15,15,15,15,15,15 poly=1,21,190,1015,3703,9982,20811,34485,46141,50238,44583,32132,18644,8581,3061,816,153,18,1
TOP4 rank=3 n=21 alpha=18 k=9 q=12 num=466919464 den=2523756169 par=0,1,2,3,3,3,3,3,3,1,10,10,10,10,10,1,1,1,1,1,1 poly=1,21,190,1015,3701,9973,20795,34471,46135,50237,44583,32132,18644,8581,3061,816,153,18,1
TOP4 rank=4 n=21 alpha=18 k=9 q=12 num=471356211 den=2542075561 par=0,1,2,2,2,2,2,2,2,2,1,11,11,11,11,11,1,17,17,17,17 poly=1,21,190,1014,3694,9974,20845,34605,46330,50419,44695,32176,18654,8582,3061,816,153,18,1
TOP4 rank=5 n=21 alpha=18 k=9 q=12 num=487117741 den=2625435121 par=0,1,2,3,3,3,3,3,3,3,3,3,2,2,2,2,1,17,17,17,17 poly=1,21,190,1021,3758,10212,21391,35466,47310,51239,45198,32397,18720,8594,3062,816,153,18,1
TOP4 rank=6 n=21 alpha=18 k=9 q=12 num=487117741 den=2625435121 par=0,1,2,2,2,2,2,2,2,2,1,11,11,11,11,11,1,1,1,1,1 poly=1,21,190,1022,3762,10218,21395,35467,47310,51239,45198,32397,18720,8594,3062,816,153,18,1
TOP4 rank=7 n=21 alpha=18 k=9 q=12 num=487610807 den=2624615361 par=0,1,2,3,3,3,3,3,3,3,3,3,1,13,14,14,14,14,1,1,1 poly=1,21,190,1017,3733,10157,21321,35410,47282,51231,45197,32397,18720,8594,3062,816,153,18,1
TOP4 rank=8 n=21 alpha=18 k=9 q=12 num=508721599 den=2720978569 par=0,1,2,2,2,2,2,2,2,2,1,11,11,11,11,1,1,1,1,1,1 poly=1,21,190,1024,3779,10294,21625,35967,48103,52163,45990,32892,18940,8660,3074,817,153,18,1
TOP4 rank=9 n=21 alpha=18 k=9 q=12 num=508767589 den=2720978569 par=0,1,2,3,3,3,3,3,3,3,3,3,2,2,2,2,2,1,18,18,18 poly=1,21,190,1023,3774,10284,21615,35962,48102,52163,45990,32892,18940,8660,3074,817,153,18,1
TOP4 rank=10 n=21 alpha=18 k=9 q=12 num=508767589 den=2720978569 par=0,1,2,3,3,3,3,3,3,3,3,3,2,2,2,1,16,16,16,16,16 poly=1,21,190,1021,3767,10275,21610,35961,48102,52163,45990,32892,18940,8660,3074,817,153,18,1
TOP4 rank=11 n=21 alpha=18 k=9 q=12 num=508767589 den=2720978569 par=0,1,2,2,2,2,2,2,2,2,1,11,11,11,11,11,11,1,1,1,1 poly=1,21,190,1022,3770,10278,21611,35961,48102,52163,45990,32892,18940,8660,3074,817,153,18,1
VDMIN_FLOAT n=21 value=0.716784585867 k=7 alpha=11 q=7 lambda=1.5154841079 V=1.84621486754 delta=0.38824548457 par=0,1,2,3,4,5,4,7,4,9,3,11,1,13,14,15,16,15,18,15,20 poly=1,21,190,976,3154,6694,9417,8603,4808,1437,163,2
PERK n=21 alpha=18 k=5 q=12 num=28056154 den=126855169 par=0,1,2,3,3,3,3,3,3,3,3,3,1,13,1,1,1,1,1,1,1
PERK n=21 alpha=18 k=6 q=12 num=87150952 den=426422500 par=0,1,2,3,3,3,3,3,3,3,2,2,2,2,2,1,16,16,16,16,16
PERK n=21 alpha=18 k=7 q=12 num=223360986 den=1166632336 par=0,1,2,3,3,3,3,3,3,3,2,2,2,2,2,1,16,16,16,16,16
PERK n=21 alpha=18 k=8 q=12 num=386421985 den=2086571041 par=0,1,2,3,3,3,3,3,3,3,2,2,2,2,2,1,16,16,16,16,16
PERK n=21 alpha=18 k=9 q=12 num=456217389 den=2477650176 par=0,1,2,3,3,3,3,3,3,3,2,2,2,2,2,1,16,16,16,16,16
PERK n=21 alpha=18 k=10 q=12 num=382869321 den=2042859204 par=0,1,2,3,3,3,3,3,3,3,3,3,2,2,2,2,1,17,17,17,17
PERK n=21 alpha=18 k=11 q=12 num=203459049 den=1049565609 par=0,1,2,3,3,3,3,3,3,3,3,3,2,2,2,2,1,17,17,17,17
PERK n=21 alpha=18 k=12 q=12 num=76113178 den=372605809 par=0,1,2,3,3,3,3,3,3,3,3,3,3,3,2,2,2,1,18,18,18
PERALPHA n=21 alpha=11 k=6 q=7 num=46764641 den=157351936 par=0,1,2,3,4,5,4,1,8,9,10,1,12,1,14,1,16,1,18,1,1
PERALPHA n=21 alpha=12 k=6 q=8 num=56433556 den=206611876 par=0,1,2,3,2,5,2,7,2,9,2,1,12,1,14,1,16,1,1,1,1
PERALPHA n=21 alpha=13 k=7 q=9 num=105970685 den=422261401 par=0,1,2,3,3,3,3,3,1,9,1,11,1,13,1,15,1,17,1,19,1
PERALPHA n=21 alpha=14 k=7 q=9 num=85890095 den=367603929 par=0,1,2,3,4,4,4,4,2,2,2,2,1,13,14,13,16,13,18,13,20
PERALPHA n=21 alpha=15 k=8 q=10 num=85811875 den=395095129 par=0,1,2,3,4,4,4,4,2,9,10,10,10,10,2,2,1,17,18,17,20
PERALPHA n=21 alpha=16 k=9 q=11 num=40378961 den=199911321 par=0,1,2,3,4,4,4,3,8,8,8,2,2,1,14,15,16,16,16,14,14
PERALPHA n=21 alpha=17 k=9 q=11 num=141530750 den=737882896 par=0,1,2,3,4,4,4,4,4,3,3,3,3,1,14,15,15,15,15,1,1
PERALPHA n=21 alpha=18 k=9 q=12 num=456217389 den=2477650176 par=0,1,2,3,3,3,3,3,3,3,2,2,2,2,2,1,16,16,16,16,16
TOPQ n=21 alpha=18 k=12 q=12 num=76113178 den=372605809 par=0,1,2,3,3,3,3,3,3,3,3,3,3,3,2,2,2,1,18,18,18
NEWTON n=21 alpha=16 k=10 q=11 num=1337740019 den=1425772388 par=0,1,2,3,4,4,4,3,8,8,8,2,2,1,14,15,16,16,16,14,14
NEWTONFAIL_DIST n=21 q_minus_k=0 trees=4090
NEWTONFAIL_DIST n=21 q_minus_k=1 trees=1958
NEWTONFAIL_DIST n=21 q_minus_k=2 trees=1029
NEWTONFAIL_DIST n=21 q_minus_k=3 trees=571
NEWTONFAIL_DIST n=21 q_minus_k=4 trees=293
NEWTONFAIL_DIST n=21 q_minus_k=5 trees=90
NEWTONFAIL_DIST n=21 q_minus_k=6 trees=39
NEWTONFAIL_DIST n=21 q_minus_k=7 trees=20
VDBIN_FLOAT n=21 bin_lo=0 value=0.716784585867 k=7 alpha=11 q=7 lambda=1.5154841079 V=1.84621486754 delta=0.38824548457 par=0,1,2,3,4,5,4,7,4,9,3,11,1,13,14,15,16,15,18,15,20
VDBIN_FLOAT n=21 bin_lo=2 value=0.72158670541 k=7 alpha=11 q=7 lambda=1.3550196806 V=2.02838505521 delta=0.355744439921 par=0,1,2,3,4,5,4,7,4,9,2,11,2,13,2,15,1,17,18,19,18
VDBIN_FLOAT n=21 bin_lo=4 value=0.816802723144 k=9 alpha=16 q=11 lambda=1.38451935781 V=4.04389086139 delta=0.201984363857 par=0,1,2,3,4,4,4,3,8,8,8,2,2,1,14,15,16,16,16,14,14
STATS n=21 trees=436996 viol5=0 viol4=0 zero5=0 zero4=0 nonunimodal=0 sampled=0 newton_fail_trees=8090
