TOP5 rank=0 n=21 alpha=18 k=9 q=12 num=471898933 den=2557021489 par=0,1,2,2,2,2,2,2,2,1,10,10,10,10,10,1,1,1,1,1,1 poly=1,21,190,1021,3746,10128,21120,34932,46597,50567,44748,32187,18655,8582,3061,816,153,18,1
TOP5 rank=1 n=21 alpha=18 k=9 q=12 num=471943681 den=2557021489 par=0,1,2,2,2,2,2,2,2,1,10,10,10,10,10,10,1,1,1,1,1 poly=1,21,190,1020,3741,10118,21110,34927,46596,50567,44748,32187,18655,8582,3061,816,153,18,1
TOP5 rank=2 n=21 alpha=18 k=9 q=12 num=455624784 den=2465718336 par=0,1,2,2,2,2,2,2,2,1,10,10,10,10,10,1,16,16,16,16,16 poly=1,21,190,1011,3661,9823,20445,33905,45469,49656,44208,31957,18588,8570,3060,816,153,18,1
TOP5 rank=3 n=21 alpha=18 k=9 q=12 num=470815569 den=2545707025 par=0,1,2,3,3,3,3,3,3,3,3,2,2,2,2,2,1,17,17,17,17 poly=1,21,190,1018,3724,10054,20970,34731,46414,50455,44704,32177,18654,8582,3061,816,153,18,1
TOP5 rank=4 n=21 alpha=18 k=9 q=12 num=470815569 den=2545707025 par=0,1,2,3,3,3,3,3,3,3,3,2,2,2,2,1,16,16,16,16,16 poly=1,21,190,1017,3720,10048,20966,34730,46414,50455,44704,32177,18654,8582,3061,816,153,18,1
TOP5 rank=5 n=21 alpha=18 k=9 q=12 num=471094425 den=2545000704 par=0,1,2,3,3,3,3,3,2,2,2,2,2,2,2,1,16,16,16,16,16 poly=1,21,190,1017,3717,10033,20935,34696,46393,50448,44703,32177,18654,8582,3061,816,153,18,1
TOP5 rank=6 n=21 alpha=18 k=9 q=12 num=466094508 den=2511813924 par=0,1,2,2,2,2,2,2,2,1,10,10,10,10,10,10,1,17,17,17,17 poly=1,21,190,1012,3673,9882,20616,34239,45932,50118,44538,32122,18643,8581,3061,816,153,18,1
TOP5 rank=7 n=21 alpha=18 k=9 q=12 num=487158261 den=2622566521 par=0,1,2,3,3,3,3,3,2,2,2,2,2,2,2,2,1,17,17,17,17 poly=1,21,190,1021,3754,10190,21339,35397,47254,51211,45190,32396,18720,8594,3062,816,153,18,1
TOP5 rank=8 n=21 alpha=18 k=9 q=12 num=487651495 den=2621747209 par=0,1,2,3,3,3,3,1,8,9,9,9,9,1,1,1,1,1,1,1,1 poly=1,21,190,1017,3728,10132,21266,35340,47226,51203,45189,32396,18720,8594,3062,816,153,18,1
TOP5 rank=9 n=21 alpha=18 k=9 q=12 num=504017526 den=2699218116 par=0,1,2,2,2,2,2,2,2,1,10,10,10,10,1,1,1,1,1,1,1 poly=1,21,190,1024,3775,10264,21525,35772,47857,51954,45870,32847,18930,8659,3074,817,153,18,1
TOP5 rank=10 n=21 alpha=18 k=9 q=12 num=504234709 den=2699114209 par=0,1,2,2,2,2,2,2,2,1,10,10,10,10,10,10,10,1,1,1,1 poly=1,21,190,1021,3760,10233,21491,35751,47850,51953,45870,32847,18930,8659,3074,817,153,18,1
TOP5 rank=11 n=21 alpha=18 k=9 q=12 num=503009687 den=2687489281 par=0,1,2,3,3,3,3,3,3,3,3,2,2,2,2,2,2,1,18,18,18 poly=1,21,190,1021,3752,10185,21365,35561,47669,51841,45826,32837,18929,8659,3074,817,153,18,1
TOP4 rank=0 n=21 alpha=18 k=9 q=12 num=471898933 den=2557021489 par=0,1,2,2,2,2,2,2,2,1,10,10,10,10,10,1,1,1,1,1,1 poly=1,21,190,1021,3746,10128,21120,34932,46597,50567,44748,32187,18655,8582,3061,816,153,18,1
TOP4 rank=1 n=21 alpha=18 k=9 q=12 num=471943681 den=2557021489 par=0,1,2,2,2,2,2,2,2,1,10,10,10,10,10,10,1,1,1,1,1 poly=1,21,190,1020,3741,10118,21110,34927,46596,50567,44748,32187,18655,8582,3061,816,153,18,1
TOP4 rank=2 n=21 alpha=18 k=9 q=12 num=455624784 den=2465718336 par=0,1,2,2,2,2,2,2,2,1,10,10,10,10,10,1,16,16,16,16,16 poly=1,21,190,1011,3661,9823,20445,33905,45469,49656,44208,31957,18588,8570,3060,816,153,18,1
TOP4 rank=3 n=21 alpha=18 k=9 q=12 num=470815569 den=2545707025 par=0,1,2,3,3,3,3,3,3,3,3,2,2,2,2,2,1,17,17,17,17 poly=1,21,190,1018,3724,10054,20970,34731,46414,50455,44704,32177,18654,8582,3061,816,153,18,1
TOP4 rank=4 n=21 alpha=18 k=9 q=12 num=470815569 den=2545707025 par=0,1,2,3,3,3,3,3,3,3,3,2,2,2,2,1,16,16,16,16,16 poly=1,21,190,1017,3720,10048,20966,34730,46414,50455,44704,32177,18654,8582,3061,816,153,18,1
TOP4 rank=5 n=21 alpha=18 k=9 q=12 num=471094425 den=2545000704 par=0,1,2,3,3,3,3,3,2,2,2,2,2,2,2,1,16,16,16,16,16 poly=1,21,190,1017,3717,10033,20935,34696,46393,50448,44703,32177,18654,8582,3061,816,153,18,1
TOP4 rank=6 n=21 alpha=18 k=9 q=12 num=466094508 den=2511813924 par=0,1,2,2,2,2,2,2,2,1,10,10,10,10,10,10,1,17,17,17,17 poly=1,21,190,1012,3673,9882,20616,34239,45932,50118,44538,32122,18643,8581,3061,816,153,18,1
TOP4 rank=7 n=21 alpha=18 k=9 q=12 num=487158261 den=2622566521 par=0,1,2,3,3,3,3,3,2,2,2,2,2,2,2,2,1,17,17,17,17 poly=1,21,190,1021,3754,10190,21339,35397,47254,51211,45190,32396,18720,8594,3062,816,153,18,1
TOP4 rank=8 n=21 alpha=18 k=9 q=12 num=487651495 den=2621747209 par=0,1,2,3,3,3,3,1,8,9,9,9,9,1,1,1,1,1,1,1,1 poly=1,21,190,1017,3728,10132,21266,35340,47226,51203,45189,32396,18720,8594,3062,816,153,18,1
TOP4 rank=9 n=21 alpha=18 k=9 q=12 num=504017526 den=2699218116 par=0,1,2,2,2,2,2,2,2,1,10,10,10,10,1,1,1,1,1,1,1 poly=1,21,190,1024,3775,10264,21525,35772,47857,51954,45870,32847,18930,8659,3074,817,153,18,1
TOP4 rank=10 n=21 alpha=18 k=9 q=12 num=504234709 den=2699114209 par=0,1,2,2,2,2,2,2,2,1,10,10,10,10,10,10,10,1,1,1,1 poly=1,21,190,1021,3760,10233,21491,35751,47850,51953,45870,32847,18930,8659,3074,817,153,18,1
TOP4 rank=11 n=21 alpha=18 k=9 q=12 num=503009687 den=2687489281 par=0,1,2,3,3,3,3,3,3,3,3,2,2,2,2,2,2,1,18,18,18 poly=1,21,190,1021,3752,10185,21365,35561,47669,51841,45826,32837,18929,8659,3074,817,153,18,1
VDMIN_FLOAT n=21 value=0.713687871492 k=7 alpha=11 q=7 lambda=1.60576001777 V=1.78015488464 delta=0.400913357398 par=0,1,2,3,4,5,6,7,6,9,6,11,1,13,14,15,16,17,18,17,20 poly=1,21,190,973,3115,6490,8856,7727,4039,1095,107,1
PERK n=21 alpha=18 k=5 q=12 num=29442144 den=131515024 par=0,1,2,2,2,2,2,2,2,1,10,1,1,1,1,1,1,1,1,1,1
PERK n=21 alpha=18 k=6 q=12 num=84949210 den=417998025 par=0,1,2,2,2,2,2,2,2,1,10,10,10,10,10,1,16,16,16,16,16
PERK n=21 alpha=18 k=7 q=12 num=219935320 den=1149549025 par=0,1,2,2,2,2,2,2,2,1,10,10,10,10,10,1,16,16,16,16,16
PERK n=21 alpha=18 k=8 q=12 num=383843281 den=2067429961 par=0,1,2,2,2,2,2,2,2,1,10,10,10,10,10,1,16,16,16,16,16
PERK n=21 alpha=18 k=9 q=12 num=471898933 den=2557021489 par=0,1,2,2,2,2,2,2,2,1,10,10,10,10,10,1,1,1,1,1,1
PERK n=21 alpha=18 k=10 q=12 num=374783475 den=2002383504 par=0,1,2,2,2,2,2,2,2,1,10,10,10,10,10,10,1,1,1,1,1
PERK n=21 alpha=18 k=11 q=12 num=203544016 den=1049500816 par=0,1,2,3,3,3,3,3,2,2,2,2,2,2,2,2,1,17,17,17,17
PERK n=21 alpha=18 k=12 q=12 num=76154849 den=372219849 par=0,1,2,3,3,3,3,2,2,2,2,2,2,2,2,2,2,1,18,18,18
PERALPHA n=21 alpha=11 k=6 q=7 num=53337233 den=179828100 par=0,1,2,3,2,1,6,7,6,1,10,1,12,1,14,1,16,1,18,1,1
PERALPHA n=21 alpha=12 k=6 q=8 num=54851289 den=202123089 par=0,1,2,3,2,5,2,7,2,9,1,11,12,11,14,11,16,11,11,11,11
PERALPHA n=21 alpha=13 k=7 q=9 num=69473397 den=274564900 par=0,1,2,3,4,3,6,3,8,1,10,11,12,11,14,11,11,11,1,1,1
PERALPHA n=21 alpha=14 k=7 q=9 num=86672359 den=370293049 par=0,1,2,3,3,3,3,3,2,9,9,9,9,1,14,1,16,1,18,1,20
PERALPHA n=21 alpha=15 k=8 q=10 num=127291315 den=584333929 par=0,1,2,3,3,3,3,2,8,8,8,8,1,13,1,15,1,17,1,1,1
PERALPHA n=21 alpha=16 k=9 q=11 num=40258021 den=199120321 par=0,1,2,3,4,4,4,2,8,9,9,9,2,1,14,15,16,16,16,14,14
PERALPHA n=21 alpha=17 k=9 q=11 num=131708448 den=692952976 par=0,1,2,3,3,3,3,2,8,8,8,8,1,13,14,14,14,14,1,1,1
PERALPHA n=21 alpha=18 k=9 q=12 num=471898933 den=2557021489 par=0,1,2,2,2,2,2,2,2,1,10,10,10,10,10,1,1,1,1,1,1
TOPQ n=21 alpha=18 k=12 q=12 num=76154849 den=372219849 par=0,1,2,3,3,3,3,2,2,2,2,2,2,2,2,2,2,1,18,18,18
NEWTON n=21 alpha=16 k=10 q=11 num=1337688506 den=1423282500 par=0,1,2,3,4,4,4,2,8,9,9,9,2,1,14,15,16,16,16,14,14
NEWTONFAIL_DIST n=21 q_minus_k=0 trees=3914
NEWTONFAIL_DIST n=21 q_minus_k=1 trees=1818
NEWTONFAIL_DIST n=21 q_minus_k=2 trees=966
NEWTONFAIL_DIST n=21 q_minus_k=3 trees=517
NEWTONFAIL_DIST n=21 q_minus_k=4 trees=251
NEWTONFAIL_DIST n=21 q_minus_k=5 trees=56
NEWTONFAIL_DIST n=21 q_minus_k=6 trees=30
NEWTONFAIL_DIST n=21 q_minus_k=7 trees=6
VDBIN_FLOAT n=21 bin_lo=0 value=0.713687871492 k=7 alpha=11 q=7 lambda=1.60576001777 V=1.78015488464 delta=0.400913357398 par=0,1,2,3,4,5,6,7,6,9,6,11,1,13,14,15,16,17,18,17,20
VDBIN_FLOAT n=21 bin_lo=2 value=0.720835045003 k=7 alpha=11 q=7 lambda=1.36200823269 V=2.01965602227 delta=0.356909808924 par=0,1,2,3,4,3,6,3,8,1,10,11,12,11,14,1,16,1,18,1,20
VDBIN_FLOAT n=21 bin_lo=4 value=0.817568718716 k=9 alpha=16 q=11 lambda=1.38340348421 V=4.04377914429 delta=0.202179369729 par=0,1,2,3,4,4,4,2,8,9,9,9,2,1,14,15,16,16,16,14,14
STATS n=21 trees=417008 viol5=0 viol4=0 zero5=0 zero4=0 nonunimodal=0 sampled=0 newton_fail_trees=7558
