TOP5 rank=0 n=21 alpha=20 k=10 q=13 num=5924217936 den=34134779536 par=0,1,1,1,1,1,1,1,1,1,1,1,1,1,1,1,1,1,1,1,1 poly=1,21,190,1140,4845,15504,38760,77520,125970,167960,184756,167960,125970,77520,38760,15504,4845,1140,190,20,1
TOP5 rank=1 n=21 alpha=19 k=9 q=13 num=1577229511 den=8773132225 par=0,1,2,2,2,2,2,2,2,2,2,2,2,2,2,1,16,16,16,16,16 poly=1,21,190,1057,4172,12348,28420,52104,77298,93665,93093,75868,50466,27145,11629,3876,969,171,19,1
TOP5 rank=2 n=21 alpha=19 k=9 q=13 num=1577229511 den=8773132225 par=0,1,2,2,2,2,2,2,2,2,2,2,2,2,2,1,1,1,1,1,1 poly=1,21,190,1062,4182,12358,28425,52105,77298,93665,93093,75868,50466,27145,11629,3876,969,171,19,1
TOP5 rank=3 n=21 alpha=19 k=10 q=13 num=1603021277 den=8907584400 par=0,1,2,2,2,2,2,2,2,2,2,2,2,2,2,2,1,17,17,17,17 poly=1,21,190,1066,4244,12630,29134,53391,79014,95381,94380,76583,50752,27223,11642,3877,969,171,19,1
TOP5 rank=4 n=21 alpha=19 k=10 q=13 num=1603021277 den=8907584400 par=0,1,2,2,2,2,2,2,2,2,2,2,2,2,2,2,1,1,1,1,1 poly=1,21,190,1070,4250,12634,29135,53391,79014,95381,94380,76583,50752,27223,11642,3877,969,171,19,1
TOP5 rank=5 n=21 alpha=19 k=9 q=13 num=1553221879 den=8625394129 par=0,1,2,2,2,2,2,2,2,2,2,2,2,2,1,1,1,1,1,1,1 poly=1,21,190,1056,4131,12158,27945,51319,76375,92873,92598,75648,50400,27133,11628,3876,969,171,19,1
TOP5 rank=6 n=21 alpha=19 k=9 q=13 num=1553314477 den=8625394129 par=0,1,2,2,2,2,2,2,2,2,2,2,2,2,1,15,15,15,15,15,15 poly=1,21,190,1050,4116,12138,27930,51313,76374,92873,92598,75648,50400,27133,11628,3876,969,171,19,1
TOP5 rank=7 n=21 alpha=19 k=9 q=13 num=1546878576 den=8564391936 par=0,1,2,2,2,2,2,2,2,2,2,2,2,1,1,1,1,1,1,1,1 poly=1,21,190,1052,4097,12028,27650,50878,75920,92544,92433,75593,50389,27132,11628,3876,969,171,19,1
TOP5 rank=8 n=21 alpha=19 k=9 q=13 num=1547340520 den=8564206849 par=0,1,2,2,2,2,2,2,2,2,2,2,2,1,14,14,14,14,14,14,14 poly=1,21,190,1045,4076,11993,27615,50857,75913,92543,92433,75593,50389,27132,11628,3876,969,171,19,1
TOP5 rank=9 n=21 alpha=19 k=9 q=13 num=1546316542 den=8543674624 par=0,1,2,2,2,2,2,2,2,2,2,2,1,1,1,1,1,1,1,1,1 poly=1,21,190,1050,4080,11964,27510,50682,75738,92432,92389,75583,50388,27132,11628,3876,969,171,19,1
TOP5 rank=10 n=21 alpha=19 k=9 q=13 num=1547500296 den=8542195776 par=0,1,2,2,2,2,2,2,2,2,2,2,1,13,13,13,13,13,13,13,13 poly=1,21,190,1042,4052,11908,27440,50626,75710,92424,92388,75583,50388,27132,11628,3876,969,171,19,1
TOP5 rank=11 n=21 alpha=19 k=10 q=13 num=1718229084 den=9483448689 par=0,1,2,2,2,2,2,2,2,2,2,2,2,2,2,2,2,1,18,18,18 poly=1,21,190,1077,4332,12993,30135,55393,82017,98813,97383,78585,51753,27587,11733,3891,970,171,19,1
TOP4 rank=0 n=21 alpha=20 k=10 q=13 num=5924217936 den=34134779536 par=0,1,1,1,1,1,1,1,1,1,1,1,1,1,1,1,1,1,1,1,1 poly=1,21,190,1140,4845,15504,38760,77520,125970,167960,184756,167960,125970,77520,38760,15504,4845,1140,190,20,1
TOP4 rank=1 n=21 alpha=19 k=9 q=13 num=1577229511 den=8773132225 par=0,1,2,2,2,2,2,2,2,2,2,2,2,2,2,1,16,16,16,16,16 poly=1,21,190,1057,4172,12348,28420,52104,77298,93665,93093,75868,50466,27145,11629,3876,969,171,19,1
TOP4 rank=2 n=21 alpha=19 k=9 q=13 num=1577229511 den=8773132225 par=0,1,2,2,2,2,2,2,2,2,2,2,2,2,2,1,1,1,1,1,1 poly=1,21,190,1062,4182,12358,28425,52105,77298,93665,93093,75868,50466,27145,11629,3876,969,171,19,1
TOP4 rank=3 n=21 alpha=19 k=10 q=13 num=1603021277 den=8907584400 par=0,1,2,2,2,2,2,2,2,2,2,2,2,2,2,2,1,17,17,17,17 poly=1,21,190,1066,4244,12630,29134,53391,79014,95381,94380,76583,50752,27223,11642,3877,969,171,19,1
TOP4 rank=4 n=21 alpha=19 k=10 q=13 num=1603021277 den=8907584400 par=0,1,2,2,2,2,2,2,2,2,2,2,2,2,2,2,1,1,1,1,1 poly=1,21,190,1070,4250,12634,29135,53391,79014,95381,94380,76583,50752,27223,11642,3877,969,171,19,1
TOP4 rank=5 n=21 alpha=19 k=9 q=13 num=1553221879 den=8625394129 par=0,1,2,2,2,2,2,2,2,2,2,2,2,2,1,1,1,1,1,1,1 poly=1,21,190,1056,4131,12158,27945,51319,76375,92873,92598,75648,50400,27133,11628,3876,969,171,19,1
TOP4 rank=6 n=21 alpha=19 k=9 q=13 num=1553314477 den=8625394129 par=0,1,2,2,2,2,2,2,2,2,2,2,2,2,1,15,15,15,15,15,15 poly=1,21,190,1050,4116,12138,27930,51313,76374,92873,92598,75648,50400,27133,11628,3876,969,171,19,1
TOP4 rank=7 n=21 alpha=19 k=9 q=13 num=1546878576 den=8564391936 par=0,1,2,2,2,2,2,2,2,2,2,2,2,1,1,1,1,1,1,1,1 poly=1,21,190,1052,4097,12028,27650,50878,75920,92544,92433,75593,50389,27132,11628,3876,969,171,19,1
TOP4 rank=8 n=21 alpha=19 k=9 q=13 num=1547340520 den=8564206849 par=0,1,2,2,2,2,2,2,2,2,2,2,2,1,14,14,14,14,14,14,14 poly=1,21,190,1045,4076,11993,27615,50857,75913,92543,92433,75593,50389,27132,11628,3876,969,171,19,1
TOP4 rank=9 n=21 alpha=19 k=9 q=13 num=1546316542 den=8543674624 par=0,1,2,2,2,2,2,2,2,2,2,2,1,1,1,1,1,1,1,1,1 poly=1,21,190,1050,4080,11964,27510,50682,75738,92432,92389,75583,50388,27132,11628,3876,969,171,19,1
TOP4 rank=10 n=21 alpha=19 k=9 q=13 num=1547500296 den=8542195776 par=0,1,2,2,2,2,2,2,2,2,2,2,1,13,13,13,13,13,13,13,13 poly=1,21,190,1042,4052,11908,27440,50626,75710,92424,92388,75583,50388,27132,11628,3876,969,171,19,1
TOP4 rank=11 n=21 alpha=19 k=10 q=13 num=1718229084 den=9483448689 par=0,1,2,2,2,2,2,2,2,2,2,2,2,2,2,2,2,1,18,18,18 poly=1,21,190,1077,4332,12993,30135,55393,82017,98813,97383,78585,51753,27587,11733,3891,970,171,19,1
VDMIN_FLOAT n=21 value=0.713890613225 k=7 alpha=11 q=7 lambda=1.52012522858 V=1.83376760861 delta=0.38930266293 par=0,1,2,3,4,5,6,5,8,5,10,5,12,1,14,15,16,17,18,17,20 poly=1,21,190,976,3154,6695,9421,8606,4801,1424,156,1
PERK n=21 alpha=19 k=5 q=13 num=30896496 den=143137296 par=0,1,2,2,2,2,2,2,2,2,2,2,1,1,1,1,1,1,1,1,1
PERK n=21 alpha=19 k=6 q=13 num=150440652 den=756800100 par=0,1,2,2,2,2,2,2,2,2,2,2,1,1,1,1,1,1,1,1,1
PERK n=21 alpha=20 k=7 q=13 num=1126753200 den=6009350400 par=0,1,1,1,1,1,1,1,1,1,1,1,1,1,1,1,1,1,1,1,1
PERK n=21 alpha=20 k=8 q=13 num=2848181700 den=15868440900 par=0,1,1,1,1,1,1,1,1,1,1,1,1,1,1,1,1,1,1,1,1
PERK n=21 alpha=20 k=9 q=13 num=4936848280 den=28210561600 par=0,1,1,1,1,1,1,1,1,1,1,1,1,1,1,1,1,1,1,1,1
PERK n=21 alpha=20 k=10 q=13 num=5924217936 den=34134779536 par=0,1,1,1,1,1,1,1,1,1,1,1,1,1,1,1,1,1,1,1,1
PERK n=21 alpha=20 k=11 q=13 num=4936848280 den=28210561600 par=0,1,1,1,1,1,1,1,1,1,1,1,1,1,1,1,1,1,1,1,1
PERK n=21 alpha=20 k=12 q=13 num=2848181700 den=15868440900 par=0,1,1,1,1,1,1,1,1,1,1,1,1,1,1,1,1,1,1,1,1
PERK n=21 alpha=20 k=13 q=13 num=1126753200 den=6009350400 par=0,1,1,1,1,1,1,1,1,1,1,1,1,1,1,1,1,1,1,1,1
PERALPHA n=21 alpha=11 k=6 q=7 num=46486752 den=158457744 par=0,1,2,3,2,5,2,7,2,9,2,2,1,13,14,13,16,13,18,13,20
PERALPHA n=21 alpha=12 k=6 q=8 num=55510641 den=203918400 par=0,1,2,3,2,5,2,7,2,2,2,2,1,13,14,13,16,13,18,13,1
PERALPHA n=21 alpha=13 k=7 q=9 num=111208353 den=441210025 par=0,1,2,2,2,2,2,2,1,9,1,11,1,13,1,15,1,17,1,19,1
PERALPHA n=21 alpha=14 k=7 q=9 num=140637054 den=597949209 par=0,1,2,3,2,5,2,7,2,9,2,2,2,1,14,15,14,14,14,14,14
PERALPHA n=21 alpha=15 k=8 q=10 num=57691023 den=264062500 par=0,1,2,3,4,5,5,5,3,9,10,10,10,3,3,1,16,17,18,1,1
PERALPHA n=21 alpha=16 k=9 q=11 num=40607026 den=201583204 par=0,1,2,3,3,3,2,7,7,7,2,11,11,11,1,15,16,16,16,1,1
PERALPHA n=21 alpha=17 k=9 q=11 num=131536480 den=693690244 par=0,1,2,2,2,2,1,7,7,7,7,1,12,12,12,12,1,17,17,17,17
PERALPHA n=21 alpha=18 k=9 q=12 num=455624784 den=2465718336 par=0,1,2,3,3,3,3,3,3,3,1,11,12,12,12,12,12,1,1,1,1
PERALPHA n=21 alpha=19 k=9 q=13 num=1577229511 den=8773132225 par=0,1,2,2,2,2,2,2,2,2,2,2,2,2,2,1,16,16,16,16,16
PERALPHA n=21 alpha=20 k=10 q=13 num=5924217936 den=34134779536 par=0,1,1,1,1,1,1,1,1,1,1,1,1,1,1,1,1,1,1,1,1
TOPQ n=21 alpha=20 k=13 q=13 num=1126753200 den=6009350400 par=0,1,1,1,1,1,1,1,1,1,1,1,1,1,1,1,1,1,1,1,1
NEWTON n=21 alpha=16 k=10 q=11 num=1336772822 den=1430758692 par=0,1,2,3,3,3,2,7,7,7,2,11,11,11,1,15,16,16,16,1,1
NEWTONFAIL_DIST n=21 q_minus_k=0 trees=4176
NEWTONFAIL_DIST n=21 q_minus_k=1 trees=1771
NEWTONFAIL_DIST n=21 q_minus_k=2 trees=712
NEWTONFAIL_DIST n=21 q_minus_k=3 trees=337
NEWTONFAIL_DIST n=21 q_minus_k=4 trees=142
NEWTONFAIL_DIST n=21 q_minus_k=5 trees=41
NEWTONFAIL_DIST n=21 q_minus_k=6 trees=16
NEWTONFAIL_DIST n=21 q_minus_k=7 trees=16
NEWTONFAIL_DIST n=21 q_minus_k=8 trees=7
VDBIN_FLOAT n=21 bin_lo=0 value=0.713890613225 k=7 alpha=11 q=7 lambda=1.52012522858 V=1.83376760861 delta=0.38930266293 par=0,1,2,3,4,5,6,5,8,5,10,5,12,1,14,15,16,17,18,17,20
VDBIN_FLOAT n=21 bin_lo=2 value=0.721018155842 k=7 alpha=11 q=7 lambda=1.34282041191 V=2.02626667235 delta=0.355835767168 par=0,1,2,3,4,3,6,1,8,9,10,9,12,1,14,1,16,1,18,1,20
VDBIN_FLOAT n=21 bin_lo=4 value=0.814544991313 k=9 alpha=16 q=11 lambda=1.38686572041 V=4.0436004634 delta=0.201440522793 par=0,1,2,3,3,3,2,7,7,7,2,11,11,11,1,15,16,16,16,1,1
STATS n=21 trees=428505 viol5=0 viol4=0 zero5=0 zero4=0 nonunimodal=0 sampled=0 newton_fail_trees=7218
