TOP5 rank=0 n=21 alpha=19 k=9 q=13 num=1548104296 den=8537020816 par=0,1,2,2,2,2,2,2,2,2,2,1,12,12,12,12,12,12,12,12,12 poly=1,21,190,1041,4044,11880,27384,50556,75654,92396,92380,75582,50388,27132,11628,3876,969,171,19,1
TOP5 rank=1 n=21 alpha=18 k=9 q=12 num=456339103 den=2477550625 par=0,1,2,3,3,3,3,3,3,2,2,2,2,2,2,1,16,16,16,16,16 poly=1,21,190,1015,3695,9928,20640,34146,45674,49775,44253,31967,18589,8570,3060,816,153,18,1
TOP5 rank=2 n=21 alpha=18 k=9 q=12 num=456383356 den=2477550625 par=0,1,2,3,3,3,3,3,3,2,2,2,2,2,1,15,15,15,15,15,15 poly=1,21,190,1014,3690,9918,20630,34141,45673,49775,44253,31967,18589,8570,3060,816,153,18,1
TOP5 rank=3 n=21 alpha=18 k=9 q=12 num=451501369 den=2444808025 par=0,1,2,3,3,3,3,3,3,1,10,11,11,11,11,11,11,1,1,1,1 poly=1,21,190,1009,3646,9767,20311,33684,45212,49445,44088,31912,18578,8569,3060,816,153,18,1
TOP5 rank=4 n=21 alpha=18 k=9 q=12 num=451545457 den=2444808025 par=0,1,2,3,3,3,3,3,3,1,10,11,11,11,11,11,1,1,1,1,1 poly=1,21,190,1009,3645,9763,20305,33680,45211,49445,44088,31912,18578,8569,3060,816,153,18,1
TOP5 rank=5 n=21 alpha=18 k=9 q=12 num=471049722 den=2545000704 par=0,1,2,3,3,3,3,3,3,2,2,2,2,2,2,2,1,17,17,17,17 poly=1,21,190,1018,3722,10043,20945,34701,46394,50448,44703,32177,18654,8582,3061,816,153,18,1
TOP5 rank=6 n=21 alpha=18 k=9 q=12 num=471261748 den=2544899809 par=0,1,2,3,3,3,3,3,3,3,1,11,11,11,11,11,11,1,1,1,1 poly=1,21,190,1015,3707,10012,20911,34680,46387,50447,44703,32177,18654,8582,3061,816,153,18,1
TOP5 rank=7 n=21 alpha=18 k=9 q=12 num=471306451 den=2544899809 par=0,1,2,3,3,3,3,3,3,3,1,11,11,11,11,11,1,1,1,1,1 poly=1,21,190,1015,3706,10008,20905,34676,46386,50447,44703,32177,18654,8582,3061,816,153,18,1
TOP5 rank=8 n=21 alpha=18 k=9 q=12 num=486624747 den=2626255009 par=0,1,2,2,2,2,2,1,8,8,8,8,8,1,1,1,1,1,1,1,1 poly=1,21,190,1025,3780,10264,21460,35522,47338,51247,45199,32397,18720,8594,3062,816,153,18,1
TOP5 rank=9 n=21 alpha=18 k=9 q=12 num=466261501 den=2511713689 par=0,1,2,3,3,3,3,3,3,1,10,11,11,11,11,1,1,1,1,1,1 poly=1,21,190,1011,3667,9867,20596,34224,45926,50117,44538,32122,18643,8581,3061,816,153,18,1
TOP5 rank=10 n=21 alpha=18 k=9 q=12 num=487610807 den=2624615361 par=0,1,2,2,2,2,2,2,2,2,2,1,12,12,12,12,1,17,17,17,17 poly=1,21,190,1018,3736,10160,21322,35410,47282,51231,45197,32397,18720,8594,3062,816,153,18,1
TOP5 rank=11 n=21 alpha=18 k=9 q=12 num=508761071 den=2718058225 par=0,1,2,3,3,3,3,3,3,2,2,2,2,2,2,2,2,1,18,18,18 poly=1,21,190,1023,3771,10266,21569,35897,48047,52135,45982,32891,18940,8660,3074,817,153,18,1
TOP4 rank=0 n=21 alpha=19 k=9 q=13 num=1548104296 den=8537020816 par=0,1,2,2,2,2,2,2,2,2,2,1,12,12,12,12,12,12,12,12,12 poly=1,21,190,1041,4044,11880,27384,50556,75654,92396,92380,75582,50388,27132,11628,3876,969,171,19,1
TOP4 rank=1 n=21 alpha=18 k=9 q=12 num=456339103 den=2477550625 par=0,1,2,3,3,3,3,3,3,2,2,2,2,2,2,1,16,16,16,16,16 poly=1,21,190,1015,3695,9928,20640,34146,45674,49775,44253,31967,18589,8570,3060,816,153,18,1
TOP4 rank=2 n=21 alpha=18 k=9 q=12 num=456383356 den=2477550625 par=0,1,2,3,3,3,3,3,3,2,2,2,2,2,1,15,15,15,15,15,15 poly=1,21,190,1014,3690,9918,20630,34141,45673,49775,44253,31967,18589,8570,3060,816,153,18,1
TOP4 rank=3 n=21 alpha=18 k=9 q=12 num=451501369 den=2444808025 par=0,1,2,3,3,3,3,3,3,1,10,11,11,11,11,11,11,1,1,1,1 poly=1,21,190,1009,3646,9767,20311,33684,45212,49445,44088,31912,18578,8569,3060,816,153,18,1
TOP4 rank=4 n=21 alpha=18 k=9 q=12 num=451545457 den=2444808025 par=0,1,2,3,3,3,3,3,3,1,10,11,11,11,11,11,1,1,1,1,1 poly=1,21,190,1009,3645,9763,20305,33680,45211,49445,44088,31912,18578,8569,3060,816,153,18,1
TOP4 rank=5 n=21 alpha=18 k=9 q=12 num=471049722 den=2545000704 par=0,1,2,3,3,3,3,3,3,2,2,2,2,2,2,2,1,17,17,17,17 poly=1,21,190,1018,3722,10043,20945,34701,46394,50448,44703,32177,18654,8582,3061,816,153,18,1
TOP4 rank=6 n=21 alpha=18 k=9 q=12 num=471261748 den=2544899809 par=0,1,2,3,3,3,3,3,3,3,1,11,11,11,11,11,11,1,1,1,1 poly=1,21,190,1015,3707,10012,20911,34680,46387,50447,44703,32177,18654,8582,3061,816,153,18,1
TOP4 rank=7 n=21 alpha=18 k=9 q=12 num=471306451 den=2544899809 par=0,1,2,3,3,3,3,3,3,3,1,11,11,11,11,11,1,1,1,1,1 poly=1,21,190,1015,3706,10008,20905,34676,46386,50447,44703,32177,18654,8582,3061,816,153,18,1
TOP4 rank=8 n=21 alpha=18 k=9 q=12 num=486624747 den=2626255009 par=0,1,2,2,2,2,2,1,8,8,8,8,8,1,1,1,1,1,1,1,1 poly=1,21,190,1025,3780,10264,21460,35522,47338,51247,45199,32397,18720,8594,3062,816,153,18,1
TOP4 rank=9 n=21 alpha=18 k=9 q=12 num=466261501 den=2511713689 par=0,1,2,3,3,3,3,3,3,1,10,11,11,11,11,1,1,1,1,1,1 poly=1,21,190,1011,3667,9867,20596,34224,45926,50117,44538,32122,18643,8581,3061,816,153,18,1
TOP4 rank=10 n=21 alpha=18 k=9 q=12 num=487610807 den=2624615361 par=0,1,2,2,2,2,2,2,2,2,2,1,12,12,12,12,1,17,17,17,17 poly=1,21,190,1018,3736,10160,21322,35410,47282,51231,45197,32397,18720,8594,3062,816,153,18,1
TOP4 rank=11 n=21 alpha=18 k=9 q=12 num=508761071 den=2718058225 par=0,1,2,3,3,3,3,3,3,2,2,2,2,2,2,2,2,1,18,18,18 poly=1,21,190,1023,3771,10266,21569,35897,48047,52135,45982,32891,18940,8660,3074,817,153,18,1
VDMIN_FLOAT n=21 value=0.712680386138 k=7 alpha=11 q=7 lambda=1.50584138359 V=1.8417137278 delta=0.386965886923 par=0,1,2,3,4,5,4,7,4,9,1,11,12,13,14,13,16,13,18,1,20 poly=1,21,190,976,3156,6715,9499,8757,4949,1487,162,2
PERK n=21 alpha=19 k=5 q=13 num=30393504 den=141134400 par=0,1,2,2,2,2,2,2,2,2,2,1,12,12,12,12,12,12,12,12,12
PERK n=21 alpha=19 k=6 q=13 num=149278176 den=749883456 par=0,1,2,2,2,2,2,2,2,2,2,1,12,12,12,12,12,12,12,12,12
PERK n=21 alpha=19 k=7 q=13 num=484200000 den=2555909136 par=0,1,2,2,2,2,2,2,2,2,2,1,12,12,12,12,12,12,12,12,12
PERK n=21 alpha=19 k=8 q=13 num=1052355540 den=5723527716 par=0,1,2,2,2,2,2,2,2,2,2,1,12,12,12,12,12,12,12,12,12
PERK n=21 alpha=19 k=9 q=13 num=1548104296 den=8537020816 par=0,1,2,2,2,2,2,2,2,2,2,1,12,12,12,12,12,12,12,12,12
PERK n=21 alpha=19 k=10 q=13 num=1550589928 den=8534064400 par=0,1,2,2,2,2,2,2,2,2,2,1,12,12,12,12,12,12,12,12,12
PERK n=21 alpha=19 k=11 q=13 num=1057795284 den=5712638724 par=0,1,2,2,2,2,2,2,2,2,2,1,12,12,12,12,12,12,12,12,12
PERK n=21 alpha=19 k=12 q=13 num=488259720 den=2538950544 par=0,1,2,2,2,2,2,2,2,2,2,1,12,12,12,12,12,12,12,12,12
PERK n=21 alpha=19 k=13 q=13 num=150233760 den=736145424 par=0,1,2,2,2,2,2,2,2,2,2,1,12,12,12,12,12,12,12,12,12
PERALPHA n=21 alpha=11 k=5 q=7 num=22626828 den=78535044 par=0,1,2,1,4,1,6,1,8,1,10,1,12,1,14,1,16,1,18,1,1
PERALPHA n=21 alpha=12 k=6 q=8 num=84263000 den=311169600 par=0,1,2,1,4,1,6,1,8,1,10,1,12,1,14,1,16,1,1,1,1
PERALPHA n=21 alpha=13 k=7 q=9 num=65322124 den=258630724 par=0,1,2,3,4,3,6,3,8,3,10,1,12,13,14,13,13,13,1,1,1
PERALPHA n=21 alpha=14 k=7 q=9 num=92618264 den=393863716 par=0,1,2,3,4,5,4,7,4,1,10,11,12,11,11,11,11,1,1,1,1
PERALPHA n=21 alpha=15 k=8 q=10 num=85769929 den=394936129 par=0,1,2,3,4,5,5,5,5,3,3,3,1,13,14,15,14,17,1,1,1
PERALPHA n=21 alpha=16 k=9 q=11 num=40980685 den=204061225 par=0,1,2,2,2,1,6,6,6,1,10,10,10,1,14,14,14,1,18,18,18
PERALPHA n=21 alpha=17 k=9 q=11 num=137807602 den=720492964 par=0,1,2,2,2,2,2,1,8,8,8,8,1,13,13,13,13,1,18,18,18
PERALPHA n=21 alpha=18 k=9 q=12 num=456339103 den=2477550625 par=0,1,2,3,3,3,3,3,3,2,2,2,2,2,2,1,16,16,16,16,16
PERALPHA n=21 alpha=19 k=9 q=13 num=1548104296 den=8537020816 par=0,1,2,2,2,2,2,2,2,2,2,1,12,12,12,12,12,12,12,12,12
TOPQ n=21 alpha=19 k=13 q=13 num=150233760 den=736145424 par=0,1,2,2,2,2,2,2,2,2,2,1,12,12,12,12,12,12,12,12,12
NEWTON n=21 alpha=16 k=10 q=11 num=1335905648 den=1438254468 par=0,1,2,2,2,1,6,6,6,1,10,10,10,1,14,14,14,1,18,18,18
NEWTONFAIL_DIST n=21 q_minus_k=0 trees=3888
NEWTONFAIL_DIST n=21 q_minus_k=1 trees=1600
NEWTONFAIL_DIST n=21 q_minus_k=2 trees=688
NEWTONFAIL_DIST n=21 q_minus_k=3 trees=296
NEWTONFAIL_DIST n=21 q_minus_k=4 trees=156
NEWTONFAIL_DIST n=21 q_minus_k=5 trees=75
NEWTONFAIL_DIST n=21 q_minus_k=6 trees=21
NEWTONFAIL_DIST n=21 q_minus_k=7 trees=13
NEWTONFAIL_DIST n=21 q_minus_k=8 trees=1
VDBIN_FLOAT n=21 bin_lo=0 value=0.712680386138 k=7 alpha=11 q=7 lambda=1.50584138359 V=1.8417137278 delta=0.386965886923 par=0,1,2,3,4,5,4,7,4,9,1,11,12,13,14,13,16,13,18,1,20
VDBIN_FLOAT n=21 bin_lo=2 value=0.72071575377 k=7 alpha=11 q=7 lambda=1.33419846162 V=2.03426806764 delta=0.354287502829 par=0,1,2,3,4,3,6,3,8,3,10,1,12,13,14,1,16,1,18,1,20
VDBIN_FLOAT n=21 bin_lo=4 value=0.811869962144 k=9 alpha=16 q=11 lambda=1.3901222997 V=4.0426649534 delta=0.200825438542 par=0,1,2,2,2,1,6,6,6,1,10,10,10,1,14,14,14,1,18,18,18
STATS n=21 trees=448831 viol5=0 viol4=0 zero5=0 zero4=0 nonunimodal=0 sampled=0 newton_fail_trees=6738
