TOP5 rank=0 n=22 alpha=20 k=10 q=13 num=5919044835 den=34138844289 par=0,1,2,2,2,2,2,2,2,2,2,2,1,13,13,13,13,13,13,13,13,13 poly=1,22,210,1221,5049,15840,39138,77814,126126,168014,184767,167961,125970,77520,38760,15504,4845,1140,190,20,1
TOP5 rank=1 n=22 alpha=19 k=9 q=13 num=1598592217 den=9048765625 par=0,1,2,3,3,3,3,3,3,3,3,2,2,2,2,2,1,17,17,17,17,17 poly=1,22,210,1193,4651,13454,30243,54339,79372,95125,93864,76165,50545,27158,11630,3876,969,171,19,1
TOP5 rank=2 n=22 alpha=19 k=9 q=13 num=1599683954 den=9047243689 par=0,1,2,3,3,3,3,3,3,3,1,11,11,11,11,11,11,1,1,1,1,1 poly=1,22,210,1191,4638,13418,30188,54289,79345,95117,93863,76165,50545,27158,11630,3876,969,171,19,1
TOP5 rank=3 n=22 alpha=19 k=9 q=13 num=1637312161 den=9225410401 par=0,1,2,3,3,3,3,3,3,3,3,2,2,2,2,2,2,1,18,18,18,18 poly=1,22,210,1195,4668,13530,30473,54839,80165,96049,94656,76660,50765,27224,11642,3877,969,171,19,1
TOP5 rank=4 n=22 alpha=19 k=9 q=13 num=1637406817 den=9225410401 par=0,1,2,3,3,3,3,3,3,3,3,2,2,2,2,1,16,16,16,16,16,16 poly=1,22,210,1193,4659,13514,30459,54833,80164,96049,94656,76660,50765,27224,11642,3877,969,171,19,1
TOP5 rank=5 n=22 alpha=19 k=9 q=13 num=1638505946 den=9223873681 par=0,1,2,3,3,3,3,3,3,3,1,11,11,11,11,11,1,1,1,1,1,1 poly=1,22,210,1192,4650,13484,30408,54784,80137,96041,94655,76660,50765,27224,11642,3877,969,171,19,1
TOP5 rank=6 n=22 alpha=19 k=10 q=13 num=1654341462 den=9298359184 par=0,1,2,3,3,3,3,3,3,3,3,3,3,2,2,2,2,1,18,18,18,18 poly=1,22,210,1201,4739,13880,31473,56730,82692,98513,96428,77594,51117,27314,11656,3878,969,171,19,1
TOP5 rank=7 n=22 alpha=19 k=10 q=13 num=1653647311 den=9293152801 par=0,1,2,2,2,2,2,1,8,8,8,8,8,1,1,1,1,1,1,1,1,1 poly=1,22,210,1205,4760,13924,31514,56730,82650,98465,96401,77586,51116,27314,11656,3878,969,171,19,1
TOP5 rank=8 n=22 alpha=19 k=10 q=13 num=1654769359 den=9298166329 par=0,1,2,3,3,3,3,3,3,3,3,3,3,1,14,15,15,15,15,1,1,1 poly=1,22,210,1197,4714,13825,31403,56674,82664,98505,96427,77594,51117,27314,11656,3878,969,171,19,1
TOP5 rank=9 n=22 alpha=19 k=10 q=13 num=1654769359 den=9298166329 par=0,1,2,2,2,2,2,2,2,2,2,2,1,13,13,13,13,1,18,18,18,18 poly=1,22,210,1198,4717,13828,31404,56674,82664,98505,96427,77594,51117,27314,11656,3878,969,171,19,1
TOP5 rank=10 n=22 alpha=19 k=10 q=13 num=1775113273 den=9910202500 par=0,1,2,3,3,3,3,3,3,3,3,3,3,3,2,2,2,2,1,19,19,19 poly=1,22,210,1208,4812,14233,32524,58886,85919,102147,99550,79641,52128,27679,11747,3892,970,171,19,1
TOP5 rank=11 n=22 alpha=19 k=10 q=13 num=1775113273 den=9910202500 par=0,1,2,3,3,3,3,3,3,3,3,3,3,3,2,2,2,1,18,18,18,18 poly=1,22,210,1207,4809,14230,32523,58886,85919,102147,99550,79641,52128,27679,11747,3892,970,171,19,1
TOP4 rank=0 n=22 alpha=20 k=10 q=13 num=5919044835 den=34138844289 par=0,1,2,2,2,2,2,2,2,2,2,2,1,13,13,13,13,13,13,13,13,13 poly=1,22,210,1221,5049,15840,39138,77814,126126,168014,184767,167961,125970,77520,38760,15504,4845,1140,190,20,1
TOP4 rank=1 n=22 alpha=19 k=9 q=13 num=1598592217 den=9048765625 par=0,1,2,3,3,3,3,3,3,3,3,2,2,2,2,2,1,17,17,17,17,17 poly=1,22,210,1193,4651,13454,30243,54339,79372,95125,93864,76165,50545,27158,11630,3876,969,171,19,1
TOP4 rank=2 n=22 alpha=19 k=9 q=13 num=1599683954 den=9047243689 par=0,1,2,3,3,3,3,3,3,3,1,11,11,11,11,11,11,1,1,1,1,1 poly=1,22,210,1191,4638,13418,30188,54289,79345,95117,93863,76165,50545,27158,11630,3876,969,171,19,1
TOP4 rank=3 n=22 alpha=19 k=9 q=13 num=1637312161 den=9225410401 par=0,1,2,3,3,3,3,3,3,3,3,2,2,2,2,2,2,1,18,18,18,18 poly=1,22,210,1195,4668,13530,30473,54839,80165,96049,94656,76660,50765,27224,11642,3877,969,171,19,1
TOP4 rank=4 n=22 alpha=19 k=9 q=13 num=1637406817 den=9225410401 par=0,1,2,3,3,3,3,3,3,3,3,2,2,2,2,1,16,16,16,16,16,16 poly=1,22,210,1193,4659,13514,30459,54833,80164,96049,94656,76660,50765,27224,11642,3877,969,171,19,1
TOP4 rank=5 n=22 alpha=19 k=9 q=13 num=1638505946 den=9223873681 par=0,1,2,3,3,3,3,3,3,3,1,11,11,11,11,11,1,1,1,1,1,1 poly=1,22,210,1192,4650,13484,30408,54784,80137,96041,94655,76660,50765,27224,11642,3877,969,171,19,1
TOP4 rank=6 n=22 alpha=19 k=10 q=13 num=1654341462 den=9298359184 par=0,1,2,3,3,3,3,3,3,3,3,3,3,2,2,2,2,1,18,18,18,18 poly=1,22,210,1201,4739,13880,31473,56730,82692,98513,96428,77594,51117,27314,11656,3878,969,171,19,1
TOP4 rank=7 n=22 alpha=19 k=10 q=13 num=1653647311 den=9293152801 par=0,1,2,2,2,2,2,1,8,8,8,8,8,1,1,1,1,1,1,1,1,1 poly=1,22,210,1205,4760,13924,31514,56730,82650,98465,96401,77586,51116,27314,11656,3878,969,171,19,1
TOP4 rank=8 n=22 alpha=19 k=10 q=13 num=1654769359 den=9298166329 par=0,1,2,3,3,3,3,3,3,3,3,3,3,1,14,15,15,15,15,1,1,1 poly=1,22,210,1197,4714,13825,31403,56674,82664,98505,96427,77594,51117,27314,11656,3878,969,171,19,1
TOP4 rank=9 n=22 alpha=19 k=10 q=13 num=1654769359 den=9298166329 par=0,1,2,2,2,2,2,2,2,2,2,2,1,13,13,13,13,1,18,18,18,18 poly=1,22,210,1198,4717,13828,31404,56674,82664,98505,96427,77594,51117,27314,11656,3878,969,171,19,1
TOP4 rank=10 n=22 alpha=19 k=10 q=13 num=1775113273 den=9910202500 par=0,1,2,3,3,3,3,3,3,3,3,3,3,3,2,2,2,2,1,19,19,19 poly=1,22,210,1208,4812,14233,32524,58886,85919,102147,99550,79641,52128,27679,11747,3892,970,171,19,1
TOP4 rank=11 n=22 alpha=19 k=10 q=13 num=1775113273 den=9910202500 par=0,1,2,3,3,3,3,3,3,3,3,3,3,3,2,2,2,1,18,18,18,18 poly=1,22,210,1207,4809,14230,32523,58886,85919,102147,99550,79641,52128,27679,11747,3892,970,171,19,1
VDMIN_FLOAT n=22 value=0.693140649208 k=8 alpha=12 q=8 lambda=1.88290636325 V=1.76846719568 delta=0.391944306856 par=0,1,2,3,2,5,2,7,2,9,2,11,2,13,1,15,16,15,18,15,20,1 poly=1,22,210,1159,4134,10026,16833,19417,14833,6890,1585,82,1
PERK n=22 alpha=20 k=5 q=13 num=53297838 den=250905600 par=0,1,2,2,2,2,2,2,2,2,2,2,1,13,13,13,13,13,13,13,13,13
PERK n=22 alpha=20 k=6 q=13 num=299209284 den=1531783044 par=0,1,2,2,2,2,2,2,2,2,2,2,1,13,13,13,13,13,13,13,13,13
PERK n=22 alpha=20 k=7 q=13 num=1118699208 den=6055018596 par=0,1,2,2,2,2,2,2,2,2,2,2,1,13,13,13,13,13,13,13,13,13
PERK n=22 alpha=20 k=8 q=13 num=2833926480 den=15907767876 par=0,1,2,2,2,2,2,2,2,2,2,2,1,13,13,13,13,13,13,13,13,13
PERK n=22 alpha=20 k=9 q=13 num=4924781554 den=28228704196 par=0,1,2,2,2,2,2,2,2,2,2,2,1,13,13,13,13,13,13,13,13,13
PERK n=22 alpha=20 k=10 q=13 num=5919044835 den=34138844289 par=0,1,2,2,2,2,2,2,2,2,2,2,1,13,13,13,13,13,13,13,13,13
PERK n=22 alpha=20 k=11 q=13 num=4935798531 den=28210897521 par=0,1,2,2,2,2,2,2,2,2,2,2,1,13,13,13,13,13,13,13,13,13
PERK n=22 alpha=20 k=12 q=13 num=2848104180 den=15868440900 par=0,1,2,2,2,2,2,2,2,2,2,2,1,13,13,13,13,13,13,13,13,13
PERK n=22 alpha=20 k=13 q=13 num=1126753200 den=6009350400 par=0,1,2,2,2,2,2,2,2,2,2,2,1,13,13,13,13,13,13,13,13,13
PERALPHA n=22 alpha=11 k=5 q=7 num=35957180 den=123876900 par=0,1,2,3,2,5,2,7,2,9,2,11,2,13,2,15,2,17,2,1,20,21
PERALPHA n=22 alpha=12 k=6 q=8 num=140087767 den=514699969 par=0,1,2,3,2,5,2,7,2,9,2,11,2,13,2,15,2,2,2,1,20,21
PERALPHA n=22 alpha=13 k=7 q=9 num=234669891 den=928847529 par=0,1,2,3,2,5,2,7,2,9,2,11,2,13,1,15,16,15,15,15,15,15
PERALPHA n=22 alpha=14 k=7 q=9 num=295707702 den=1254434724 par=0,1,2,3,3,3,3,3,3,1,10,1,12,1,14,1,16,1,18,1,20,1
PERALPHA n=22 alpha=15 k=8 q=10 num=296347883 den=1348725625 par=0,1,2,3,3,3,3,2,8,8,8,8,1,13,1,15,1,17,1,19,1,1
PERALPHA n=22 alpha=16 k=9 q=11 num=109659421 den=533887236 par=0,1,2,3,4,4,4,3,8,8,8,3,12,12,12,2,2,1,18,19,18,18
PERALPHA n=22 alpha=17 k=9 q=11 num=177224889 den=922640625 par=0,1,2,3,4,4,4,2,8,9,9,9,2,2,1,15,16,17,17,17,15,15
PERALPHA n=22 alpha=18 k=9 q=12 num=511194309 den=2820459664 par=0,1,2,2,2,2,2,1,8,8,8,8,1,13,13,13,13,1,18,18,18,18
PERALPHA n=22 alpha=19 k=9 q=13 num=1598592217 den=9048765625 par=0,1,2,3,3,3,3,3,3,3,3,2,2,2,2,2,1,17,17,17,17,17
PERALPHA n=22 alpha=20 k=10 q=13 num=5919044835 den=34138844289 par=0,1,2,2,2,2,2,2,2,2,2,2,1,13,13,13,13,13,13,13,13,13
TOPQ n=22 alpha=20 k=13 q=13 num=1126753200 den=6009350400 par=0,1,2,2,2,2,2,2,2,2,2,2,1,13,13,13,13,13,13,13,13,13
NEWTON n=22 alpha=16 k=11 q=11 num=517868640 den=552330000 par=0,1,2,2,2,1,6,6,6,1,10,10,10,1,14,14,1,17,17,1,20,20
NEWTONFAIL_DIST n=22 q_minus_k=0 trees=9471
NEWTONFAIL_DIST n=22 q_minus_k=1 trees=4460
NEWTONFAIL_DIST n=22 q_minus_k=2 trees=2021
NEWTONFAIL_DIST n=22 q_minus_k=3 trees=748
NEWTONFAIL_DIST n=22 q_minus_k=4 trees=164
NEWTONFAIL_DIST n=22 q_minus_k=5 trees=68
NEWTONFAIL_DIST n=22 q_minus_k=6 trees=51
NEWTONFAIL_DIST n=22 q_minus_k=7 trees=21
NEWTONFAIL_DIST n=22 q_minus_k=8 trees=22
VDBIN_FLOAT n=22 bin_lo=0 value=0.693140649208 k=8 alpha=12 q=8 lambda=1.88290636325 V=1.76846719568 delta=0.391944306856 par=0,1,2,3,2,5,2,7,2,9,2,11,2,13,1,15,16,15,18,15,20,1
VDBIN_FLOAT n=22 bin_lo=2 value=0.725914902185 k=8 alpha=12 q=8 lambda=1.86103279868 V=2.04307808081 delta=0.355304532412 par=0,1,2,3,4,4,1,7,8,9,8,11,1,13,14,15,14,17,1,19,20,21
VDBIN_FLOAT n=22 bin_lo=4 value=0.816065523637 k=11 alpha=17 q=11 lambda=1.94184279227 V=4.04728087338 delta=0.201633034417 par=0,1,2,3,3,3,3,2,2,2,1,11,11,11,1,15,15,15,1,19,19,19
STATS n=22 trees=1121765 viol5=0 viol4=0 zero5=0 zero4=0 nonunimodal=0 sampled=0 newton_fail_trees=17026
