TOP5 rank=0 n=22 alpha=21 k=10 q=14 num=20734762776 den=124408576656 par=0,1,1,1,1,1,1,1,1,1,1,1,1,1,1,1,1,1,1,1,1,1 poly=1,22,210,1330,5985,20349,54264,116280,203490,293930,352716,352716,293930,203490,116280,54264,20349,5985,1330,210,21,1
TOP5 rank=1 n=22 alpha=19 k=9 q=13 num=1557020289 den=8810262769 par=0,1,2,3,3,3,3,3,3,1,10,11,11,11,11,11,11,1,1,1,1,1 poly=1,22,210,1185,4576,13163,29543,53173,77960,93863,93038,75780,50424,27135,11628,3876,969,171,19,1
TOP5 rank=2 n=22 alpha=19 k=9 q=13 num=1575100329 den=8897205625 par=0,1,2,3,3,3,3,3,3,1,10,11,11,11,11,11,1,1,1,1,1,1 poly=1,22,210,1186,4587,13218,29708,53503,78422,94325,93368,75945,50479,27146,11629,3876,969,171,19,1
TOP5 rank=3 n=22 alpha=19 k=9 q=13 num=1599050347 den=9025950025 par=0,1,2,3,3,3,3,3,3,3,3,1,12,13,13,13,13,13,1,1,1,1 poly=1,22,210,1188,4612,13338,30034,54087,79162,95005,93819,76155,50544,27158,11630,3876,969,171,19,1
TOP5 rank=4 n=22 alpha=19 k=9 q=13 num=1599050347 den=9025950025 par=0,1,2,2,2,2,2,2,2,2,1,11,11,11,11,11,1,17,17,17,17,17 poly=1,22,210,1189,4616,13344,30038,54088,79162,95005,93819,76155,50544,27158,11630,3876,969,171,19,1
TOP5 rank=5 n=22 alpha=19 k=9 q=13 num=1663675739 den=9376629889 par=0,1,2,2,2,2,2,2,2,2,1,11,11,11,11,11,1,1,1,1,1,1 poly=1,22,210,1199,4706,13694,30898,55575,81061,96833,95150,76880,50831,27236,11643,3877,969,171,19,1
TOP5 rank=6 n=22 alpha=19 k=9 q=13 num=1663770889 den=9376629889 par=0,1,2,2,2,2,2,2,2,2,1,11,11,11,11,11,11,1,1,1,1,1 poly=1,22,210,1198,4701,13684,30888,55570,81060,96833,95150,76880,50831,27236,11643,3877,969,171,19,1
TOP5 rank=7 n=22 alpha=19 k=9 q=13 num=1637750536 den=9202373041 par=0,1,2,3,3,3,3,3,3,3,3,1,12,13,13,13,13,13,13,1,1,1 poly=1,22,210,1189,4626,13411,30263,54587,79955,95929,94611,76650,50764,27224,11642,3877,969,171,19,1
TOP5 rank=8 n=22 alpha=19 k=9 q=13 num=1637750536 den=9202373041 par=0,1,2,2,2,2,2,2,2,2,1,11,11,11,11,11,11,1,18,18,18,18 poly=1,22,210,1190,4629,13414,30264,54587,79955,95929,94611,76650,50764,27224,11642,3877,969,171,19,1
TOP5 rank=9 n=22 alpha=19 k=9 q=13 num=1637845147 den=9202373041 par=0,1,2,3,3,3,3,3,3,3,3,1,12,13,13,13,13,1,1,1,1,1 poly=1,22,210,1189,4624,13404,30254,54582,79954,95929,94611,76650,50764,27224,11642,3877,969,171,19,1
TOP5 rank=10 n=22 alpha=19 k=9 q=13 num=1638474344 den=9201030084 par=0,1,2,3,3,3,3,3,3,1,10,11,11,11,11,1,1,1,1,1,1,1 poly=1,22,210,1189,4622,13393,30229,54552,79934,95922,94610,76650,50764,27224,11642,3877,969,171,19,1
TOP5 rank=11 n=22 alpha=19 k=10 q=13 num=1655960177 den=9289682689 par=0,1,2,3,3,3,3,3,3,3,3,3,1,13,13,13,13,13,1,1,1,1 poly=1,22,210,1196,4704,13770,31268,56479,82482,98393,96383,77584,51116,27314,11656,3878,969,171,19,1
TOP4 rank=0 n=22 alpha=21 k=10 q=14 num=20734762776 den=124408576656 par=0,1,1,1,1,1,1,1,1,1,1,1,1,1,1,1,1,1,1,1,1,1 poly=1,22,210,1330,5985,20349,54264,116280,203490,293930,352716,352716,293930,203490,116280,54264,20349,5985,1330,210,21,1
TOP4 rank=1 n=22 alpha=19 k=9 q=13 num=1557020289 den=8810262769 par=0,1,2,3,3,3,3,3,3,1,10,11,11,11,11,11,11,1,1,1,1,1 poly=1,22,210,1185,4576,13163,29543,53173,77960,93863,93038,75780,50424,27135,11628,3876,969,171,19,1
TOP4 rank=2 n=22 alpha=19 k=9 q=13 num=1575100329 den=8897205625 par=0,1,2,3,3,3,3,3,3,1,10,11,11,11,11,11,1,1,1,1,1,1 poly=1,22,210,1186,4587,13218,29708,53503,78422,94325,93368,75945,50479,27146,11629,3876,969,171,19,1
TOP4 rank=3 n=22 alpha=19 k=9 q=13 num=1599050347 den=9025950025 par=0,1,2,3,3,3,3,3,3,3,3,1,12,13,13,13,13,13,1,1,1,1 poly=1,22,210,1188,4612,13338,30034,54087,79162,95005,93819,76155,50544,27158,11630,3876,969,171,19,1
TOP4 rank=4 n=22 alpha=19 k=9 q=13 num=1599050347 den=9025950025 par=0,1,2,2,2,2,2,2,2,2,1,11,11,11,11,11,1,17,17,17,17,17 poly=1,22,210,1189,4616,13344,30038,54088,79162,95005,93819,76155,50544,27158,11630,3876,969,171,19,1
TOP4 rank=5 n=22 alpha=19 k=9 q=13 num=1663675739 den=9376629889 par=0,1,2,2,2,2,2,2,2,2,1,11,11,11,11,11,1,1,1,1,1,1 poly=1,22,210,1199,4706,13694,30898,55575,81061,96833,95150,76880,50831,27236,11643,3877,969,171,19,1
TOP4 rank=6 n=22 alpha=19 k=9 q=13 num=1663770889 den=9376629889 par=0,1,2,2,2,2,2,2,2,2,1,11,11,11,11,11,11,1,1,1,1,1 poly=1,22,210,1198,4701,13684,30888,55570,81060,96833,95150,76880,50831,27236,11643,3877,969,171,19,1
TOP4 rank=7 n=22 alpha=19 k=9 q=13 num=1637750536 den=9202373041 par=0,1,2,3,3,3,3,3,3,3,3,1,12,13,13,13,13,13,13,1,1,1 poly=1,22,210,1189,4626,13411,30263,54587,79955,95929,94611,76650,50764,27224,11642,3877,969,171,19,1
TOP4 rank=8 n=22 alpha=19 k=9 q=13 num=1637750536 den=9202373041 par=0,1,2,2,2,2,2,2,2,2,1,11,11,11,11,11,11,1,18,18,18,18 poly=1,22,210,1190,4629,13414,30264,54587,79955,95929,94611,76650,50764,27224,11642,3877,969,171,19,1
TOP4 rank=9 n=22 alpha=19 k=9 q=13 num=1637845147 den=9202373041 par=0,1,2,3,3,3,3,3,3,3,3,1,12,13,13,13,13,1,1,1,1,1 poly=1,22,210,1189,4624,13404,30254,54582,79954,95929,94611,76650,50764,27224,11642,3877,969,171,19,1
TOP4 rank=10 n=22 alpha=19 k=9 q=13 num=1638474344 den=9201030084 par=0,1,2,3,3,3,3,3,3,1,10,11,11,11,11,1,1,1,1,1,1,1 poly=1,22,210,1189,4622,13393,30229,54552,79934,95922,94610,76650,50764,27224,11642,3877,969,171,19,1
TOP4 rank=11 n=22 alpha=19 k=10 q=13 num=1655960177 den=9289682689 par=0,1,2,3,3,3,3,3,3,3,3,3,1,13,13,13,13,13,1,1,1,1 poly=1,22,210,1196,4704,13770,31268,56479,82482,98393,96383,77584,51116,27314,11656,3878,969,171,19,1
VDMIN_FLOAT n=22 value=0.686766326189 k=8 alpha=12 q=8 lambda=2.01525465818 V=1.71008827534 delta=0.401597002969 par=0,1,2,3,2,5,2,7,2,9,1,11,12,11,14,11,16,11,18,1,20,21 poly=1,22,210,1153,4057,9610,15592,17188,12394,5348,1109,43,1
PERK n=22 alpha=21 k=5 q=14 num=89311761 den=414081801 par=0,1,1,1,1,1,1,1,1,1,1,1,1,1,1,1,1,1,1,1,1,1
PERK n=22 alpha=21 k=6 q=14 num=578399976 den=2944581696 par=0,1,1,1,1,1,1,1,1,1,1,1,1,1,1,1,1,1,1,1,1,1
PERK n=22 alpha=21 k=7 q=14 num=2478857040 den=13521038400 par=0,1,1,1,1,1,1,1,1,1,1,1,1,1,1,1,1,1,1,1,1,1
PERK n=22 alpha=21 k=8 q=14 num=7229999700 den=41408180100 par=0,1,1,1,1,1,1,1,1,1,1,1,1,1,1,1,1,1,1,1,1,1
PERK n=22 alpha=21 k=9 q=14 num=14620666060 den=86394844900 par=0,1,1,1,1,1,1,1,1,1,1,1,1,1,1,1,1,1,1,1,1,1
PERK n=22 alpha=21 k=10 q=14 num=20734762776 den=124408576656 par=0,1,1,1,1,1,1,1,1,1,1,1,1,1,1,1,1,1,1,1,1,1
PERK n=22 alpha=21 k=11 q=14 num=20734762776 den=124408576656 par=0,1,1,1,1,1,1,1,1,1,1,1,1,1,1,1,1,1,1,1,1,1
PERK n=22 alpha=21 k=12 q=14 num=14620666060 den=86394844900 par=0,1,1,1,1,1,1,1,1,1,1,1,1,1,1,1,1,1,1,1,1,1
PERK n=22 alpha=21 k=13 q=14 num=7229999700 den=41408180100 par=0,1,1,1,1,1,1,1,1,1,1,1,1,1,1,1,1,1,1,1,1,1
PERK n=22 alpha=21 k=14 q=14 num=2478857040 den=13521038400 par=0,1,1,1,1,1,1,1,1,1,1,1,1,1,1,1,1,1,1,1,1,1
PERALPHA n=22 alpha=11 k=6 q=7 num=93668872 den=320052100 par=0,1,2,3,4,3,6,3,8,3,10,3,1,13,14,13,16,13,18,13,20,13
PERALPHA n=22 alpha=12 k=6 q=8 num=108177301 den=397563721 par=0,1,2,3,2,5,2,7,2,9,2,2,2,1,14,15,14,17,14,19,14,21
PERALPHA n=22 alpha=13 k=7 q=9 num=194736151 den=768176656 par=0,1,2,3,4,4,4,4,4,2,10,2,12,2,14,2,16,2,18,1,20,21
PERALPHA n=22 alpha=14 k=7 q=9 num=296117164 den=1251602884 par=0,1,2,3,2,5,2,7,2,9,2,2,2,1,14,15,14,17,14,14,14,14
PERALPHA n=22 alpha=15 k=8 q=10 num=207149369 den=941691969 par=0,1,2,3,4,4,4,4,3,9,9,9,9,2,14,2,2,1,18,19,18,21
PERALPHA n=22 alpha=16 k=9 q=11 num=108796851 den=528724036 par=0,1,2,3,4,5,5,5,4,9,9,9,3,3,1,15,16,17,16,16,1,1
PERALPHA n=22 alpha=17 k=9 q=11 num=323709695 den=1688799025 par=0,1,2,3,3,3,3,2,8,8,8,8,2,13,13,13,13,1,18,1,1,1
PERALPHA n=22 alpha=18 k=9 q=12 num=511539489 den=2813772025 par=0,1,2,3,4,4,4,4,2,2,2,2,1,13,14,15,15,15,15,13,13,13
PERALPHA n=22 alpha=19 k=9 q=13 num=1557020289 den=8810262769 par=0,1,2,3,3,3,3,3,3,1,10,11,11,11,11,11,11,1,1,1,1,1
PERALPHA n=22 alpha=21 k=10 q=14 num=20734762776 den=124408576656 par=0,1,1,1,1,1,1,1,1,1,1,1,1,1,1,1,1,1,1,1,1,1
TOPQ n=22 alpha=21 k=14 q=14 num=2478857040 den=13521038400 par=0,1,1,1,1,1,1,1,1,1,1,1,1,1,1,1,1,1,1,1,1,1
NEWTON n=22 alpha=16 k=11 q=11 num=495988128 den=525531200 par=0,1,2,3,4,4,4,2,2,1,10,11,12,12,10,10,1,17,17,1,20,20
NEWTONFAIL_DIST n=22 q_minus_k=0 trees=9005
NEWTONFAIL_DIST n=22 q_minus_k=1 trees=4180
NEWTONFAIL_DIST n=22 q_minus_k=2 trees=1935
NEWTONFAIL_DIST n=22 q_minus_k=3 trees=648
NEWTONFAIL_DIST n=22 q_minus_k=4 trees=186
NEWTONFAIL_DIST n=22 q_minus_k=5 trees=79
NEWTONFAIL_DIST n=22 q_minus_k=6 trees=41
NEWTONFAIL_DIST n=22 q_minus_k=7 trees=18
NEWTONFAIL_DIST n=22 q_minus_k=8 trees=21
VDBIN_FLOAT n=22 bin_lo=0 value=0.686766326189 k=8 alpha=12 q=8 lambda=2.01525465818 V=1.71008827534 delta=0.401597002969 par=0,1,2,3,2,5,2,7,2,9,1,11,12,11,14,11,16,11,18,1,20,21
VDBIN_FLOAT n=22 bin_lo=2 value=0.724439882181 k=9 alpha=13 q=9 lambda=2.29006337285 V=2.24428985948 delta=0.322792476703 par=0,1,2,3,4,4,2,2,1,9,10,9,12,9,14,1,16,17,16,19,16,21
VDBIN_FLOAT n=22 bin_lo=4 value=0.817795002662 k=11 alpha=17 q=11 lambda=1.93934394415 V=4.04240066453 delta=0.202304291565 par=0,1,2,3,3,3,2,7,7,7,1,11,12,12,12,1,16,16,16,16,1,1
STATS n=22 trees=1114209 viol5=0 viol4=0 zero5=0 zero4=0 nonunimodal=0 sampled=0 newton_fail_trees=16113
