TOP5 rank=0 n=22 alpha=19 k=9 q=13 num=1664165119 den=9353404369 par=0,1,2,3,3,3,3,3,3,3,3,3,1,13,14,14,14,14,14,1,1,1 poly=1,22,210,1192,4659,13565,30678,55318,80850,96713,95105,76870,50830,27236,11643,3877,969,171,19,1
TOP5 rank=1 n=22 alpha=19 k=9 q=13 num=1664165119 den=9353404369 par=0,1,2,3,3,3,3,3,3,3,3,3,1,13,14,14,14,14,1,1,1,1 poly=1,22,210,1192,4658,13562,30675,55317,80850,96713,95105,76870,50830,27236,11643,3877,969,171,19,1
TOP5 rank=2 n=22 alpha=19 k=9 q=13 num=1664165119 den=9353404369 par=0,1,2,2,2,2,2,2,2,2,2,1,12,12,12,12,12,1,18,18,18,18 poly=1,22,210,1193,4662,13568,30679,55318,80850,96713,95105,76870,50830,27236,11643,3877,969,171,19,1
TOP5 rank=3 n=22 alpha=19 k=10 q=13 num=1654803699 den=9291417664 par=0,1,2,2,2,2,2,2,2,2,2,1,12,12,12,12,12,1,1,1,1,1 poly=1,22,210,1201,4734,13850,31393,56605,82566,98429,96392,77585,51116,27314,11656,3878,969,171,19,1
TOP5 rank=4 n=22 alpha=19 k=10 q=13 num=1726543224 den=9625179664 par=0,1,2,2,2,2,2,2,2,2,2,1,12,12,12,12,12,12,1,1,1,1 poly=1,22,210,1201,4743,13922,31675,57319,83853,100145,98108,78872,51831,27600,11734,3891,970,171,19,1
TOP5 rank=5 n=22 alpha=19 k=10 q=13 num=1726543224 den=9625179664 par=0,1,2,2,2,2,2,2,2,2,2,1,12,12,12,12,1,1,1,1,1,1 poly=1,22,210,1203,4752,13938,31689,57325,83854,100145,98108,78872,51831,27600,11734,3891,970,171,19,1
TOP5 rank=6 n=22 alpha=19 k=10 q=13 num=1713985613 den=9528297769 par=0,1,2,3,3,3,3,3,3,3,3,3,1,13,14,14,14,14,14,14,1,1 poly=1,22,210,1194,4687,13718,31194,56533,82930,99353,97613,78652,51765,27588,11733,3891,970,171,19,1
TOP5 rank=7 n=22 alpha=19 k=10 q=13 num=1713985613 den=9528297769 par=0,1,2,3,3,3,3,3,3,3,3,3,1,13,14,14,14,1,1,1,1,1 poly=1,22,210,1194,4684,13709,31184,56528,82929,99353,97613,78652,51765,27588,11733,3891,970,171,19,1
TOP5 rank=8 n=22 alpha=19 k=10 q=13 num=1713985613 den=9528297769 par=0,1,2,2,2,2,2,2,2,2,2,1,12,12,12,12,12,12,1,19,19,19 poly=1,22,210,1195,4689,13719,31194,56533,82930,99353,97613,78652,51765,27588,11733,3891,970,171,19,1
TOP5 rank=9 n=22 alpha=19 k=9 q=13 num=3453964657 den=19103386225 par=0,1,2,3,3,3,3,3,1,9,1,1,1,1,1,1,1,1,1,1,1,1 poly=1,22,210,1228,5064,15638,37488,71461,110046,138215,142208,119846,82356,45721,20198,6936,1785,324,37,2
TOP5 rank=10 n=22 alpha=19 k=9 q=13 num=3374493934 den=18567332644 par=0,1,2,2,2,2,2,2,2,2,2,1,12,1,1,1,1,1,1,1,1,1 poly=1,22,210,1221,4968,15192,36330,69498,107730,136262,141027,119343,82212,45696,20196,6936,1785,324,37,2
TOP5 rank=11 n=22 alpha=19 k=9 q=13 num=3377499448 den=18557523076 par=0,1,2,2,2,2,2,2,2,2,2,1,12,12,12,12,12,12,12,12,12,1 poly=1,22,210,1213,4932,15108,36204,69372,107646,136226,141018,119342,82212,45696,20196,6936,1785,324,37,2
TOP4 rank=0 n=22 alpha=19 k=9 q=13 num=1664165119 den=9353404369 par=0,1,2,3,3,3,3,3,3,3,3,3,1,13,14,14,14,14,14,1,1,1 poly=1,22,210,1192,4659,13565,30678,55318,80850,96713,95105,76870,50830,27236,11643,3877,969,171,19,1
TOP4 rank=1 n=22 alpha=19 k=9 q=13 num=1664165119 den=9353404369 par=0,1,2,3,3,3,3,3,3,3,3,3,1,13,14,14,14,14,1,1,1,1 poly=1,22,210,1192,4658,13562,30675,55317,80850,96713,95105,76870,50830,27236,11643,3877,969,171,19,1
TOP4 rank=2 n=22 alpha=19 k=9 q=13 num=1664165119 den=9353404369 par=0,1,2,2,2,2,2,2,2,2,2,1,12,12,12,12,12,1,18,18,18,18 poly=1,22,210,1193,4662,13568,30679,55318,80850,96713,95105,76870,50830,27236,11643,3877,969,171,19,1
TOP4 rank=3 n=22 alpha=19 k=10 q=13 num=1654803699 den=9291417664 par=0,1,2,2,2,2,2,2,2,2,2,1,12,12,12,12,12,1,1,1,1,1 poly=1,22,210,1201,4734,13850,31393,56605,82566,98429,96392,77585,51116,27314,11656,3878,969,171,19,1
TOP4 rank=4 n=22 alpha=19 k=10 q=13 num=1726543224 den=9625179664 par=0,1,2,2,2,2,2,2,2,2,2,1,12,12,12,12,12,12,1,1,1,1 poly=1,22,210,1201,4743,13922,31675,57319,83853,100145,98108,78872,51831,27600,11734,3891,970,171,19,1
TOP4 rank=5 n=22 alpha=19 k=10 q=13 num=1726543224 den=9625179664 par=0,1,2,2,2,2,2,2,2,2,2,1,12,12,12,12,1,1,1,1,1,1 poly=1,22,210,1203,4752,13938,31689,57325,83854,100145,98108,78872,51831,27600,11734,3891,970,171,19,1
TOP4 rank=6 n=22 alpha=19 k=10 q=13 num=1713985613 den=9528297769 par=0,1,2,3,3,3,3,3,3,3,3,3,1,13,14,14,14,14,14,14,1,1 poly=1,22,210,1194,4687,13718,31194,56533,82930,99353,97613,78652,51765,27588,11733,3891,970,171,19,1
TOP4 rank=7 n=22 alpha=19 k=10 q=13 num=1713985613 den=9528297769 par=0,1,2,3,3,3,3,3,3,3,3,3,1,13,14,14,14,1,1,1,1,1 poly=1,22,210,1194,4684,13709,31184,56528,82929,99353,97613,78652,51765,27588,11733,3891,970,171,19,1
TOP4 rank=8 n=22 alpha=19 k=10 q=13 num=1713985613 den=9528297769 par=0,1,2,2,2,2,2,2,2,2,2,1,12,12,12,12,12,12,1,19,19,19 poly=1,22,210,1195,4689,13719,31194,56533,82930,99353,97613,78652,51765,27588,11733,3891,970,171,19,1
TOP4 rank=9 n=22 alpha=19 k=9 q=13 num=3453964657 den=19103386225 par=0,1,2,3,3,3,3,3,1,9,1,1,1,1,1,1,1,1,1,1,1,1 poly=1,22,210,1228,5064,15638,37488,71461,110046,138215,142208,119846,82356,45721,20198,6936,1785,324,37,2
TOP4 rank=10 n=22 alpha=19 k=9 q=13 num=3374493934 den=18567332644 par=0,1,2,2,2,2,2,2,2,2,2,1,12,1,1,1,1,1,1,1,1,1 poly=1,22,210,1221,4968,15192,36330,69498,107730,136262,141027,119343,82212,45696,20196,6936,1785,324,37,2
TOP4 rank=11 n=22 alpha=19 k=9 q=13 num=3377499448 den=18557523076 par=0,1,2,2,2,2,2,2,2,2,2,1,12,12,12,12,12,12,12,12,12,1 poly=1,22,210,1213,4932,15108,36204,69372,107646,136226,141018,119342,82212,45696,20196,6936,1785,324,37,2
VDMIN_FLOAT n=22 value=0.694085137678 k=8 alpha=12 q=8 lambda=2.13785550673 V=1.703550616 delta=0.407434408559 par=0,1,2,3,4,3,6,3,8,2,10,11,10,13,1,15,16,17,1,19,1,21 poly=1,22,210,1148,3989,9228,14435,15135,10247,4111,795,34,1
PERK n=22 alpha=19 k=5 q=13 num=49693536 den=228251664 par=0,1,2,2,2,2,2,2,2,2,2,1,12,12,12,12,12,12,12,12,12,1
PERK n=22 alpha=19 k=6 q=13 num=264055284 den=1319868900 par=0,1,2,2,2,2,2,2,2,2,2,1,12,1,1,1,1,1,1,1,1,1
PERK n=22 alpha=19 k=7 q=13 num=579683974 den=3060081124 par=0,1,2,2,2,2,2,2,2,2,2,1,12,12,12,12,12,1,18,18,18,18
PERK n=22 alpha=19 k=8 q=13 num=1186752766 den=6536722500 par=0,1,2,3,3,3,3,3,3,3,3,3,1,13,14,14,14,14,14,1,1,1
PERK n=22 alpha=19 k=9 q=13 num=1664165119 den=9353404369 par=0,1,2,3,3,3,3,3,3,3,3,3,1,13,14,14,14,14,14,1,1,1
PERK n=22 alpha=19 k=10 q=13 num=1610632715 den=9044961025 par=0,1,2,3,3,3,3,3,3,3,3,3,1,13,14,14,14,14,14,1,1,1
PERK n=22 alpha=19 k=11 q=13 num=1092258753 den=6019432225 par=0,1,2,2,2,2,2,2,2,2,2,1,12,12,12,12,12,1,1,1,1,1
PERK n=22 alpha=19 k=12 q=13 num=493688766 den=2612845456 par=0,1,2,2,2,2,2,2,2,2,2,1,12,12,12,12,12,1,1,1,1,1
PERK n=22 alpha=19 k=13 q=13 num=150246500 den=746054596 par=0,1,2,2,2,2,2,2,2,2,2,1,12,12,12,12,12,1,1,1,1,1
PERALPHA n=22 alpha=11 k=6 q=7 num=106564656 den=361000000 par=0,1,2,3,2,1,6,7,6,1,10,1,12,1,14,1,16,1,18,1,20,1
PERALPHA n=22 alpha=12 k=6 q=8 num=124134360 den=450882756 par=0,1,2,3,2,1,6,7,6,1,10,1,12,1,14,1,16,1,18,1,1,1
PERALPHA n=22 alpha=13 k=7 q=9 num=234858504 den=926106624 par=0,1,2,3,3,3,3,3,1,9,10,9,12,9,14,9,16,9,18,9,20,9
PERALPHA n=22 alpha=14 k=7 q=9 num=299518134 den=1265794084 par=0,1,2,3,3,3,3,3,3,2,1,11,1,13,1,15,1,17,1,19,1,1
PERALPHA n=22 alpha=15 k=8 q=10 num=297262864 den=1348138089 par=0,1,2,3,4,4,4,4,2,9,2,11,2,2,1,15,16,15,18,15,15,15
PERALPHA n=22 alpha=16 k=9 q=11 num=108845431 den=528954001 par=0,1,2,3,4,5,5,5,3,3,2,11,11,11,1,15,16,17,16,16,1,1
PERALPHA n=22 alpha=17 k=9 q=11 num=182531847 den=951784201 par=0,1,2,2,2,2,1,7,7,7,1,11,11,11,1,15,15,15,1,19,19,19
PERALPHA n=22 alpha=18 k=9 q=12 num=528571371 den=2901330496 par=0,1,2,3,4,4,4,4,4,3,3,3,3,1,14,15,15,15,15,1,1,1
PERALPHA n=22 alpha=19 k=9 q=13 num=1664165119 den=9353404369 par=0,1,2,3,3,3,3,3,3,3,3,3,1,13,14,14,14,14,14,1,1,1
TOPQ n=22 alpha=17 k=11 q=11 num=37464416 den=186322500 par=0,1,2,2,2,2,1,7,7,7,1,11,11,11,1,15,15,15,1,19,19,19
NEWTON n=22 alpha=17 k=11 q=11 num=3147010944 den=3353805000 par=0,1,2,2,2,2,1,7,7,7,1,11,11,11,1,15,15,15,1,19,19,19
NEWTONFAIL_DIST n=22 q_minus_k=0 trees=8480
NEWTONFAIL_DIST n=22 q_minus_k=1 trees=3975
NEWTONFAIL_DIST n=22 q_minus_k=2 trees=2061
NEWTONFAIL_DIST n=22 q_minus_k=3 trees=756
NEWTONFAIL_DIST n=22 q_minus_k=4 trees=148
NEWTONFAIL_DIST n=22 q_minus_k=5 trees=62
NEWTONFAIL_DIST n=22 q_minus_k=6 trees=25
NEWTONFAIL_DIST n=22 q_minus_k=7 trees=17
NEWTONFAIL_DIST n=22 q_minus_k=8 trees=9
VDBIN_FLOAT n=22 bin_lo=0 value=0.694085137678 k=8 alpha=12 q=8 lambda=2.13785550673 V=1.703550616 delta=0.407434408559 par=0,1,2,3,4,3,6,3,8,2,10,11,10,13,1,15,16,17,1,19,1,21
VDBIN_FLOAT n=22 bin_lo=2 value=0.724764510348 k=9 alpha=13 q=9 lambda=1.97714748916 V=2.23928349101 delta=0.323659113845 par=0,1,2,2,2,2,1,7,1,9,1,11,1,13,1,15,1,17,1,19,1,21
VDBIN_FLOAT n=22 bin_lo=4 value=0.816456958775 k=11 alpha=17 q=11 lambda=1.93518284331 V=4.06050108192 delta=0.201072956836 par=0,1,2,2,2,2,1,7,7,7,1,11,11,11,1,15,15,15,1,19,19,19
STATS n=22 trees=1113664 viol5=0 viol4=0 zero5=0 zero4=0 nonunimodal=0 sampled=0 newton_fail_trees=15533
