TOP5 rank=0 n=22 alpha=20 k=10 q=13 num=5992471121 den=34878550564 par=0,1,2,2,2,2,2,2,2,2,2,2,2,2,2,2,1,17,17,17,17,17 poly=1,22,210,1241,5219,16510,40763,80523,129402,170963,186758,168961,126334,77611,38774,15505,4845,1140,190,20,1
TOP5 rank=1 n=22 alpha=20 k=10 q=13 num=5992471121 den=34878550564 par=0,1,2,2,2,2,2,2,2,2,2,2,2,2,2,2,1,1,1,1,1,1 poly=1,22,210,1246,5229,16520,40768,80524,129402,170963,186758,168961,126334,77611,38774,15505,4845,1140,190,20,1
TOP5 rank=2 n=22 alpha=20 k=10 q=13 num=6194144736 den=36009237121 par=0,1,2,2,2,2,2,2,2,2,2,2,2,2,2,2,2,1,18,18,18,18 poly=1,22,210,1251,5304,16870,41763,82525,132405,174395,189761,170963,127335,77975,38865,15519,4846,1140,190,20,1
TOP5 rank=3 n=22 alpha=20 k=10 q=13 num=6194144736 den=36009237121 par=0,1,2,2,2,2,2,2,2,2,2,2,2,2,2,2,2,1,1,1,1,1 poly=1,22,210,1255,5310,16874,41764,82525,132405,174395,189761,170963,127335,77975,38865,15519,4846,1140,190,20,1
TOP5 rank=4 n=22 alpha=20 k=10 q=13 num=5924361079 den=34399491841 par=0,1,2,2,2,2,2,2,2,2,2,2,2,2,2,1,16,16,16,16,16,16 poly=1,22,210,1233,5151,16234,40053,79237,127686,169247,185471,168246,126048,77533,38761,15504,4845,1140,190,20,1
TOP5 rank=5 n=22 alpha=20 k=10 q=13 num=5924361079 den=34399491841 par=0,1,2,2,2,2,2,2,2,2,2,2,2,2,2,1,1,1,1,1,1,1 poly=1,22,210,1239,5166,16254,40068,79243,127687,169247,185471,168246,126048,77533,38761,15504,4845,1140,190,20,1
TOP5 rank=6 n=22 alpha=20 k=10 q=13 num=5911132720 den=34216120576 par=0,1,2,2,2,2,2,2,2,2,2,2,2,2,1,1,1,1,1,1,1,1 poly=1,22,210,1234,5121,16069,39608,78472,126770,168456,184976,168026,125982,77521,38760,15504,4845,1140,190,20,1
TOP5 rank=7 n=22 alpha=20 k=10 q=13 num=5911300746 den=34216120576 par=0,1,2,2,2,2,2,2,2,2,2,2,2,2,1,15,15,15,15,15,15,15 poly=1,22,210,1227,5100,16034,39573,78451,126763,168455,184976,168026,125982,77521,38760,15504,4845,1140,190,20,1
TOP5 rank=8 n=22 alpha=20 k=10 q=13 num=5913839230 den=34155475344 par=0,1,2,2,2,2,2,2,2,2,2,2,2,1,1,1,1,1,1,1,1,1 poly=1,22,210,1231,5094,15960,39348,78066,126336,168134,184812,167971,125971,77520,38760,15504,4845,1140,190,20,1
TOP5 rank=9 n=22 alpha=20 k=10 q=13 num=5914813375 den=34155105721 par=0,1,2,2,2,2,2,2,2,2,2,2,2,1,14,14,14,14,14,14,14,14 poly=1,22,210,1223,5066,15904,39278,78010,126308,168126,184811,167971,125971,77520,38760,15504,4845,1140,190,20,1
TOP5 rank=10 n=22 alpha=20 k=10 q=13 num=6672576976 den=38492870416 par=0,1,2,2,2,2,2,2,2,2,2,2,2,2,2,2,2,2,1,19,19,19 poly=1,22,210,1263,5406,17324,43128,85528,137410,180830,196196,175968,130338,79340,39320,15624,4861,1141,190,20,1
TOP5 rank=11 n=22 alpha=20 k=10 q=13 num=6672576976 den=38492870416 par=0,1,2,2,2,2,2,2,2,2,2,2,2,2,2,2,2,2,1,1,1,1 poly=1,22,210,1266,5409,17325,43128,85528,137410,180830,196196,175968,130338,79340,39320,15624,4861,1141,190,20,1
TOP4 rank=0 n=22 alpha=20 k=10 q=13 num=5992471121 den=34878550564 par=0,1,2,2,2,2,2,2,2,2,2,2,2,2,2,2,1,17,17,17,17,17 poly=1,22,210,1241,5219,16510,40763,80523,129402,170963,186758,168961,126334,77611,38774,15505,4845,1140,190,20,1
TOP4 rank=1 n=22 alpha=20 k=10 q=13 num=5992471121 den=34878550564 par=0,1,2,2,2,2,2,2,2,2,2,2,2,2,2,2,1,1,1,1,1,1 poly=1,22,210,1246,5229,16520,40768,80524,129402,170963,186758,168961,126334,77611,38774,15505,4845,1140,190,20,1
TOP4 rank=2 n=22 alpha=20 k=10 q=13 num=6194144736 den=36009237121 par=0,1,2,2,2,2,2,2,2,2,2,2,2,2,2,2,2,1,18,18,18,18 poly=1,22,210,1251,5304,16870,41763,82525,132405,174395,189761,170963,127335,77975,38865,15519,4846,1140,190,20,1
TOP4 rank=3 n=22 alpha=20 k=10 q=13 num=6194144736 den=36009237121 par=0,1,2,2,2,2,2,2,2,2,2,2,2,2,2,2,2,1,1,1,1,1 poly=1,22,210,1255,5310,16874,41764,82525,132405,174395,189761,170963,127335,77975,38865,15519,4846,1140,190,20,1
TOP4 rank=4 n=22 alpha=20 k=10 q=13 num=5924361079 den=34399491841 par=0,1,2,2,2,2,2,2,2,2,2,2,2,2,2,1,16,16,16,16,16,16 poly=1,22,210,1233,5151,16234,40053,79237,127686,169247,185471,168246,126048,77533,38761,15504,4845,1140,190,20,1
TOP4 rank=5 n=22 alpha=20 k=10 q=13 num=5924361079 den=34399491841 par=0,1,2,2,2,2,2,2,2,2,2,2,2,2,2,1,1,1,1,1,1,1 poly=1,22,210,1239,5166,16254,40068,79243,127687,169247,185471,168246,126048,77533,38761,15504,4845,1140,190,20,1
TOP4 rank=6 n=22 alpha=20 k=10 q=13 num=5911132720 den=34216120576 par=0,1,2,2,2,2,2,2,2,2,2,2,2,2,1,1,1,1,1,1,1,1 poly=1,22,210,1234,5121,16069,39608,78472,126770,168456,184976,168026,125982,77521,38760,15504,4845,1140,190,20,1
TOP4 rank=7 n=22 alpha=20 k=10 q=13 num=5911300746 den=34216120576 par=0,1,2,2,2,2,2,2,2,2,2,2,2,2,1,15,15,15,15,15,15,15 poly=1,22,210,1227,5100,16034,39573,78451,126763,168455,184976,168026,125982,77521,38760,15504,4845,1140,190,20,1
TOP4 rank=8 n=22 alpha=20 k=10 q=13 num=5913839230 den=34155475344 par=0,1,2,2,2,2,2,2,2,2,2,2,2,1,1,1,1,1,1,1,1,1 poly=1,22,210,1231,5094,15960,39348,78066,126336,168134,184812,167971,125971,77520,38760,15504,4845,1140,190,20,1
TOP4 rank=9 n=22 alpha=20 k=10 q=13 num=5914813375 den=34155105721 par=0,1,2,2,2,2,2,2,2,2,2,2,2,1,14,14,14,14,14,14,14,14 poly=1,22,210,1223,5066,15904,39278,78010,126308,168126,184811,167971,125971,77520,38760,15504,4845,1140,190,20,1
TOP4 rank=10 n=22 alpha=20 k=10 q=13 num=6672576976 den=38492870416 par=0,1,2,2,2,2,2,2,2,2,2,2,2,2,2,2,2,2,1,19,19,19 poly=1,22,210,1263,5406,17324,43128,85528,137410,180830,196196,175968,130338,79340,39320,15624,4861,1141,190,20,1
TOP4 rank=11 n=22 alpha=20 k=10 q=13 num=6672576976 den=38492870416 par=0,1,2,2,2,2,2,2,2,2,2,2,2,2,2,2,2,2,1,1,1,1 poly=1,22,210,1266,5409,17325,43128,85528,137410,180830,196196,175968,130338,79340,39320,15624,4861,1141,190,20,1
VDMIN_FLOAT n=22 value=0.685966655774 k=8 alpha=12 q=8 lambda=2.0858404426 V=1.6927111434 delta=0.405247320813 par=0,1,2,3,2,5,2,7,1,9,10,9,12,9,14,1,16,17,16,19,16,21 poly=1,22,210,1150,4017,9390,14937,16038,11193,4646,920,33,1
PERK n=22 alpha=20 k=5 q=13 num=54282888 den=254721600 par=0,1,2,2,2,2,2,2,2,2,2,2,2,1,1,1,1,1,1,1,1,1
PERK n=22 alpha=20 k=6 q=13 num=302331744 den=1548265104 par=0,1,2,2,2,2,2,2,2,2,2,2,2,1,1,1,1,1,1,1,1,1
PERK n=22 alpha=20 k=7 q=13 num=1123231428 den=6094300356 par=0,1,2,2,2,2,2,2,2,2,2,2,2,1,1,1,1,1,1,1,1,1
PERK n=22 alpha=20 k=8 q=13 num=2892329948 den=16303969969 par=0,1,2,2,2,2,2,2,2,2,2,2,2,2,2,1,1,1,1,1,1,1
PERK n=22 alpha=20 k=9 q=13 num=5061488653 den=29228347369 par=0,1,2,2,2,2,2,2,2,2,2,2,2,2,2,2,1,17,17,17,17,17
PERK n=22 alpha=20 k=10 q=13 num=5992471121 den=34878550564 par=0,1,2,2,2,2,2,2,2,2,2,2,2,2,2,2,1,17,17,17,17,17
PERK n=22 alpha=20 k=11 q=13 num=5065130434 den=29228347369 par=0,1,2,2,2,2,2,2,2,2,2,2,2,2,2,2,2,1,18,18,18,18
PERK n=22 alpha=20 k=12 q=13 num=2883362300 den=16214202225 par=0,1,2,2,2,2,2,2,2,2,2,2,2,2,2,2,2,1,18,18,18,18
PERK n=22 alpha=20 k=13 q=13 num=1169945440 den=6294835600 par=0,1,2,2,2,2,2,2,2,2,2,2,2,2,2,2,2,2,1,19,19,19
PERALPHA n=22 alpha=11 k=5 q=7 num=38753316 den=135349956 par=0,1,2,1,4,1,6,1,8,1,10,1,12,1,14,1,16,1,18,1,20,1
PERALPHA n=22 alpha=12 k=6 q=8 num=159396012 den=591365124 par=0,1,2,1,4,1,6,1,8,1,10,1,12,1,14,1,16,1,18,1,1,1
PERALPHA n=22 alpha=13 k=7 q=9 num=238007062 den=937706884 par=0,1,2,3,4,3,6,3,8,3,10,3,12,3,1,15,16,15,15,15,15,15
PERALPHA n=22 alpha=14 k=7 q=9 num=300162950 den=1265794084 par=0,1,2,3,2,5,2,7,2,9,2,2,1,13,14,13,16,13,13,13,13,13
PERALPHA n=22 alpha=15 k=8 q=10 num=194103632 den=881139856 par=0,1,2,3,4,5,2,2,2,1,10,11,12,13,10,10,10,1,18,18,18,18
PERALPHA n=22 alpha=16 k=9 q=11 num=159765104 den=776848384 par=0,1,2,3,4,4,4,4,3,9,9,9,3,13,13,13,2,2,2,1,20,21
PERALPHA n=22 alpha=17 k=9 q=11 num=179320268 den=935197561 par=0,1,2,3,3,3,2,7,7,7,2,11,11,11,1,15,16,16,16,1,1,1
PERALPHA n=22 alpha=18 k=9 q=12 num=511263390 den=2814514704 par=0,1,2,3,3,3,3,2,8,8,8,8,1,13,14,14,14,14,1,1,1,1
PERALPHA n=22 alpha=19 k=9 q=13 num=1606037213 den=9110129809 par=0,1,2,2,2,2,2,2,2,1,10,10,10,10,10,10,1,1,1,1,1,1
PERALPHA n=22 alpha=20 k=10 q=13 num=5992471121 den=34878550564 par=0,1,2,2,2,2,2,2,2,2,2,2,2,2,2,2,1,17,17,17,17,17
TOPQ n=22 alpha=20 k=13 q=13 num=1169945440 den=6294835600 par=0,1,2,2,2,2,2,2,2,2,2,2,2,2,2,2,2,2,1,19,19,19
NEWTON n=22 alpha=16 k=11 q=11 num=496411920 den=529318800 par=0,1,2,3,3,3,2,7,7,7,2,11,11,2,14,14,1,17,18,18,1,1
NEWTONFAIL_DIST n=22 q_minus_k=0 trees=9725
NEWTONFAIL_DIST n=22 q_minus_k=1 trees=4668
NEWTONFAIL_DIST n=22 q_minus_k=2 trees=2265
NEWTONFAIL_DIST n=22 q_minus_k=3 trees=978
NEWTONFAIL_DIST n=22 q_minus_k=4 trees=326
NEWTONFAIL_DIST n=22 q_minus_k=5 trees=170
NEWTONFAIL_DIST n=22 q_minus_k=6 trees=83
NEWTONFAIL_DIST n=22 q_minus_k=7 trees=26
NEWTONFAIL_DIST n=22 q_minus_k=8 trees=22
VDBIN_FLOAT n=22 bin_lo=0 value=0.685966655774 k=8 alpha=12 q=8 lambda=2.0858404426 V=1.6927111434 delta=0.405247320813 par=0,1,2,3,2,5,2,7,1,9,10,9,12,9,14,1,16,17,16,19,16,21
VDBIN_FLOAT n=22 bin_lo=2 value=0.725944448477 k=9 alpha=13 q=9 lambda=2.14523473884 V=2.20317192496 delta=0.329499681914 par=0,1,2,3,4,4,4,4,3,9,3,11,3,13,3,15,3,17,1,19,20,21
VDBIN_FLOAT n=22 bin_lo=4 value=0.817861530826 k=11 alpha=17 q=11 lambda=1.93940193394 V=4.0427295165 delta=0.202304291565 par=0,1,2,3,4,4,4,4,3,3,3,2,12,12,12,1,16,17,17,17,1,1
STATS n=22 trees=1165991 viol5=0 viol4=0 zero5=0 zero4=0 nonunimodal=0 sampled=0 newton_fail_trees=18263
