TOP5 rank=0 n=22 alpha=20 k=10 q=13 num=5916156076 den=34142170176 par=0,1,2,2,2,2,2,2,2,2,2,2,1,1,1,1,1,1,1,1,1,1 poly=1,22,210,1230,5085,15924,39264,77940,126210,168050,184776,167962,125970,77520,38760,15504,4845,1140,190,20,1
TOP5 rank=1 n=22 alpha=19 k=9 q=13 num=1605663940 den=9110320704 par=0,1,2,2,2,2,2,2,1,9,9,9,9,9,9,1,1,1,1,1,1,1 poly=1,22,210,1198,4689,13588,30533,54765,79813,95448,94028,76220,50556,27159,11630,3876,969,171,19,1
TOP5 rank=2 n=22 alpha=19 k=9 q=13 num=1581311853 den=8959569025 par=0,1,2,3,3,3,3,3,3,2,2,2,2,2,2,1,16,16,16,16,16,16 poly=1,22,210,1191,4632,13373,30033,53964,78884,94655,93533,76000,50490,27147,11629,3876,969,171,19,1
TOP5 rank=3 n=22 alpha=19 k=9 q=13 num=1556927251 den=8810262769 par=0,1,2,2,2,2,2,2,1,9,9,9,9,9,9,1,16,16,16,16,16,16 poly=1,22,210,1186,4581,13173,29553,53178,77961,93863,93038,75780,50424,27135,11628,3876,969,171,19,1
TOP5 rank=4 n=22 alpha=19 k=9 q=13 num=1599217148 den=9047433924 par=0,1,2,3,3,3,3,3,3,2,2,2,2,2,2,2,1,17,17,17,17,17 poly=1,22,210,1193,4649,13443,30218,54309,79352,95118,93863,76165,50545,27158,11630,3876,969,171,19,1
TOP5 rank=5 n=22 alpha=19 k=9 q=13 num=1599769666 den=9024620004 par=0,1,2,3,3,3,3,3,1,9,10,10,10,10,10,1,1,1,1,1,1,1 poly=1,22,210,1188,4609,13323,30003,54053,79141,94998,93818,76155,50544,27158,11630,3876,969,171,19,1
TOP5 rank=6 n=22 alpha=19 k=9 q=13 num=1662574993 den=9378179281 par=0,1,2,2,2,2,2,2,1,9,9,9,9,9,1,1,1,1,1,1,1,1 poly=1,22,210,1201,4719,13730,30953,55625,81088,96841,95151,76880,50831,27236,11643,3877,969,171,19,1
TOP5 rank=7 n=22 alpha=19 k=9 q=13 num=1662412525 den=9360369001 par=0,1,2,3,3,3,3,3,3,3,3,3,2,2,2,2,2,1,18,18,18,18 poly=1,22,210,1197,4692,13648,30804,55444,80934,96749,95114,76871,50830,27236,11643,3877,969,171,19,1
TOP5 rank=8 n=22 alpha=19 k=9 q=13 num=1662412525 den=9360369001 par=0,1,2,3,3,3,3,3,3,3,3,3,2,2,2,2,1,17,17,17,17,17 poly=1,22,210,1196,4688,13642,30800,55443,80934,96749,95114,76871,50830,27236,11643,3877,969,171,19,1
TOP5 rank=9 n=22 alpha=19 k=9 q=13 num=1662873667 den=9354951841 par=0,1,2,3,3,3,3,3,3,2,2,2,2,2,2,2,2,1,18,18,18,18 poly=1,22,210,1197,4689,13630,30758,55379,80879,96721,95106,76870,50830,27236,11643,3877,969,171,19,1
TOP5 rank=10 n=22 alpha=19 k=9 q=13 num=1662968773 den=9354951841 par=0,1,2,3,3,3,3,3,2,2,2,2,2,2,2,2,1,17,17,17,17,17 poly=1,22,210,1196,4684,13620,30748,55374,80878,96721,95106,76870,50830,27236,11643,3877,969,171,19,1
TOP5 rank=11 n=22 alpha=19 k=9 q=13 num=1664722207 den=9347989225 par=0,1,2,3,3,3,3,3,1,9,10,10,10,10,1,1,1,1,1,1,1,1 poly=1,22,210,1192,4654,13540,30623,55248,80794,96685,95097,76869,50830,27236,11643,3877,969,171,19,1
TOP4 rank=0 n=22 alpha=20 k=10 q=13 num=5916156076 den=34142170176 par=0,1,2,2,2,2,2,2,2,2,2,2,1,1,1,1,1,1,1,1,1,1 poly=1,22,210,1230,5085,15924,39264,77940,126210,168050,184776,167962,125970,77520,38760,15504,4845,1140,190,20,1
TOP4 rank=1 n=22 alpha=19 k=9 q=13 num=1605663940 den=9110320704 par=0,1,2,2,2,2,2,2,1,9,9,9,9,9,9,1,1,1,1,1,1,1 poly=1,22,210,1198,4689,13588,30533,54765,79813,95448,94028,76220,50556,27159,11630,3876,969,171,19,1
TOP4 rank=2 n=22 alpha=19 k=9 q=13 num=1581311853 den=8959569025 par=0,1,2,3,3,3,3,3,3,2,2,2,2,2,2,1,16,16,16,16,16,16 poly=1,22,210,1191,4632,13373,30033,53964,78884,94655,93533,76000,50490,27147,11629,3876,969,171,19,1
TOP4 rank=3 n=22 alpha=19 k=9 q=13 num=1556927251 den=8810262769 par=0,1,2,2,2,2,2,2,1,9,9,9,9,9,9,1,16,16,16,16,16,16 poly=1,22,210,1186,4581,13173,29553,53178,77961,93863,93038,75780,50424,27135,11628,3876,969,171,19,1
TOP4 rank=4 n=22 alpha=19 k=9 q=13 num=1599217148 den=9047433924 par=0,1,2,3,3,3,3,3,3,2,2,2,2,2,2,2,1,17,17,17,17,17 poly=1,22,210,1193,4649,13443,30218,54309,79352,95118,93863,76165,50545,27158,11630,3876,969,171,19,1
TOP4 rank=5 n=22 alpha=19 k=9 q=13 num=1599769666 den=9024620004 par=0,1,2,3,3,3,3,3,1,9,10,10,10,10,10,1,1,1,1,1,1,1 poly=1,22,210,1188,4609,13323,30003,54053,79141,94998,93818,76155,50544,27158,11630,3876,969,171,19,1
TOP4 rank=6 n=22 alpha=19 k=9 q=13 num=1662574993 den=9378179281 par=0,1,2,2,2,2,2,2,1,9,9,9,9,9,1,1,1,1,1,1,1,1 poly=1,22,210,1201,4719,13730,30953,55625,81088,96841,95151,76880,50831,27236,11643,3877,969,171,19,1
TOP4 rank=7 n=22 alpha=19 k=9 q=13 num=1662412525 den=9360369001 par=0,1,2,3,3,3,3,3,3,3,3,3,2,2,2,2,2,1,18,18,18,18 poly=1,22,210,1197,4692,13648,30804,55444,80934,96749,95114,76871,50830,27236,11643,3877,969,171,19,1
TOP4 rank=8 n=22 alpha=19 k=9 q=13 num=1662412525 den=9360369001 par=0,1,2,3,3,3,3,3,3,3,3,3,2,2,2,2,1,17,17,17,17,17 poly=1,22,210,1196,4688,13642,30800,55443,80934,96749,95114,76871,50830,27236,11643,3877,969,171,19,1
TOP4 rank=9 n=22 alpha=19 k=9 q=13 num=1662873667 den=9354951841 par=0,1,2,3,3,3,3,3,3,2,2,2,2,2,2,2,2,1,18,18,18,18 poly=1,22,210,1197,4689,13630,30758,55379,80879,96721,95106,76870,50830,27236,11643,3877,969,171,19,1
TOP4 rank=10 n=22 alpha=19 k=9 q=13 num=1662968773 den=9354951841 par=0,1,2,3,3,3,3,3,2,2,2,2,2,2,2,2,1,17,17,17,17,17 poly=1,22,210,1196,4684,13620,30748,55374,80878,96721,95106,76870,50830,27236,11643,3877,969,171,19,1
TOP4 rank=11 n=22 alpha=19 k=9 q=13 num=1664722207 den=9347989225 par=0,1,2,3,3,3,3,3,1,9,10,10,10,10,1,1,1,1,1,1,1,1 poly=1,22,210,1192,4654,13540,30623,55248,80794,96685,95097,76869,50830,27236,11643,3877,969,171,19,1
VDMIN_FLOAT n=22 value=0.685192860477 k=8 alpha=12 q=8 lambda=1.92218319307 V=1.73187924984 delta=0.395635469702 par=0,1,2,3,2,5,2,7,2,9,2,11,1,13,14,13,16,13,18,13,20,1 poly=1,22,210,1157,4111,9912,16515,18871,14242,6496,1437,58,1
PERK n=22 alpha=20 k=5 q=13 num=53916336 den=253573776 par=0,1,2,2,2,2,2,2,2,2,2,2,1,1,1,1,1,1,1,1,1,1
PERK n=22 alpha=20 k=6 q=13 num=300545136 den=1541661696 par=0,1,2,2,2,2,2,2,2,2,2,2,1,1,1,1,1,1,1,1,1,1
PERK n=22 alpha=20 k=7 q=13 num=1119134160 den=6074643600 par=0,1,2,2,2,2,2,2,2,2,2,2,1,1,1,1,1,1,1,1,1,1
PERK n=22 alpha=20 k=8 q=13 num=2831147100 den=15928964100 par=0,1,2,2,2,2,2,2,2,2,2,2,1,1,1,1,1,1,1,1,1,1
PERK n=22 alpha=20 k=9 q=13 num=4920223540 den=28240802500 par=0,1,2,2,2,2,2,2,2,2,2,2,1,1,1,1,1,1,1,1,1,1
PERK n=22 alpha=20 k=10 q=13 num=5916156076 den=34142170176 par=0,1,2,2,2,2,2,2,2,2,2,2,1,1,1,1,1,1,1,1,1,1
PERK n=22 alpha=20 k=11 q=13 num=4935000724 den=28211233444 par=0,1,2,2,2,2,2,2,2,2,2,2,1,1,1,1,1,1,1,1,1,1
PERK n=22 alpha=20 k=12 q=13 num=2848026660 den=15868440900 par=0,1,2,2,2,2,2,2,2,2,2,2,1,1,1,1,1,1,1,1,1,1
PERK n=22 alpha=20 k=13 q=13 num=1126753200 den=6009350400 par=0,1,2,2,2,2,2,2,2,2,2,2,1,1,1,1,1,1,1,1,1,1
PERALPHA n=22 alpha=11 k=6 q=7 num=94337540 den=322058916 par=0,1,2,3,2,5,2,7,2,9,2,1,12,13,12,15,12,17,12,19,12,1
PERALPHA n=22 alpha=12 k=6 q=8 num=104205028 den=383298084 par=0,1,2,3,2,5,2,7,2,9,2,11,1,13,14,13,16,13,18,13,13,13
PERALPHA n=22 alpha=13 k=7 q=9 num=229689693 den=912462849 par=0,1,2,3,3,3,3,3,1,9,1,11,1,13,1,15,1,17,1,19,1,21
PERALPHA n=22 alpha=14 k=7 q=9 num=295556596 den=1252310544 par=0,1,2,3,3,3,3,3,1,9,1,11,1,13,1,15,1,17,1,19,1,1
PERALPHA n=22 alpha=15 k=8 q=10 num=296180870 den=1347183616 par=0,1,2,3,4,4,4,4,2,2,2,1,12,13,12,15,12,17,12,19,12,12
PERALPHA n=22 alpha=16 k=9 q=11 num=109759798 den=533148100 par=0,1,2,3,4,4,4,3,8,8,8,2,2,1,14,15,14,14,1,19,19,19
PERALPHA n=22 alpha=17 k=9 q=11 num=180292659 den=939238609 par=0,1,2,3,3,3,3,2,8,8,8,2,12,12,12,1,16,17,17,17,1,1
PERALPHA n=22 alpha=18 k=9 q=12 num=511745893 den=2818972836 par=0,1,2,3,3,3,3,3,1,9,10,10,10,10,9,15,15,15,15,1,1,1
PERALPHA n=22 alpha=19 k=9 q=13 num=1605663940 den=9110320704 par=0,1,2,2,2,2,2,2,1,9,9,9,9,9,9,1,1,1,1,1,1,1
PERALPHA n=22 alpha=20 k=10 q=13 num=5916156076 den=34142170176 par=0,1,2,2,2,2,2,2,2,2,2,2,1,1,1,1,1,1,1,1,1,1
TOPQ n=22 alpha=20 k=13 q=13 num=1126753200 den=6009350400 par=0,1,2,2,2,2,2,2,2,2,2,2,1,1,1,1,1,1,1,1,1,1
NEWTON n=22 alpha=17 k=11 q=11 num=3153272388 den=3352330962 par=0,1,2,3,3,3,3,1,8,9,9,9,8,13,13,13,8,17,17,17,1,1
NEWTONFAIL_DIST n=22 q_minus_k=0 trees=9780
NEWTONFAIL_DIST n=22 q_minus_k=1 trees=5245
NEWTONFAIL_DIST n=22 q_minus_k=2 trees=2677
NEWTONFAIL_DIST n=22 q_minus_k=3 trees=1054
NEWTONFAIL_DIST n=22 q_minus_k=4 trees=384
NEWTONFAIL_DIST n=22 q_minus_k=5 trees=152
NEWTONFAIL_DIST n=22 q_minus_k=6 trees=53
NEWTONFAIL_DIST n=22 q_minus_k=7 trees=25
NEWTONFAIL_DIST n=22 q_minus_k=8 trees=6
VDBIN_FLOAT n=22 bin_lo=0 value=0.685192860477 k=8 alpha=12 q=8 lambda=1.92218319307 V=1.73187924984 delta=0.395635469702 par=0,1,2,3,2,5,2,7,2,9,2,11,1,13,14,13,16,13,18,13,20,1
VDBIN_FLOAT n=22 bin_lo=2 value=0.725325025874 k=9 alpha=13 q=9 lambda=2.2278944607 V=2.21651064923 delta=0.327237329596 par=0,1,2,3,4,5,5,5,3,1,10,11,12,13,12,15,12,17,12,19,12,21
VDBIN_FLOAT n=22 bin_lo=4 value=0.817200365944 k=11 alpha=17 q=11 lambda=1.93346530617 V=4.05434529863 delta=0.201561610014 par=0,1,2,3,3,3,3,1,8,9,9,9,8,13,13,13,8,17,17,17,1,1
STATS n=22 trees=1108127 viol5=0 viol4=0 zero5=0 zero4=0 nonunimodal=0 sampled=0 newton_fail_trees=19376
