TOP5 rank=0 n=23 alpha=20 k=10 q=13 num=5979708947 den=35229037636 par=0,1,2,3,3,3,3,3,3,3,3,2,2,2,2,2,2,1,18,18,18,18,18 poly=1,23,231,1389,5758,17791,42926,83225,131939,172753,187694,169313,126424,77625,38775,15505,4845,1140,190,20,1
TOP5 rank=1 n=23 alpha=20 k=10 q=13 num=5979708947 den=35229037636 par=0,1,2,3,3,3,3,3,3,3,3,2,2,2,2,2,1,17,17,17,17,17,17 poly=1,23,231,1388,5753,17781,42916,83220,131938,172753,187694,169313,126424,77625,38775,15505,4845,1140,190,20,1
TOP5 rank=2 n=23 alpha=20 k=10 q=13 num=5980688064 den=35228662249 par=0,1,2,3,3,3,3,3,3,3,1,11,11,11,11,11,11,1,1,1,1,1,1 poly=1,23,231,1387,5745,17755,42871,83175,131912,172745,187693,169313,126424,77625,38775,15505,4845,1140,190,20,1
TOP5 rank=3 n=23 alpha=20 k=10 q=13 num=6055786533 den=35637510841 par=0,1,2,2,2,2,2,2,2,2,2,1,12,12,12,12,12,1,18,18,18,18,18 poly=1,23,231,1387,5749,17820,43152,83864,133038,174047,188779,169964,126698,77702,38788,15506,4845,1140,190,20,1
TOP5 rank=4 n=23 alpha=20 k=10 q=13 num=6257748199 den=36794145124 par=0,1,2,3,3,3,3,3,3,3,3,3,3,2,2,2,2,2,1,19,19,19,19 poly=1,23,231,1396,5839,18210,44232,85991,136167,177563,191818,171975,127700,78066,38879,15520,4846,1140,190,20,1
TOP5 rank=5 n=23 alpha=20 k=10 q=13 num=6257748199 den=36794145124 par=0,1,2,3,3,3,3,3,3,3,3,3,3,2,2,2,2,1,18,18,18,18,18 poly=1,23,231,1395,5835,18204,44228,85990,136167,177563,191818,171975,127700,78066,38879,15520,4846,1140,190,20,1
TOP5 rank=6 n=23 alpha=20 k=10 q=13 num=6257748199 den=36794145124 par=0,1,2,2,2,2,2,2,2,2,2,1,12,12,12,12,12,12,1,1,1,1,1 poly=1,23,231,1396,5839,18210,44232,85991,136167,177563,191818,171975,127700,78066,38879,15520,4846,1140,190,20,1
TOP5 rank=7 n=23 alpha=20 k=10 q=13 num=6257748199 den=36794145124 par=0,1,2,2,2,2,2,2,2,2,2,1,12,12,12,12,12,1,1,1,1,1,1 poly=1,23,231,1397,5844,18220,44242,85996,136168,177563,191818,171975,127700,78066,38879,15520,4846,1140,190,20,1
TOP5 rank=8 n=23 alpha=20 k=10 q=13 num=6260664183 den=36790692481 par=0,1,2,3,3,3,3,3,3,3,3,3,3,1,14,15,15,15,15,15,1,1,1 poly=1,23,231,1391,5806,18127,44106,85865,136083,177527,191809,171974,127700,78066,38879,15520,4846,1140,190,20,1
TOP5 rank=9 n=23 alpha=20 k=10 q=13 num=6260664183 den=36790692481 par=0,1,2,3,3,3,3,3,3,3,3,3,3,1,14,15,15,15,15,1,1,1,1 poly=1,23,231,1391,5805,18124,44103,85864,136083,177527,191809,171974,127700,78066,38879,15520,4846,1140,190,20,1
TOP5 rank=10 n=23 alpha=20 k=10 q=13 num=6471274075 den=37998484624 par=0,1,2,3,3,3,3,3,3,3,3,3,3,3,2,2,2,2,1,19,19,19,19 poly=1,23,231,1401,5900,18529,45223,88076,139338,181169,194932,174021,128711,78431,38970,15534,4847,1140,190,20,1
TOP5 rank=11 n=23 alpha=20 k=10 q=13 num=6472276380 den=37998094761 par=0,1,2,3,3,3,3,3,3,3,3,3,3,3,1,15,16,16,16,16,1,1,1 poly=1,23,231,1397,5875,18474,45153,88020,139310,181161,194931,174021,128711,78431,38970,15534,4847,1140,190,20,1
TOP4 rank=0 n=23 alpha=20 k=10 q=13 num=5979708947 den=35229037636 par=0,1,2,3,3,3,3,3,3,3,3,2,2,2,2,2,2,1,18,18,18,18,18 poly=1,23,231,1389,5758,17791,42926,83225,131939,172753,187694,169313,126424,77625,38775,15505,4845,1140,190,20,1
TOP4 rank=1 n=23 alpha=20 k=10 q=13 num=5979708947 den=35229037636 par=0,1,2,3,3,3,3,3,3,3,3,2,2,2,2,2,1,17,17,17,17,17,17 poly=1,23,231,1388,5753,17781,42916,83220,131938,172753,187694,169313,126424,77625,38775,15505,4845,1140,190,20,1
TOP4 rank=2 n=23 alpha=20 k=10 q=13 num=5980688064 den=35228662249 par=0,1,2,3,3,3,3,3,3,3,1,11,11,11,11,11,11,1,1,1,1,1,1 poly=1,23,231,1387,5745,17755,42871,83175,131912,172745,187693,169313,126424,77625,38775,15505,4845,1140,190,20,1
TOP4 rank=3 n=23 alpha=20 k=10 q=13 num=6055786533 den=35637510841 par=0,1,2,2,2,2,2,2,2,2,2,1,12,12,12,12,12,1,18,18,18,18,18 poly=1,23,231,1387,5749,17820,43152,83864,133038,174047,188779,169964,126698,77702,38788,15506,4845,1140,190,20,1
TOP4 rank=4 n=23 alpha=20 k=10 q=13 num=6257748199 den=36794145124 par=0,1,2,3,3,3,3,3,3,3,3,3,3,2,2,2,2,2,1,19,19,19,19 poly=1,23,231,1396,5839,18210,44232,85991,136167,177563,191818,171975,127700,78066,38879,15520,4846,1140,190,20,1
TOP4 rank=5 n=23 alpha=20 k=10 q=13 num=6257748199 den=36794145124 par=0,1,2,3,3,3,3,3,3,3,3,3,3,2,2,2,2,1,18,18,18,18,18 poly=1,23,231,1395,5835,18204,44228,85990,136167,177563,191818,171975,127700,78066,38879,15520,4846,1140,190,20,1
TOP4 rank=6 n=23 alpha=20 k=10 q=13 num=6257748199 den=36794145124 par=0,1,2,2,2,2,2,2,2,2,2,1,12,12,12,12,12,12,1,1,1,1,1 poly=1,23,231,1396,5839,18210,44232,85991,136167,177563,191818,171975,127700,78066,38879,15520,4846,1140,190,20,1
TOP4 rank=7 n=23 alpha=20 k=10 q=13 num=6257748199 den=36794145124 par=0,1,2,2,2,2,2,2,2,2,2,1,12,12,12,12,12,1,1,1,1,1,1 poly=1,23,231,1397,5844,18220,44242,85996,136168,177563,191818,171975,127700,78066,38879,15520,4846,1140,190,20,1
TOP4 rank=8 n=23 alpha=20 k=10 q=13 num=6260664183 den=36790692481 par=0,1,2,3,3,3,3,3,3,3,3,3,3,1,14,15,15,15,15,15,1,1,1 poly=1,23,231,1391,5806,18127,44106,85865,136083,177527,191809,171974,127700,78066,38879,15520,4846,1140,190,20,1
TOP4 rank=9 n=23 alpha=20 k=10 q=13 num=6260664183 den=36790692481 par=0,1,2,3,3,3,3,3,3,3,3,3,3,1,14,15,15,15,15,1,1,1,1 poly=1,23,231,1391,5805,18124,44103,85864,136083,177527,191809,171974,127700,78066,38879,15520,4846,1140,190,20,1
TOP4 rank=10 n=23 alpha=20 k=10 q=13 num=6471274075 den=37998484624 par=0,1,2,3,3,3,3,3,3,3,3,3,3,3,2,2,2,2,1,19,19,19,19 poly=1,23,231,1401,5900,18529,45223,88076,139338,181169,194932,174021,128711,78431,38970,15534,4847,1140,190,20,1
TOP4 rank=11 n=23 alpha=20 k=10 q=13 num=6472276380 den=37998094761 par=0,1,2,3,3,3,3,3,3,3,3,3,3,3,1,15,16,16,16,16,1,1,1 poly=1,23,231,1397,5875,18474,45153,88020,139310,181161,194931,174021,128711,78431,38970,15534,4847,1140,190,20,1
VDMIN_FLOAT n=23 value=0.716564390698 k=8 alpha=12 q=8 lambda=1.87454518698 V=1.83551212779 delta=0.390389352295 par=0,1,2,3,4,5,6,7,6,9,6,11,1,13,14,15,16,17,18,17,20,17,22 poly=1,23,231,1336,4939,12234,20649,23593,17665,8063,1922,160,1
PERK n=23 alpha=20 k=5 q=13 num=84770478 den=395691664 par=0,1,2,3,3,3,3,3,3,3,3,3,3,1,14,1,1,1,1,1,1,1,1
PERK n=23 alpha=20 k=6 q=13 num=517178304 den=2632921344 par=0,1,2,2,2,2,2,2,2,2,2,1,12,1,1,1,1,1,1,1,1,1,1
PERK n=23 alpha=20 k=7 q=13 num=1262787111 den=6926400625 par=0,1,2,3,3,3,3,3,3,3,3,2,2,2,2,2,2,1,18,18,18,18,18
PERK n=23 alpha=20 k=8 q=13 num=3030531296 den=17407899721 par=0,1,2,3,3,3,3,3,3,3,3,2,2,2,2,2,2,1,18,18,18,18,18
PERK n=23 alpha=20 k=9 q=13 num=5079440343 den=29843599009 par=0,1,2,3,3,3,3,3,3,3,3,2,2,2,2,2,2,1,18,18,18,18,18
PERK n=23 alpha=20 k=10 q=13 num=5979708947 den=35229037636 par=0,1,2,3,3,3,3,3,3,3,3,2,2,2,2,2,2,1,18,18,18,18,18
PERK n=23 alpha=20 k=11 q=13 num=5193415789 den=30283308441 par=0,1,2,3,3,3,3,3,3,3,3,3,3,3,2,2,2,2,1,19,19,19,19
PERK n=23 alpha=20 k=12 q=13 num=2917880470 den=16566521521 par=0,1,2,3,3,3,3,3,3,3,3,3,3,3,2,2,2,2,1,19,19,19,19
PERK n=23 alpha=20 k=13 q=13 num=1214376788 den=6599612644 par=0,1,2,3,3,3,3,3,3,3,3,3,3,3,3,3,2,2,2,1,20,20,20
PERALPHA n=23 alpha=12 k=6 q=8 num=262387904 den=968578884 par=0,1,2,3,2,5,2,7,2,9,2,11,2,13,2,15,2,17,2,2,1,21,22
PERALPHA n=23 alpha=13 k=7 q=9 num=497053004 den=1958770564 par=0,1,2,3,2,5,2,7,2,9,2,11,2,13,1,15,16,15,18,15,15,15,15
PERALPHA n=23 alpha=14 k=7 q=9 num=610128097 den=2583078976 par=0,1,2,3,3,3,3,3,3,1,10,1,12,1,14,1,16,1,18,1,20,1,22
PERALPHA n=23 alpha=15 k=8 q=10 num=699538694 den=3158215204 par=0,1,2,3,4,4,4,4,2,2,2,2,1,13,14,13,16,13,18,13,20,13,22
PERALPHA n=23 alpha=16 k=8 q=11 num=609278907 den=2931247881 par=0,1,2,3,4,5,5,5,5,3,3,3,1,13,14,15,14,17,14,19,1,1,1
PERALPHA n=23 alpha=17 k=9 q=11 num=792716990 den=4075034896 par=0,1,2,3,4,5,5,5,5,3,3,3,1,13,14,15,14,17,14,14,1,1,1
PERALPHA n=23 alpha=18 k=10 q=12 num=488189385 den=2668755600 par=0,1,2,3,3,3,3,2,8,8,8,1,12,13,13,13,12,17,17,17,1,1,1
PERALPHA n=23 alpha=19 k=10 q=13 num=1717367436 den=9840640000 par=0,1,2,3,4,4,4,4,4,4,3,3,3,3,1,15,16,16,16,16,1,1,1
PERALPHA n=23 alpha=20 k=10 q=13 num=5979708947 den=35229037636 par=0,1,2,3,3,3,3,3,3,3,3,2,2,2,2,2,2,1,18,18,18,18,18
TOPQ n=23 alpha=20 k=13 q=13 num=1214376788 den=6599612644 par=0,1,2,3,3,3,3,3,3,3,3,3,3,3,3,3,2,2,2,1,20,20,20
NEWTON n=23 alpha=16 k=11 q=11 num=683223552 den=724451328 par=0,1,2,3,3,2,6,6,2,9,9,1,12,13,13,1,16,17,17,1,20,21,21
NEWTONFAIL_DIST n=23 q_minus_k=0 trees=23080
NEWTONFAIL_DIST n=23 q_minus_k=1 trees=9985
NEWTONFAIL_DIST n=23 q_minus_k=2 trees=3608
NEWTONFAIL_DIST n=23 q_minus_k=3 trees=1291
NEWTONFAIL_DIST n=23 q_minus_k=4 trees=699
NEWTONFAIL_DIST n=23 q_minus_k=5 trees=333
NEWTONFAIL_DIST n=23 q_minus_k=6 trees=176
NEWTONFAIL_DIST n=23 q_minus_k=7 trees=96
NEWTONFAIL_DIST n=23 q_minus_k=8 trees=45
VDBIN_FLOAT n=23 bin_lo=0 value=0.716564390698 k=8 alpha=12 q=8 lambda=1.87454518698 V=1.83551212779 delta=0.390389352295 par=0,1,2,3,4,5,6,7,6,9,6,11,1,13,14,15,16,17,18,17,20,17,22
VDBIN_FLOAT n=23 bin_lo=2 value=0.723880724767 k=9 alpha=13 q=9 lambda=2.07477987021 V=2.20644703461 delta=0.328075278224 par=0,1,2,3,4,3,6,3,8,3,10,2,12,12,12,1,16,17,18,1,20,1,22
VDBIN_FLOAT n=23 bin_lo=4 value=0.816013342676 k=11 alpha=17 q=11 lambda=1.99769510878 V=4.00824436188 delta=0.203583731181 par=0,1,2,3,4,5,5,5,4,9,9,9,3,1,14,15,16,17,17,17,15,1,1
STATS n=23 trees=3014136 viol5=0 viol4=0 zero5=0 zero4=0 nonunimodal=0 sampled=0 newton_fail_trees=39313
