TOP5 rank=0 n=23 alpha=22 k=11 q=15 num=79483257308 den=497634306624 par=0,1,1,1,1,1,1,1,1,1,1,1,1,1,1,1,1,1,1,1,1,1,1 poly=1,23,231,1540,7315,26334,74613,170544,319770,497420,646646,705432,646646,497420,319770,170544,74613,26334,7315,1540,231,22,1
TOP5 rank=1 n=23 alpha=20 k=10 q=13 num=6050185492 den=35713440400 par=0,1,2,2,2,2,2,2,2,2,1,11,11,11,11,11,11,1,1,1,1,1,1 poly=1,23,231,1394,5808,18021,43571,84456,133627,174461,188980,170028,126710,77703,38788,15506,4845,1140,190,20,1
TOP5 rank=2 n=23 alpha=20 k=10 q=13 num=6050641318 den=35654502976 par=0,1,2,3,3,3,3,3,3,3,3,3,2,2,2,2,2,1,18,18,18,18,18 poly=1,23,231,1391,5784,17930,43357,84115,133248,174167,188824,169974,126699,77702,38788,15506,4845,1140,190,20,1
TOP5 rank=3 n=23 alpha=20 k=10 q=13 num=5980518751 den=35228662249 par=0,1,2,3,3,3,3,3,3,2,2,2,2,2,2,2,1,17,17,17,17,17,17 poly=1,23,231,1388,5751,17770,42891,83190,131918,172746,187693,169313,126424,77625,38775,15505,4845,1140,190,20,1
TOP5 rank=4 n=23 alpha=20 k=10 q=13 num=6052553609 den=35651481856 par=0,1,2,3,3,3,3,3,3,2,2,2,2,2,2,2,2,1,18,18,18,18,18 poly=1,23,231,1391,5781,17912,43311,84050,133193,174139,188816,169973,126699,77702,38788,15506,4845,1140,190,20,1
TOP5 rank=5 n=23 alpha=20 k=10 q=13 num=6057699144 den=35634490441 par=0,1,2,3,3,3,3,3,1,9,10,10,10,10,10,1,1,1,1,1,1,1,1 poly=1,23,231,1386,5741,17792,43096,83794,132982,174019,188771,169963,126698,77702,38788,15506,4845,1140,190,20,1
TOP5 rank=6 n=23 alpha=20 k=10 q=13 num=6183030346 den=36364964416 par=0,1,2,2,2,2,2,2,2,2,1,11,11,11,11,11,1,1,1,1,1,1,1 poly=1,23,231,1396,5827,18114,43877,85186,134920,176178,190696,171315,127425,77989,38866,15519,4846,1140,190,20,1
TOP5 rank=7 n=23 alpha=20 k=10 q=13 num=6183201661 den=36364964416 par=0,1,2,2,2,2,2,2,2,2,1,11,11,11,11,11,11,11,1,1,1,1,1 poly=1,23,231,1394,5816,18089,43847,85166,134913,176177,190696,171315,127425,77989,38866,15519,4846,1140,190,20,1
TOP5 rank=8 n=23 alpha=20 k=10 q=13 num=5983153707 den=35167125841 par=0,1,2,2,2,2,2,2,2,2,1,11,11,11,11,11,11,1,18,18,18,18,18 poly=1,23,231,1384,5713,17636,42601,82764,131477,172423,187529,169258,126413,77624,38775,15505,4845,1140,190,20,1
TOP5 rank=9 n=23 alpha=20 k=10 q=13 num=6259981810 den=36780335524 par=0,1,2,3,3,3,3,3,3,2,2,2,2,2,2,2,2,2,1,19,19,19,19 poly=1,23,231,1396,5835,18184,44158,85870,136042,177479,191782,171966,127699,78066,38879,15520,4846,1140,190,20,1
TOP5 rank=10 n=23 alpha=20 k=10 q=13 num=6259981810 den=36780335524 par=0,1,2,3,3,3,3,3,2,2,2,2,2,2,2,2,2,1,18,18,18,18,18 poly=1,23,231,1395,5830,18174,44148,85865,136041,177479,191782,171966,127699,78066,38879,15520,4846,1140,190,20,1
TOP5 rank=11 n=23 alpha=20 k=10 q=13 num=6262898034 den=36776883529 par=0,1,2,3,3,3,3,3,1,9,10,10,10,10,1,1,1,1,1,1,1,1,1 poly=1,23,231,1391,5800,18094,44023,85739,135957,177443,191773,171965,127699,78066,38879,15520,4846,1140,190,20,1
TOP4 rank=0 n=23 alpha=22 k=11 q=15 num=79483257308 den=497634306624 par=0,1,1,1,1,1,1,1,1,1,1,1,1,1,1,1,1,1,1,1,1,1,1 poly=1,23,231,1540,7315,26334,74613,170544,319770,497420,646646,705432,646646,497420,319770,170544,74613,26334,7315,1540,231,22,1
TOP4 rank=1 n=23 alpha=20 k=10 q=13 num=6050185492 den=35713440400 par=0,1,2,2,2,2,2,2,2,2,1,11,11,11,11,11,11,1,1,1,1,1,1 poly=1,23,231,1394,5808,18021,43571,84456,133627,174461,188980,170028,126710,77703,38788,15506,4845,1140,190,20,1
TOP4 rank=2 n=23 alpha=20 k=10 q=13 num=6050641318 den=35654502976 par=0,1,2,3,3,3,3,3,3,3,3,3,2,2,2,2,2,1,18,18,18,18,18 poly=1,23,231,1391,5784,17930,43357,84115,133248,174167,188824,169974,126699,77702,38788,15506,4845,1140,190,20,1
TOP4 rank=3 n=23 alpha=20 k=10 q=13 num=5980518751 den=35228662249 par=0,1,2,3,3,3,3,3,3,2,2,2,2,2,2,2,1,17,17,17,17,17,17 poly=1,23,231,1388,5751,17770,42891,83190,131918,172746,187693,169313,126424,77625,38775,15505,4845,1140,190,20,1
TOP4 rank=4 n=23 alpha=20 k=10 q=13 num=6052553609 den=35651481856 par=0,1,2,3,3,3,3,3,3,2,2,2,2,2,2,2,2,1,18,18,18,18,18 poly=1,23,231,1391,5781,17912,43311,84050,133193,174139,188816,169973,126699,77702,38788,15506,4845,1140,190,20,1
TOP4 rank=5 n=23 alpha=20 k=10 q=13 num=6057699144 den=35634490441 par=0,1,2,3,3,3,3,3,1,9,10,10,10,10,10,1,1,1,1,1,1,1,1 poly=1,23,231,1386,5741,17792,43096,83794,132982,174019,188771,169963,126698,77702,38788,15506,4845,1140,190,20,1
TOP4 rank=6 n=23 alpha=20 k=10 q=13 num=6183030346 den=36364964416 par=0,1,2,2,2,2,2,2,2,2,1,11,11,11,11,11,1,1,1,1,1,1,1 poly=1,23,231,1396,5827,18114,43877,85186,134920,176178,190696,171315,127425,77989,38866,15519,4846,1140,190,20,1
TOP4 rank=7 n=23 alpha=20 k=10 q=13 num=6183201661 den=36364964416 par=0,1,2,2,2,2,2,2,2,2,1,11,11,11,11,11,11,11,1,1,1,1,1 poly=1,23,231,1394,5816,18089,43847,85166,134913,176177,190696,171315,127425,77989,38866,15519,4846,1140,190,20,1
TOP4 rank=8 n=23 alpha=20 k=10 q=13 num=5983153707 den=35167125841 par=0,1,2,2,2,2,2,2,2,2,1,11,11,11,11,11,11,1,18,18,18,18,18 poly=1,23,231,1384,5713,17636,42601,82764,131477,172423,187529,169258,126413,77624,38775,15505,4845,1140,190,20,1
TOP4 rank=9 n=23 alpha=20 k=10 q=13 num=6259981810 den=36780335524 par=0,1,2,3,3,3,3,3,3,2,2,2,2,2,2,2,2,2,1,19,19,19,19 poly=1,23,231,1396,5835,18184,44158,85870,136042,177479,191782,171966,127699,78066,38879,15520,4846,1140,190,20,1
TOP4 rank=10 n=23 alpha=20 k=10 q=13 num=6259981810 den=36780335524 par=0,1,2,3,3,3,3,3,2,2,2,2,2,2,2,2,2,1,18,18,18,18,18 poly=1,23,231,1395,5830,18174,44148,85865,136041,177479,191782,171966,127699,78066,38879,15520,4846,1140,190,20,1
TOP4 rank=11 n=23 alpha=20 k=10 q=13 num=6262898034 den=36776883529 par=0,1,2,3,3,3,3,3,1,9,10,10,10,10,1,1,1,1,1,1,1,1,1 poly=1,23,231,1391,5800,18094,44023,85739,135957,177443,191773,171965,127699,78066,38879,15520,4846,1140,190,20,1
VDMIN_FLOAT n=23 value=0.713295367817 k=9 alpha=13 q=9 lambda=2.50337643331 V=1.8042812653 delta=0.395334907886 par=0,1,2,3,4,4,1,7,8,9,8,11,8,13,8,15,7,1,18,1,20,1,22 poly=1,23,231,1344,5058,12985,23288,29266,25337,14476,5001,864,43,1
PERK n=23 alpha=22 k=5 q=15 num=147685461 den=693479556 par=0,1,1,1,1,1,1,1,1,1,1,1,1,1,1,1,1,1,1,1,1,1,1
PERK n=23 alpha=22 k=6 q=15 num=1075994073 den=5567099769 par=0,1,1,1,1,1,1,1,1,1,1,1,1,1,1,1,1,1,1,1,1,1,1
PERK n=23 alpha=22 k=7 q=15 num=5226256926 den=29085255936 par=0,1,1,1,1,1,1,1,1,1,1,1,1,1,1,1,1,1,1,1,1,1,1
PERK n=23 alpha=22 k=8 q=15 num=17420856420 den=102252852900 par=0,1,1,1,1,1,1,1,1,1,1,1,1,1,1,1,1,1,1,1,1,1,1
PERK n=23 alpha=22 k=9 q=15 num=40648664980 den=247426656400 par=0,1,1,1,1,1,1,1,1,1,1,1,1,1,1,1,1,1,1,1,1,1,1
PERK n=23 alpha=22 k=10 q=15 num=67255063876 den=418151049316 par=0,1,1,1,1,1,1,1,1,1,1,1,1,1,1,1,1,1,1,1,1,1,1
PERK n=23 alpha=22 k=11 q=15 num=79483257308 den=497634306624 par=0,1,1,1,1,1,1,1,1,1,1,1,1,1,1,1,1,1,1,1,1,1,1
PERK n=23 alpha=22 k=12 q=15 num=67255063876 den=418151049316 par=0,1,1,1,1,1,1,1,1,1,1,1,1,1,1,1,1,1,1,1,1,1,1
PERK n=23 alpha=22 k=13 q=15 num=40648664980 den=247426656400 par=0,1,1,1,1,1,1,1,1,1,1,1,1,1,1,1,1,1,1,1,1,1,1
PERK n=23 alpha=22 k=14 q=15 num=17420856420 den=102252852900 par=0,1,1,1,1,1,1,1,1,1,1,1,1,1,1,1,1,1,1,1,1,1,1
PERK n=23 alpha=22 k=15 q=15 num=5226256926 den=29085255936 par=0,1,1,1,1,1,1,1,1,1,1,1,1,1,1,1,1,1,1,1,1,1,1
PERALPHA n=23 alpha=12 k=6 q=8 num=202049593 den=742290025 par=0,1,2,3,2,5,2,7,2,9,2,11,1,13,14,13,16,13,18,13,20,13,13
PERALPHA n=23 alpha=13 k=7 q=9 num=514543680 den=2020682304 par=0,1,2,3,2,5,2,7,2,9,2,11,1,13,14,13,16,13,18,13,13,13,13
PERALPHA n=23 alpha=14 k=7 q=9 num=609168244 den=2570895616 par=0,1,2,3,3,3,3,3,1,9,1,11,1,13,1,15,1,17,1,19,1,21,1
PERALPHA n=23 alpha=15 k=8 q=10 num=703129904 den=3172392976 par=0,1,2,3,3,3,3,3,2,9,9,9,9,1,14,1,16,1,18,1,20,1,22
PERALPHA n=23 alpha=16 k=9 q=11 num=344254714 den=1654862400 par=0,1,2,3,4,4,4,3,8,8,8,3,12,12,12,2,2,2,1,19,20,19,22
PERALPHA n=23 alpha=17 k=9 q=11 num=637748150 den=3276074169 par=0,1,2,3,4,5,5,5,5,3,3,2,12,12,12,12,1,17,18,19,1,1,1
PERALPHA n=23 alpha=18 k=10 q=12 num=488263699 den=2672579809 par=0,1,2,3,3,3,3,2,8,8,8,2,12,12,12,1,16,17,17,17,1,1,1
PERALPHA n=23 alpha=19 k=10 q=13 num=1716956745 den=9847783696 par=0,1,2,3,3,3,3,3,3,2,2,2,2,1,14,14,14,14,1,19,19,19,19
PERALPHA n=23 alpha=20 k=10 q=13 num=6050185492 den=35713440400 par=0,1,2,2,2,2,2,2,2,2,1,11,11,11,11,11,11,1,1,1,1,1,1
PERALPHA n=23 alpha=22 k=11 q=15 num=79483257308 den=497634306624 par=0,1,1,1,1,1,1,1,1,1,1,1,1,1,1,1,1,1,1,1,1,1,1
TOPQ n=23 alpha=22 k=15 q=15 num=5226256926 den=29085255936 par=0,1,1,1,1,1,1,1,1,1,1,1,1,1,1,1,1,1,1,1,1,1,1
NEWTON n=23 alpha=17 k=11 q=11 num=8854638660 den=9374364738 par=0,1,2,3,4,4,4,3,8,8,8,3,12,12,12,2,2,1,18,19,18,18,18
NEWTONFAIL_DIST n=23 q_minus_k=0 trees=26900
NEWTONFAIL_DIST n=23 q_minus_k=1 trees=12864
NEWTONFAIL_DIST n=23 q_minus_k=2 trees=4655
NEWTONFAIL_DIST n=23 q_minus_k=3 trees=1607
NEWTONFAIL_DIST n=23 q_minus_k=4 trees=715
NEWTONFAIL_DIST n=23 q_minus_k=5 trees=365
NEWTONFAIL_DIST n=23 q_minus_k=6 trees=177
NEWTONFAIL_DIST n=23 q_minus_k=7 trees=77
NEWTONFAIL_DIST n=23 q_minus_k=8 trees=23
VDBIN_FLOAT n=23 bin_lo=0 value=0.713295367817 k=9 alpha=13 q=9 lambda=2.50337643331 V=1.8042812653 delta=0.395334907886 par=0,1,2,3,4,4,1,7,8,9,8,11,8,13,8,15,7,1,18,1,20,1,22
VDBIN_FLOAT n=23 bin_lo=2 value=0.724391102173 k=9 alpha=13 q=9 lambda=1.99702359988 V=2.22180570189 delta=0.326037106465 par=0,1,2,3,2,5,2,7,2,9,2,11,1,13,14,13,16,13,18,1,20,20,20
VDBIN_FLOAT n=23 bin_lo=4 value=0.813627972747 k=11 alpha=17 q=11 lambda=2.00062310536 V=4.01361187362 delta=0.202717153119 par=0,1,2,3,4,4,4,2,1,9,10,11,11,9,9,1,16,16,16,1,20,20,20
STATS n=23 trees=3100632 viol5=0 viol4=0 zero5=0 zero4=0 nonunimodal=0 sampled=0 newton_fail_trees=47383
