TOP5 rank=0 n=23 alpha=21 k=10 q=14 num=20716539336 den=124422685696 par=0,1,2,2,2,2,2,2,2,2,2,2,1,13,13,13,13,13,13,13,13,13,13 poly=1,23,231,1420,6225,20769,54768,116700,203730,294020,352736,352718,293930,203490,116280,54264,20349,5985,1330,210,21,1
TOP5 rank=1 n=23 alpha=20 k=10 q=13 num=6049203229 den=35713818361 par=0,1,2,2,2,2,2,2,1,9,9,9,9,9,9,1,1,1,1,1,1,1,1 poly=1,23,231,1396,5821,18057,43626,84506,133654,174469,188981,170028,126710,77703,38788,15506,4845,1140,190,20,1
TOP5 rank=2 n=23 alpha=20 k=10 q=13 num=5925337405 den=34931983801 par=0,1,2,3,3,3,3,3,3,3,2,2,2,2,2,2,1,17,17,17,17,17,17 poly=1,23,231,1387,5739,17704,42671,82695,131126,171822,186901,168818,126204,77559,38763,15504,4845,1140,190,20,1
TOP5 rank=3 n=23 alpha=20 k=10 q=13 num=5980349438 den=35228662249 par=0,1,2,3,3,3,3,3,3,3,2,2,2,2,2,2,2,1,18,18,18,18,18 poly=1,23,231,1389,5757,17785,42911,83205,131924,172747,187693,169313,126424,77625,38775,15505,4845,1140,190,20,1
TOP5 rank=4 n=23 alpha=20 k=10 q=13 num=5980518751 den=35228662249 par=0,1,2,3,3,3,3,3,3,3,2,2,2,2,2,1,16,16,16,16,16,16,16 poly=1,23,231,1387,5746,17760,42881,83185,131917,172746,187693,169313,126424,77625,38775,15505,4845,1140,190,20,1
TOP5 rank=5 n=23 alpha=20 k=10 q=13 num=6053535762 den=35651104225 par=0,1,2,3,3,3,3,3,3,3,3,1,12,12,12,12,12,12,1,1,1,1,1 poly=1,23,231,1388,5763,17866,43246,83995,133165,174131,188815,169973,126699,77702,38788,15506,4845,1140,190,20,1
TOP5 rank=6 n=23 alpha=20 k=10 q=13 num=6254832305 den=36797597929 par=0,1,2,2,2,2,2,2,1,9,9,9,9,9,1,1,1,1,1,1,1,1,1 poly=1,23,231,1400,5865,18284,44353,86116,136251,177599,191827,171976,127700,78066,38879,15520,4846,1140,190,20,1
TOP5 rank=7 n=23 alpha=20 k=10 q=13 num=5911880896 den=34747196836 par=0,1,2,3,3,3,3,3,3,3,1,11,12,12,12,12,12,12,1,1,1,1,1 poly=1,23,231,1381,5683,17494,42181,81904,130202,171030,186406,168598,126138,77547,38762,15504,4845,1140,190,20,1
TOP5 rank=8 n=23 alpha=20 k=10 q=13 num=6260664183 den=36790692481 par=0,1,2,2,2,2,2,2,2,2,2,2,1,13,13,13,13,13,1,19,19,19,19 poly=1,23,231,1392,5809,18130,44107,85865,136083,177527,191809,171974,127700,78066,38879,15520,4846,1140,190,20,1
TOP5 rank=9 n=23 alpha=20 k=10 q=13 num=5966704389 den=35043091204 par=0,1,2,3,3,3,3,3,3,3,1,11,12,12,12,12,12,12,12,1,1,1,1 poly=1,23,231,1382,5697,17569,42417,82413,131000,171955,187198,169093,126358,77613,38774,15505,4845,1140,190,20,1
TOP5 rank=10 n=23 alpha=20 k=10 q=13 num=5966873482 den=35043091204 par=0,1,2,3,3,3,3,3,3,3,1,11,12,12,12,12,12,1,1,1,1,1,1 poly=1,23,231,1382,5695,17560,42401,82399,130994,171954,187198,169093,126358,77613,38774,15505,4845,1140,190,20,1
TOP5 rank=11 n=23 alpha=20 k=10 q=13 num=6185344464 den=36302443024 par=0,1,2,3,3,3,3,3,3,3,2,2,2,2,2,2,2,2,1,19,19,19,19 poly=1,23,231,1393,5800,18005,43617,84780,134486,175856,190532,171260,127414,77988,38866,15519,4846,1140,190,20,1
TOP4 rank=0 n=23 alpha=21 k=10 q=14 num=20716539336 den=124422685696 par=0,1,2,2,2,2,2,2,2,2,2,2,1,13,13,13,13,13,13,13,13,13,13 poly=1,23,231,1420,6225,20769,54768,116700,203730,294020,352736,352718,293930,203490,116280,54264,20349,5985,1330,210,21,1
TOP4 rank=1 n=23 alpha=20 k=10 q=13 num=6049203229 den=35713818361 par=0,1,2,2,2,2,2,2,1,9,9,9,9,9,9,1,1,1,1,1,1,1,1 poly=1,23,231,1396,5821,18057,43626,84506,133654,174469,188981,170028,126710,77703,38788,15506,4845,1140,190,20,1
TOP4 rank=2 n=23 alpha=20 k=10 q=13 num=5925337405 den=34931983801 par=0,1,2,3,3,3,3,3,3,3,2,2,2,2,2,2,1,17,17,17,17,17,17 poly=1,23,231,1387,5739,17704,42671,82695,131126,171822,186901,168818,126204,77559,38763,15504,4845,1140,190,20,1
TOP4 rank=3 n=23 alpha=20 k=10 q=13 num=5980349438 den=35228662249 par=0,1,2,3,3,3,3,3,3,3,2,2,2,2,2,2,2,1,18,18,18,18,18 poly=1,23,231,1389,5757,17785,42911,83205,131924,172747,187693,169313,126424,77625,38775,15505,4845,1140,190,20,1
TOP4 rank=4 n=23 alpha=20 k=10 q=13 num=5980518751 den=35228662249 par=0,1,2,3,3,3,3,3,3,3,2,2,2,2,2,1,16,16,16,16,16,16,16 poly=1,23,231,1387,5746,17760,42881,83185,131917,172746,187693,169313,126424,77625,38775,15505,4845,1140,190,20,1
TOP4 rank=5 n=23 alpha=20 k=10 q=13 num=6053535762 den=35651104225 par=0,1,2,3,3,3,3,3,3,3,3,1,12,12,12,12,12,12,1,1,1,1,1 poly=1,23,231,1388,5763,17866,43246,83995,133165,174131,188815,169973,126699,77702,38788,15506,4845,1140,190,20,1
TOP4 rank=6 n=23 alpha=20 k=10 q=13 num=6254832305 den=36797597929 par=0,1,2,2,2,2,2,2,1,9,9,9,9,9,1,1,1,1,1,1,1,1,1 poly=1,23,231,1400,5865,18284,44353,86116,136251,177599,191827,171976,127700,78066,38879,15520,4846,1140,190,20,1
TOP4 rank=7 n=23 alpha=20 k=10 q=13 num=5911880896 den=34747196836 par=0,1,2,3,3,3,3,3,3,3,1,11,12,12,12,12,12,12,1,1,1,1,1 poly=1,23,231,1381,5683,17494,42181,81904,130202,171030,186406,168598,126138,77547,38762,15504,4845,1140,190,20,1
TOP4 rank=8 n=23 alpha=20 k=10 q=13 num=6260664183 den=36790692481 par=0,1,2,2,2,2,2,2,2,2,2,2,1,13,13,13,13,13,1,19,19,19,19 poly=1,23,231,1392,5809,18130,44107,85865,136083,177527,191809,171974,127700,78066,38879,15520,4846,1140,190,20,1
TOP4 rank=9 n=23 alpha=20 k=10 q=13 num=5966704389 den=35043091204 par=0,1,2,3,3,3,3,3,3,3,1,11,12,12,12,12,12,12,12,1,1,1,1 poly=1,23,231,1382,5697,17569,42417,82413,131000,171955,187198,169093,126358,77613,38774,15505,4845,1140,190,20,1
TOP4 rank=10 n=23 alpha=20 k=10 q=13 num=5966873482 den=35043091204 par=0,1,2,3,3,3,3,3,3,3,1,11,12,12,12,12,12,1,1,1,1,1,1 poly=1,23,231,1382,5695,17560,42401,82399,130994,171954,187198,169093,126358,77613,38774,15505,4845,1140,190,20,1
TOP4 rank=11 n=23 alpha=20 k=10 q=13 num=6185344464 den=36302443024 par=0,1,2,3,3,3,3,3,3,3,2,2,2,2,2,2,2,2,1,19,19,19,19 poly=1,23,231,1393,5800,18005,43617,84780,134486,175856,190532,171260,127414,77988,38866,15519,4846,1140,190,20,1
VDMIN_FLOAT n=23 value=0.716278963304 k=9 alpha=13 q=9 lambda=2.64292299815 V=1.81329820131 delta=0.395014434354 par=0,1,2,3,2,5,2,7,1,9,10,9,12,9,14,1,16,17,16,19,1,21,21 poly=1,23,231,1341,5008,12647,22058,26605,21816,11689,3789,629,31,1
PERK n=23 alpha=21 k=5 q=14 num=90420561 den=431351361 par=0,1,2,2,2,2,2,2,2,2,2,2,1,13,13,13,13,13,13,13,13,13,13
PERK n=23 alpha=21 k=6 q=14 num=575791524 den=2999533824 par=0,1,2,2,2,2,2,2,2,2,2,2,1,13,13,13,13,13,13,13,13,13,13
PERK n=23 alpha=21 k=7 q=14 num=2461005360 den=13618890000 par=0,1,2,2,2,2,2,2,2,2,2,2,1,13,13,13,13,13,13,13,13,13,13
PERK n=23 alpha=21 k=8 q=14 num=7193778900 den=41505912900 par=0,1,2,2,2,2,2,2,2,2,2,2,1,13,13,13,13,13,13,13,13,13,13
PERK n=23 alpha=21 k=9 q=14 num=14584855120 den=86447760400 par=0,1,2,2,2,2,2,2,2,2,2,2,1,13,13,13,13,13,13,13,13,13,13
PERK n=23 alpha=21 k=10 q=14 num=20716539336 den=124422685696 par=0,1,2,2,2,2,2,2,2,2,2,2,1,13,13,13,13,13,13,13,13,13,13
PERK n=23 alpha=21 k=11 q=14 num=20730295044 den=124409987524 par=0,1,2,2,2,2,2,2,2,2,2,2,1,13,13,13,13,13,13,13,13,13,13
PERK n=23 alpha=21 k=12 q=14 num=14620259080 den=86394844900 par=0,1,2,2,2,2,2,2,2,2,2,2,1,13,13,13,13,13,13,13,13,13,13
PERK n=23 alpha=21 k=13 q=14 num=7229999700 den=41408180100 par=0,1,2,2,2,2,2,2,2,2,2,2,1,13,13,13,13,13,13,13,13,13,13
PERK n=23 alpha=21 k=14 q=14 num=2478857040 den=13521038400 par=0,1,2,2,2,2,2,2,2,2,2,2,1,13,13,13,13,13,13,13,13,13,13
PERALPHA n=23 alpha=12 k=6 q=8 num=204974141 den=752130625 par=0,1,2,3,2,5,2,7,2,9,2,2,1,13,14,13,16,13,18,13,20,13,1
PERALPHA n=23 alpha=13 k=7 q=9 num=495499468 den=1943928100 par=0,1,2,3,2,5,2,7,2,9,2,2,1,13,14,13,16,13,18,13,20,13,13
PERALPHA n=23 alpha=14 k=7 q=9 num=617038135 den=2592846400 par=0,1,2,3,2,5,2,7,2,9,2,2,1,13,14,13,16,13,18,13,13,13,13
PERALPHA n=23 alpha=15 k=8 q=10 num=730885354 den=3290399044 par=0,1,2,3,4,3,6,3,8,3,10,1,12,13,14,13,13,13,13,1,1,1,1
PERALPHA n=23 alpha=16 k=8 q=11 num=609684364 den=2936772864 par=0,1,2,3,4,4,4,4,3,9,9,9,9,2,2,2,1,17,18,17,20,17,22
PERALPHA n=23 alpha=17 k=9 q=11 num=637456620 den=3282144100 par=0,1,2,3,4,4,4,4,3,9,9,9,9,3,14,14,14,2,2,2,1,21,22
PERALPHA n=23 alpha=18 k=10 q=12 num=492532552 den=2702128324 par=0,1,2,2,2,2,1,7,7,7,7,1,12,12,12,1,16,16,16,1,20,20,20
PERALPHA n=23 alpha=19 k=9 q=13 num=1783837912 den=10219188100 par=0,1,2,3,4,4,4,4,2,2,2,2,1,13,14,15,15,15,15,13,13,13,13
PERALPHA n=23 alpha=20 k=10 q=13 num=6049203229 den=35713818361 par=0,1,2,2,2,2,2,2,1,9,9,9,9,9,9,1,1,1,1,1,1,1,1
PERALPHA n=23 alpha=21 k=10 q=14 num=20716539336 den=124422685696 par=0,1,2,2,2,2,2,2,2,2,2,2,1,13,13,13,13,13,13,13,13,13,13
TOPQ n=23 alpha=21 k=14 q=14 num=2478857040 den=13521038400 par=0,1,2,2,2,2,2,2,2,2,2,2,1,13,13,13,13,13,13,13,13,13,13
NEWTON n=23 alpha=17 k=11 q=11 num=8844217704 den=9396559872 par=0,1,2,3,3,3,2,7,7,7,2,11,11,11,2,15,15,15,1,19,1,1,1
NEWTONFAIL_DIST n=23 q_minus_k=0 trees=23011
NEWTONFAIL_DIST n=23 q_minus_k=1 trees=10644
NEWTONFAIL_DIST n=23 q_minus_k=2 trees=3633
NEWTONFAIL_DIST n=23 q_minus_k=3 trees=1119
NEWTONFAIL_DIST n=23 q_minus_k=4 trees=407
NEWTONFAIL_DIST n=23 q_minus_k=5 trees=218
NEWTONFAIL_DIST n=23 q_minus_k=6 trees=107
NEWTONFAIL_DIST n=23 q_minus_k=7 trees=81
NEWTONFAIL_DIST n=23 q_minus_k=8 trees=25
NEWTONFAIL_DIST n=23 q_minus_k=9 trees=1
VDBIN_FLOAT n=23 bin_lo=0 value=0.716278963304 k=9 alpha=13 q=9 lambda=2.64292299815 V=1.81329820131 delta=0.395014434354 par=0,1,2,3,2,5,2,7,1,9,10,9,12,9,14,1,16,17,16,19,1,21,21
VDBIN_FLOAT n=23 bin_lo=2 value=0.725033789858 k=8 alpha=12 q=8 lambda=1.67774343559 V=2.06615159587 delta=0.350910258137 par=0,1,2,3,4,3,6,1,8,9,10,1,12,13,14,1,16,17,18,1,20,21,22
VDBIN_FLOAT n=23 bin_lo=4 value=0.811138549733 k=11 alpha=17 q=11 lambda=2.00424612687 V=4.02060172567 delta=0.201745560759 par=0,1,2,3,3,3,2,7,7,7,2,11,11,11,2,15,15,1,18,19,19,1,1
STATS n=23 trees=2912211 viol5=0 viol4=0 zero5=0 zero4=0 nonunimodal=0 sampled=0 newton_fail_trees=39246
