TOP5 rank=0 n=23 alpha=20 k=10 q=13 num=5994305590 den=35414723344 par=0,1,2,2,2,2,2,2,2,1,10,10,10,10,10,10,1,1,1,1,1,1,1 poly=1,23,231,1394,5802,17970,43371,83976,132841,173538,188188,169533,126490,77637,38776,15505,4845,1140,190,20,1
TOP5 rank=1 n=23 alpha=20 k=10 q=13 num=5994475123 den=35414723344 par=0,1,2,2,2,2,2,2,2,1,10,10,10,10,10,10,10,1,1,1,1,1,1 poly=1,23,231,1393,5796,17955,43351,83961,132835,173537,188188,169533,126490,77637,38776,15505,4845,1140,190,20,1
TOP5 rank=2 n=23 alpha=20 k=10 q=13 num=6055786533 den=35637510841 par=0,1,2,3,3,3,3,3,3,3,3,3,1,13,14,14,14,14,14,1,1,1,1 poly=1,23,231,1386,5745,17814,43148,83863,133038,174047,188779,169964,126698,77702,38788,15506,4845,1140,190,20,1
TOP5 rank=3 n=23 alpha=20 k=10 q=13 num=6182212534 den=36365345809 par=0,1,2,2,2,2,2,2,2,1,10,10,10,10,10,1,1,1,1,1,1,1,1 poly=1,23,231,1397,5834,18135,43912,85221,134941,176185,190697,171315,127425,77989,38866,15519,4846,1140,190,20,1
TOP5 rank=4 n=23 alpha=20 k=10 q=13 num=5911880896 den=34747196836 par=0,1,2,2,2,2,2,2,2,1,10,10,10,10,10,10,1,17,17,17,17,17,17 poly=1,23,231,1382,5688,17504,42191,81909,130203,171030,186406,168598,126138,77547,38762,15504,4845,1140,190,20,1
TOP5 rank=5 n=23 alpha=20 k=10 q=13 num=5966704389 den=35043091204 par=0,1,2,2,2,2,2,2,2,1,10,10,10,10,10,10,10,1,18,18,18,18,18 poly=1,23,231,1383,5701,17575,42421,82414,131000,171955,187198,169093,126358,77613,38774,15505,4845,1140,190,20,1
TOP5 rank=6 n=23 alpha=20 k=10 q=13 num=6188755512 den=36288345025 par=0,1,2,3,3,3,3,3,3,3,3,3,1,13,14,14,14,14,14,14,1,1,1 poly=1,23,231,1387,5760,17899,43443,84583,134326,175763,190495,171251,127413,77988,38866,15519,4846,1140,190,20,1
TOP5 rank=7 n=23 alpha=20 k=10 q=13 num=6188755512 den=36288345025 par=0,1,2,3,3,3,3,3,3,3,3,3,1,13,14,14,14,14,1,1,1,1,1 poly=1,23,231,1387,5758,17892,43434,84578,134325,175763,190495,171251,127413,77988,38866,15519,4846,1140,190,20,1
TOP5 rank=8 n=23 alpha=20 k=10 q=13 num=6662686037 den=38799150625 par=0,1,2,2,2,2,2,2,2,1,10,10,10,10,1,1,1,1,1,1,1,1,1 poly=1,23,231,1402,5892,18453,45003,87832,139540,182318,196975,176266,130417,79353,39321,15624,4861,1141,190,20,1
TOP5 rank=9 n=23 alpha=20 k=10 q=13 num=6652546573 den=38586709225 par=0,1,2,3,3,3,3,3,3,3,3,3,1,13,14,14,14,14,14,14,14,1,1 poly=1,23,231,1390,5803,18148,44333,86809,138413,181407,196435,176036,130350,79341,39320,15624,4861,1141,190,20,1
TOP5 rank=10 n=23 alpha=20 k=10 q=13 num=6652722609 den=38586709225 par=0,1,2,3,3,3,3,3,3,3,3,3,1,13,14,14,14,1,1,1,1,1,1 poly=1,23,231,1390,5799,18134,44313,86794,138407,181406,196435,176036,130350,79341,39320,15624,4861,1141,190,20,1
TOP5 rank=11 n=23 alpha=20 k=10 q=13 num=13579270835 den=78637058929 par=0,1,2,3,3,3,3,3,1,9,1,1,1,1,1,1,1,1,1,1,1,1,1 poly=1,23,231,1431,6276,20682,53111,108943,181506,248261,280423,262054,202202,128077,65919,27134,8721,2109,361,39,2
TOP4 rank=0 n=23 alpha=20 k=10 q=13 num=5994305590 den=35414723344 par=0,1,2,2,2,2,2,2,2,1,10,10,10,10,10,10,1,1,1,1,1,1,1 poly=1,23,231,1394,5802,17970,43371,83976,132841,173538,188188,169533,126490,77637,38776,15505,4845,1140,190,20,1
TOP4 rank=1 n=23 alpha=20 k=10 q=13 num=5994475123 den=35414723344 par=0,1,2,2,2,2,2,2,2,1,10,10,10,10,10,10,10,1,1,1,1,1,1 poly=1,23,231,1393,5796,17955,43351,83961,132835,173537,188188,169533,126490,77637,38776,15505,4845,1140,190,20,1
TOP4 rank=2 n=23 alpha=20 k=10 q=13 num=6055786533 den=35637510841 par=0,1,2,3,3,3,3,3,3,3,3,3,1,13,14,14,14,14,14,1,1,1,1 poly=1,23,231,1386,5745,17814,43148,83863,133038,174047,188779,169964,126698,77702,38788,15506,4845,1140,190,20,1
TOP4 rank=3 n=23 alpha=20 k=10 q=13 num=6182212534 den=36365345809 par=0,1,2,2,2,2,2,2,2,1,10,10,10,10,10,1,1,1,1,1,1,1,1 poly=1,23,231,1397,5834,18135,43912,85221,134941,176185,190697,171315,127425,77989,38866,15519,4846,1140,190,20,1
TOP4 rank=4 n=23 alpha=20 k=10 q=13 num=5911880896 den=34747196836 par=0,1,2,2,2,2,2,2,2,1,10,10,10,10,10,10,1,17,17,17,17,17,17 poly=1,23,231,1382,5688,17504,42191,81909,130203,171030,186406,168598,126138,77547,38762,15504,4845,1140,190,20,1
TOP4 rank=5 n=23 alpha=20 k=10 q=13 num=5966704389 den=35043091204 par=0,1,2,2,2,2,2,2,2,1,10,10,10,10,10,10,10,1,18,18,18,18,18 poly=1,23,231,1383,5701,17575,42421,82414,131000,171955,187198,169093,126358,77613,38774,15505,4845,1140,190,20,1
TOP4 rank=6 n=23 alpha=20 k=10 q=13 num=6188755512 den=36288345025 par=0,1,2,3,3,3,3,3,3,3,3,3,1,13,14,14,14,14,14,14,1,1,1 poly=1,23,231,1387,5760,17899,43443,84583,134326,175763,190495,171251,127413,77988,38866,15519,4846,1140,190,20,1
TOP4 rank=7 n=23 alpha=20 k=10 q=13 num=6188755512 den=36288345025 par=0,1,2,3,3,3,3,3,3,3,3,3,1,13,14,14,14,14,1,1,1,1,1 poly=1,23,231,1387,5758,17892,43434,84578,134325,175763,190495,171251,127413,77988,38866,15519,4846,1140,190,20,1
TOP4 rank=8 n=23 alpha=20 k=10 q=13 num=6662686037 den=38799150625 par=0,1,2,2,2,2,2,2,2,1,10,10,10,10,1,1,1,1,1,1,1,1,1 poly=1,23,231,1402,5892,18453,45003,87832,139540,182318,196975,176266,130417,79353,39321,15624,4861,1141,190,20,1
TOP4 rank=9 n=23 alpha=20 k=10 q=13 num=6652546573 den=38586709225 par=0,1,2,3,3,3,3,3,3,3,3,3,1,13,14,14,14,14,14,14,14,1,1 poly=1,23,231,1390,5803,18148,44333,86809,138413,181407,196435,176036,130350,79341,39320,15624,4861,1141,190,20,1
TOP4 rank=10 n=23 alpha=20 k=10 q=13 num=6652722609 den=38586709225 par=0,1,2,3,3,3,3,3,3,3,3,3,1,13,14,14,14,1,1,1,1,1,1 poly=1,23,231,1390,5799,18134,44313,86794,138407,181406,196435,176036,130350,79341,39320,15624,4861,1141,190,20,1
TOP4 rank=11 n=23 alpha=20 k=10 q=13 num=13579270835 den=78637058929 par=0,1,2,3,3,3,3,3,1,9,1,1,1,1,1,1,1,1,1,1,1,1,1 poly=1,23,231,1431,6276,20682,53111,108943,181506,248261,280423,262054,202202,128077,65919,27134,8721,2109,361,39,2
VDMIN_FLOAT n=23 value=0.712806905378 k=9 alpha=13 q=9 lambda=2.49467584648 V=1.80237269357 delta=0.39548252585 par=0,1,2,3,4,4,3,2,8,2,10,2,12,1,14,15,14,17,14,19,14,21,1 poly=1,23,231,1345,5071,13055,23496,29643,25767,14780,5125,888,44,1
PERK n=23 alpha=20 k=5 q=13 num=79240356 den=365727376 par=0,1,2,3,3,3,3,3,3,3,3,3,1,13,14,1,1,1,1,1,1,1,1
PERK n=23 alpha=20 k=6 q=13 num=346345345 den=1780080481 par=0,1,2,2,2,2,2,2,2,1,10,10,10,10,10,10,1,17,17,17,17,17,17
PERK n=23 alpha=20 k=7 q=13 num=1215689508 den=6709084281 par=0,1,2,2,2,2,2,2,2,1,10,10,10,10,10,10,1,17,17,17,17,17,17
PERK n=23 alpha=20 k=8 q=13 num=2943924939 den=16952821209 par=0,1,2,2,2,2,2,2,2,1,10,10,10,10,10,10,1,17,17,17,17,17,17
PERK n=23 alpha=20 k=9 q=13 num=5116355336 den=30115437444 par=0,1,2,2,2,2,2,2,2,1,10,10,10,10,10,10,1,1,1,1,1,1,1
PERK n=23 alpha=20 k=10 q=13 num=5994305590 den=35414723344 par=0,1,2,2,2,2,2,2,2,1,10,10,10,10,10,10,1,1,1,1,1,1,1
PERK n=23 alpha=20 k=11 q=13 num=4937537969 den=28741438089 par=0,1,2,2,2,2,2,2,2,1,10,10,10,10,10,10,10,1,1,1,1,1,1
PERK n=23 alpha=20 k=12 q=13 num=2876445090 den=16237130625 par=0,1,2,2,2,2,2,2,2,1,10,10,10,10,10,1,1,1,1,1,1,1,1
PERK n=23 alpha=20 k=13 q=13 num=1168771752 den=6296898609 par=0,1,2,2,2,2,2,2,2,1,10,10,10,10,1,1,1,1,1,1,1,1,1
PERALPHA n=23 alpha=12 k=6 q=8 num=295012044 den=1100912400 par=0,1,2,1,4,1,6,1,8,1,10,1,12,1,14,1,16,1,18,1,20,1,1
PERALPHA n=23 alpha=13 k=6 q=9 num=340366212 den=1336487364 par=0,1,2,1,4,1,6,1,8,1,10,1,12,1,14,1,16,1,18,1,1,1,1
PERALPHA n=23 alpha=14 k=7 q=9 num=618535553 den=2607532096 par=0,1,2,3,3,3,3,3,3,2,1,11,1,13,1,15,1,17,1,19,1,21,1
PERALPHA n=23 alpha=15 k=8 q=10 num=701842170 den=3166087824 par=0,1,2,3,4,4,4,4,4,2,2,2,1,13,14,13,16,13,18,13,20,13,22
PERALPHA n=23 alpha=16 k=8 q=11 num=609616872 den=2932330801 par=0,1,2,3,4,4,4,4,2,9,10,10,10,10,2,2,1,17,18,17,20,17,22
PERALPHA n=23 alpha=17 k=9 q=11 num=788324450 den=4055142400 par=0,1,2,3,4,4,4,4,2,2,2,1,12,13,12,12,12,1,18,19,18,18,18
PERALPHA n=23 alpha=18 k=10 q=12 num=486236788 den=2656165444 par=0,1,2,3,4,4,4,2,2,2,1,11,12,13,13,13,11,11,11,1,20,20,20
PERALPHA n=23 alpha=19 k=10 q=13 num=1764321582 den=10091809764 par=0,1,2,3,3,3,3,3,2,2,2,2,1,13,14,14,14,14,14,13,13,13,13
PERALPHA n=23 alpha=20 k=10 q=13 num=5994305590 den=35414723344 par=0,1,2,2,2,2,2,2,2,1,10,10,10,10,10,10,1,1,1,1,1,1,1
TOPQ n=23 alpha=20 k=13 q=13 num=1168771752 den=6296898609 par=0,1,2,2,2,2,2,2,2,1,10,10,10,10,1,1,1,1,1,1,1,1,1
NEWTON n=23 alpha=16 k=11 q=11 num=670536648 den=712295393 par=0,1,2,3,3,2,6,6,1,9,10,10,9,13,13,1,16,17,17,1,20,21,21
NEWTONFAIL_DIST n=23 q_minus_k=0 trees=23382
NEWTONFAIL_DIST n=23 q_minus_k=1 trees=10858
NEWTONFAIL_DIST n=23 q_minus_k=2 trees=3835
NEWTONFAIL_DIST n=23 q_minus_k=3 trees=1260
NEWTONFAIL_DIST n=23 q_minus_k=4 trees=346
NEWTONFAIL_DIST n=23 q_minus_k=5 trees=157
NEWTONFAIL_DIST n=23 q_minus_k=6 trees=51
NEWTONFAIL_DIST n=23 q_minus_k=7 trees=26
NEWTONFAIL_DIST n=23 q_minus_k=8 trees=14
VDBIN_FLOAT n=23 bin_lo=0 value=0.712806905378 k=9 alpha=13 q=9 lambda=2.49467584648 V=1.80237269357 delta=0.39548252585 par=0,1,2,3,4,4,3,2,8,2,10,2,12,1,14,15,14,17,14,19,14,21,1
VDBIN_FLOAT n=23 bin_lo=2 value=0.723953309078 k=9 alpha=13 q=9 lambda=2.06937926182 V=2.20938807834 delta=0.327671411001 par=0,1,2,3,4,3,6,3,8,2,10,10,10,1,14,15,16,1,18,1,20,1,22
VDBIN_FLOAT n=23 bin_lo=4 value=0.815249387731 k=11 alpha=17 q=11 lambda=1.99816731587 V=4.00879312508 delta=0.203365292819 par=0,1,2,3,4,4,4,2,8,9,9,9,1,13,14,15,15,13,13,1,20,20,20
STATS n=23 trees=2954348 viol5=0 viol4=0 zero5=0 zero4=0 nonunimodal=0 sampled=0 newton_fail_trees=39929
