TOP5 rank=0 n=23 alpha=21 k=10 q=14 num=21118776406 den=127964313841 par=0,1,2,2,2,2,2,2,2,2,2,2,2,2,2,2,2,1,18,18,18,18,18 poly=1,23,231,1445,6450,21719,57268,121285,209925,300365,357721,355719,295295,203945,116385,54279,20350,5985,1330,210,21,1
TOP5 rank=1 n=23 alpha=21 k=10 q=14 num=21118776406 den=127964313841 par=0,1,2,2,2,2,2,2,2,2,2,2,2,2,2,2,2,1,1,1,1,1,1 poly=1,23,231,1450,6460,21729,57273,121286,209925,300365,357721,355719,295295,203945,116385,54279,20350,5985,1330,210,21,1
TOP5 rank=2 n=23 alpha=21 k=11 q=14 num=21494797688 den=130121804176 par=0,1,2,2,2,2,2,2,2,2,2,2,2,2,2,2,2,2,1,19,19,19,19 poly=1,23,231,1456,6549,22170,58632,124288,214930,306800,364156,360724,298298,205310,116840,54384,20365,5986,1330,210,21,1
TOP5 rank=3 n=23 alpha=21 k=11 q=14 num=21494797688 den=130121804176 par=0,1,2,2,2,2,2,2,2,2,2,2,2,2,2,2,2,2,1,1,1,1,1 poly=1,23,231,1460,6555,22174,58633,124288,214930,306800,364156,360724,298298,205310,116840,54384,20365,5986,1330,210,21,1
TOP5 rank=4 n=23 alpha=21 k=10 q=14 num=20794609563 den=125824859524 par=0,1,2,2,2,2,2,2,2,2,2,2,2,2,2,2,1,17,17,17,17,17,17 poly=1,23,231,1436,6369,21365,56272,119284,206922,296933,354718,353717,294294,203581,116294,54265,20349,5985,1330,210,21,1
TOP5 rank=5 n=23 alpha=21 k=10 q=14 num=20794609563 den=125824859524 par=0,1,2,2,2,2,2,2,2,2,2,2,2,2,2,2,1,1,1,1,1,1,1 poly=1,23,231,1442,6384,21385,56287,119290,206923,296933,354718,353717,294294,203581,116294,54265,20349,5985,1330,210,21,1
TOP5 rank=6 n=23 alpha=21 k=10 q=14 num=20700927325 den=124913471761 par=0,1,2,2,2,2,2,2,2,2,2,2,2,2,2,1,1,1,1,1,1,1,1 poly=1,23,231,1436,6327,21134,55607,118024,205214,295218,353431,353002,294008,203503,116281,54264,20349,5985,1330,210,21,1
TOP5 rank=7 n=23 alpha=21 k=10 q=14 num=20701280327 den=124913471761 par=0,1,2,2,2,2,2,2,2,2,2,2,2,2,2,1,16,16,16,16,16,16,16 poly=1,23,231,1429,6306,21099,55572,118003,205207,295217,353431,353002,294008,203503,116281,54264,20349,5985,1330,210,21,1
TOP5 rank=8 n=23 alpha=21 k=10 q=14 num=20693510581 den=124564525969 par=0,1,2,2,2,2,2,2,2,2,2,2,2,2,1,1,1,1,1,1,1,1,1 poly=1,23,231,1432,6289,20970,55182,117288,204318,294434,352937,352782,293942,203491,116280,54264,20349,5985,1330,210,21,1
TOP5 rank=9 n=23 alpha=21 k=10 q=14 num=20695626964 den=124563820096 par=0,1,2,2,2,2,2,2,2,2,2,2,2,2,1,15,15,15,15,15,15,15,15 poly=1,23,231,1424,6261,20914,55112,117232,204290,294426,352936,352782,293942,203491,116280,54264,20349,5985,1330,210,21,1
TOP5 rank=10 n=23 alpha=21 k=11 q=14 num=23020716940 den=138506042896 par=0,1,2,2,2,2,2,2,2,2,2,2,2,2,2,2,2,2,2,1,20,20,20 poly=1,23,231,1469,6666,22729,60452,128656,222938,318240,377026,372164,306306,209678,118660,54944,20485,6002,1331,210,21,1
TOP5 rank=11 n=23 alpha=21 k=11 q=14 num=23020716940 den=138506042896 par=0,1,2,2,2,2,2,2,2,2,2,2,2,2,2,2,2,2,2,1,1,1,1 poly=1,23,231,1472,6669,22730,60452,128656,222938,318240,377026,372164,306306,209678,118660,54944,20485,6002,1331,210,21,1
TOP4 rank=0 n=23 alpha=21 k=10 q=14 num=21118776406 den=127964313841 par=0,1,2,2,2,2,2,2,2,2,2,2,2,2,2,2,2,1,18,18,18,18,18 poly=1,23,231,1445,6450,21719,57268,121285,209925,300365,357721,355719,295295,203945,116385,54279,20350,5985,1330,210,21,1
TOP4 rank=1 n=23 alpha=21 k=10 q=14 num=21118776406 den=127964313841 par=0,1,2,2,2,2,2,2,2,2,2,2,2,2,2,2,2,1,1,1,1,1,1 poly=1,23,231,1450,6460,21729,57273,121286,209925,300365,357721,355719,295295,203945,116385,54279,20350,5985,1330,210,21,1
TOP4 rank=2 n=23 alpha=21 k=11 q=14 num=21494797688 den=130121804176 par=0,1,2,2,2,2,2,2,2,2,2,2,2,2,2,2,2,2,1,19,19,19,19 poly=1,23,231,1456,6549,22170,58632,124288,214930,306800,364156,360724,298298,205310,116840,54384,20365,5986,1330,210,21,1
TOP4 rank=3 n=23 alpha=21 k=11 q=14 num=21494797688 den=130121804176 par=0,1,2,2,2,2,2,2,2,2,2,2,2,2,2,2,2,2,1,1,1,1,1 poly=1,23,231,1460,6555,22174,58633,124288,214930,306800,364156,360724,298298,205310,116840,54384,20365,5986,1330,210,21,1
TOP4 rank=4 n=23 alpha=21 k=10 q=14 num=20794609563 den=125824859524 par=0,1,2,2,2,2,2,2,2,2,2,2,2,2,2,2,1,17,17,17,17,17,17 poly=1,23,231,1436,6369,21365,56272,119284,206922,296933,354718,353717,294294,203581,116294,54265,20349,5985,1330,210,21,1
TOP4 rank=5 n=23 alpha=21 k=10 q=14 num=20794609563 den=125824859524 par=0,1,2,2,2,2,2,2,2,2,2,2,2,2,2,2,1,1,1,1,1,1,1 poly=1,23,231,1442,6384,21385,56287,119290,206923,296933,354718,353717,294294,203581,116294,54265,20349,5985,1330,210,21,1
TOP4 rank=6 n=23 alpha=21 k=10 q=14 num=20700927325 den=124913471761 par=0,1,2,2,2,2,2,2,2,2,2,2,2,2,2,1,1,1,1,1,1,1,1 poly=1,23,231,1436,6327,21134,55607,118024,205214,295218,353431,353002,294008,203503,116281,54264,20349,5985,1330,210,21,1
TOP4 rank=7 n=23 alpha=21 k=10 q=14 num=20701280327 den=124913471761 par=0,1,2,2,2,2,2,2,2,2,2,2,2,2,2,1,16,16,16,16,16,16,16 poly=1,23,231,1429,6306,21099,55572,118003,205207,295217,353431,353002,294008,203503,116281,54264,20349,5985,1330,210,21,1
TOP4 rank=8 n=23 alpha=21 k=10 q=14 num=20693510581 den=124564525969 par=0,1,2,2,2,2,2,2,2,2,2,2,2,2,1,1,1,1,1,1,1,1,1 poly=1,23,231,1432,6289,20970,55182,117288,204318,294434,352937,352782,293942,203491,116280,54264,20349,5985,1330,210,21,1
TOP4 rank=9 n=23 alpha=21 k=10 q=14 num=20695626964 den=124563820096 par=0,1,2,2,2,2,2,2,2,2,2,2,2,2,1,15,15,15,15,15,15,15,15 poly=1,23,231,1424,6261,20914,55112,117232,204290,294426,352936,352782,293942,203491,116280,54264,20349,5985,1330,210,21,1
TOP4 rank=10 n=23 alpha=21 k=11 q=14 num=23020716940 den=138506042896 par=0,1,2,2,2,2,2,2,2,2,2,2,2,2,2,2,2,2,2,1,20,20,20 poly=1,23,231,1469,6666,22729,60452,128656,222938,318240,377026,372164,306306,209678,118660,54944,20485,6002,1331,210,21,1
TOP4 rank=11 n=23 alpha=21 k=11 q=14 num=23020716940 den=138506042896 par=0,1,2,2,2,2,2,2,2,2,2,2,2,2,2,2,2,2,2,1,1,1,1 poly=1,23,231,1472,6669,22730,60452,128656,222938,318240,377026,372164,306306,209678,118660,54944,20485,6002,1331,210,21,1
VDMIN_FLOAT n=23 value=0.712324600281 k=9 alpha=13 q=9 lambda=2.49381719126 V=1.79939543549 delta=0.395868849188 par=0,1,2,3,2,5,2,7,2,9,1,11,12,11,14,11,16,11,18,1,20,20,1 poly=1,23,231,1346,5082,13107,23634,29868,25998,14926,5177,896,44,1
PERK n=23 alpha=21 k=5 q=14 num=90900657 den=432848025 par=0,1,2,2,2,2,2,2,2,2,2,2,2,1,14,14,14,14,14,14,14,14,14
PERK n=23 alpha=21 k=6 q=14 num=579570156 den=3022580484 par=0,1,2,2,2,2,2,2,2,2,2,2,2,1,1,1,1,1,1,1,1,1,1
PERK n=23 alpha=21 k=7 q=14 num=2465556984 den=13677770304 par=0,1,2,2,2,2,2,2,2,2,2,2,2,1,1,1,1,1,1,1,1,1,1
PERK n=23 alpha=21 k=8 q=14 num=7269976564 den=42112785796 par=0,1,2,2,2,2,2,2,2,2,2,2,2,2,2,1,1,1,1,1,1,1,1
PERK n=23 alpha=21 k=9 q=14 num=14769893775 den=88169206489 par=0,1,2,2,2,2,2,2,2,2,2,2,2,2,2,2,1,1,1,1,1,1,1
PERK n=23 alpha=21 k=10 q=14 num=21118776406 den=127964313841 par=0,1,2,2,2,2,2,2,2,2,2,2,2,2,2,2,2,1,18,18,18,18,18
PERK n=23 alpha=21 k=11 q=14 num=21494797688 den=130121804176 par=0,1,2,2,2,2,2,2,2,2,2,2,2,2,2,2,2,2,1,19,19,19,19
PERK n=23 alpha=21 k=12 q=14 num=14921452364 den=88981696804 par=0,1,2,2,2,2,2,2,2,2,2,2,2,2,2,2,2,2,1,19,19,19,19
PERK n=23 alpha=21 k=13 q=14 num=7299057780 den=42152196100 par=0,1,2,2,2,2,2,2,2,2,2,2,2,2,2,2,2,2,1,19,19,19,19
PERK n=23 alpha=21 k=14 q=14 num=2559647568 den=14080195600 par=0,1,2,2,2,2,2,2,2,2,2,2,2,2,2,2,2,2,2,1,20,20,20
PERALPHA n=23 alpha=12 k=6 q=8 num=233029974 den=850830561 par=0,1,2,3,4,1,6,7,8,1,10,1,12,1,14,1,16,1,18,1,20,1,1
PERALPHA n=23 alpha=13 k=7 q=9 num=507808413 den=1988357281 par=0,1,2,3,2,5,2,7,2,9,2,2,2,1,14,15,14,17,14,19,14,21,14
PERALPHA n=23 alpha=14 k=7 q=9 num=618435360 den=2606000401 par=0,1,2,3,3,3,3,3,3,1,10,11,10,13,10,15,10,17,10,19,10,21,10
PERALPHA n=23 alpha=15 k=8 q=10 num=734538052 den=3304870144 par=0,1,2,3,2,5,2,7,2,9,1,11,12,11,11,11,11,1,18,18,18,18,18
PERALPHA n=23 alpha=16 k=9 q=11 num=579062257 den=2780031076 par=0,1,2,3,3,3,3,2,8,8,8,8,2,13,13,13,13,1,18,1,20,1,22
PERALPHA n=23 alpha=17 k=9 q=11 num=789236361 den=4067760841 par=0,1,2,3,2,2,2,1,8,9,8,8,8,1,14,14,14,14,1,19,19,19,19
PERALPHA n=23 alpha=18 k=9 q=12 num=1191742687 den=6521208516 par=0,1,2,3,3,3,3,2,8,8,8,8,2,13,13,13,13,1,18,1,1,1,1
PERALPHA n=23 alpha=19 k=9 q=13 num=1784185024 den=10247512900 par=0,1,2,2,2,2,2,1,8,8,8,8,8,1,14,14,14,14,1,19,19,19,19
PERALPHA n=23 alpha=20 k=10 q=13 num=5983153707 den=35167125841 par=0,1,2,3,3,3,3,3,3,3,3,1,12,13,13,13,13,13,13,1,1,1,1
PERALPHA n=23 alpha=21 k=10 q=14 num=21118776406 den=127964313841 par=0,1,2,2,2,2,2,2,2,2,2,2,2,2,2,2,2,1,18,18,18,18,18
TOPQ n=23 alpha=21 k=14 q=14 num=2559647568 den=14080195600 par=0,1,2,2,2,2,2,2,2,2,2,2,2,2,2,2,2,2,2,1,20,20,20
NEWTON n=23 alpha=17 k=11 q=11 num=4502859984 den=4776553800 par=0,1,2,2,2,1,6,6,6,1,10,10,10,1,14,14,14,1,18,18,1,21,21
NEWTONFAIL_DIST n=23 q_minus_k=0 trees=22675
NEWTONFAIL_DIST n=23 q_minus_k=1 trees=11204
NEWTONFAIL_DIST n=23 q_minus_k=2 trees=4107
NEWTONFAIL_DIST n=23 q_minus_k=3 trees=1212
NEWTONFAIL_DIST n=23 q_minus_k=4 trees=551
NEWTONFAIL_DIST n=23 q_minus_k=5 trees=168
NEWTONFAIL_DIST n=23 q_minus_k=6 trees=129
NEWTONFAIL_DIST n=23 q_minus_k=7 trees=50
NEWTONFAIL_DIST n=23 q_minus_k=8 trees=27
NEWTONFAIL_DIST n=23 q_minus_k=9 trees=8
VDBIN_FLOAT n=23 bin_lo=0 value=0.712324600281 k=9 alpha=13 q=9 lambda=2.49381719126 V=1.79939543549 delta=0.395868849188 par=0,1,2,3,2,5,2,7,2,9,1,11,12,11,14,11,16,11,18,1,20,20,1
VDBIN_FLOAT n=23 bin_lo=2 value=0.723826972092 k=9 alpha=13 q=9 lambda=2.00293458652 V=2.22441693248 delta=0.325400765262 par=0,1,2,3,2,5,2,7,2,9,1,11,12,11,14,11,16,11,18,1,20,20,20
VDBIN_FLOAT n=23 bin_lo=4 value=0.809906218663 k=11 alpha=17 q=11 lambda=2.01490133904 V=4.00929253571 delta=0.202007264736 par=0,1,2,2,2,1,6,6,6,1,10,10,10,1,14,14,14,1,18,18,1,21,21
STATS n=23 trees=2846747 viol5=0 viol4=0 zero5=0 zero4=0 nonunimodal=0 sampled=0 newton_fail_trees=40131
