SAMPLE n=24 alpha=14 par=0,1,2,3,4,5,6,7,8,9,9,7,7,7,6,3,1,17,18,19,20,21,22,23 poly=1,24,253,1549,6144,16699,32136,44685,45427,33875,18376,7063,1818,279,19
SAMPLE n=24 alpha=15 par=0,1,2,3,4,5,6,7,8,8,8,7,7,1,14,15,16,17,18,19,17,16,14,14 poly=1,24,253,1551,6180,16969,33255,47559,50307,39593,23131,9900,3014,616,75,4
SAMPLE n=24 alpha=14 par=0,1,2,3,4,5,6,7,8,8,7,4,2,1,14,15,16,17,18,19,15,15,14,23 poly=1,24,253,1548,6126,16557,31494,42855,42002,29599,14818,5127,1161,154,9
SAMPLE n=24 alpha=14 par=0,1,2,3,4,5,6,7,8,8,3,1,12,13,14,15,16,17,18,15,13,13,12,23 poly=1,24,253,1547,6109,16437,31034,41804,40524,28324,14169,4954,1147,156,9
SAMPLE n=24 alpha=13 par=0,1,2,3,4,5,6,7,8,8,1,11,12,13,14,15,16,17,14,13,20,20,13,12 poly=1,24,253,1547,6105,16377,30655,40481,37706,24506,10840,3107,521,39
SAMPLE n=24 alpha=14 par=0,1,2,3,4,5,6,7,8,7,7,7,5,4,3,1,16,17,18,19,20,21,16,16 poly=1,24,253,1552,6198,17106,33831,49034,52705,42077,24688,10361,2946,508,40
SAMPLE n=24 alpha=13 par=0,1,2,3,4,5,6,7,8,7,7,6,12,5,4,15,1,17,18,19,20,21,22,21 poly=1,24,253,1547,6105,16373,30605,40227,37024,23453,9889,2620,393,26
SAMPLE n=24 alpha=13 par=0,1,2,3,4,5,6,7,8,7,4,4,3,13,1,15,16,17,18,19,20,21,17,1 poly=1,24,253,1547,6108,16419,30897,41226,39038,25914,11692,3367,543,35
SAMPLE n=24 alpha=13 par=0,1,2,3,4,5,6,7,8,5,10,11,2,1,14,15,16,17,18,19,20,16,15,1 poly=1,24,253,1545,6072,16143,29717,38129,33857,20359,7956,1879,234,11
SAMPLE n=24 alpha=14 par=0,1,2,3,4,5,6,7,8,5,5,4,1,13,14,15,16,17,18,14,14,13,22,1 poly=1,24,253,1549,6141,16650,31808,43495,42827,30286,15192,5262,1193,158,9
SAMPLE n=24 alpha=15 par=0,1,2,3,4,5,6,7,7,7,7,6,3,2,1,15,16,17,18,19,20,20,18,16 poly=1,24,253,1552,6200,17137,34037,49814,54587,45141,28155,13111,4453,1052,156,11
SAMPLE n=24 alpha=16 par=0,1,2,3,4,5,6,7,7,7,7,3,12,3,1,15,16,17,18,19,15,1,1,1 poly=1,24,253,1556,6269,17647,36180,55555,65023,58494,40413,21215,8267,2294,422,45,2
SAMPLE n=24 alpha=15 par=0,1,2,3,4,5,6,7,7,7,6,4,2,13,13,1,16,17,18,19,20,18,17,1 poly=1,24,253,1550,6162,16832,32671,45998,47523,36158,20153,8093,2265,415,44,2
SAMPLE n=24 alpha=14 par=0,1,2,3,4,5,6,7,7,7,5,5,1,13,14,15,16,17,15,19,14,21,13,23 poly=1,24,253,1549,6144,16699,32145,44771,45750,34490,19024,7454,1949,300,20
SAMPLE n=24 alpha=14 par=0,1,2,3,4,5,6,7,7,7,4,11,12,4,2,15,1,17,18,19,20,21,22,22 poly=1,24,253,1548,6129,16605,31810,43977,44377,32743,17486,6589,1666,255,18
SAMPLE n=24 alpha=14 par=0,1,2,3,4,5,6,7,7,7,4,3,2,2,1,15,16,17,18,19,18,18,15,23 poly=1,24,253,1552,6199,17121,33925,49362,53421,43117,25721,11061,3258,591,50
SAMPLE n=24 alpha=15 par=0,1,2,3,4,5,6,7,7,7,1,11,12,13,14,15,16,14,14,13,13,12,22,23 poly=1,24,253,1550,6160,16806,32530,45574,46729,35166,19286,7551,2027,346,32,1
SAMPLE n=24 alpha=15 par=0,1,2,3,4,5,6,7,7,7,1,11,12,13,14,15,16,12,18,18,18,18,18,11 poly=1,24,253,1555,6251,17515,35645,54162,62440,54891,36608,18227,6567,1618,244,17
SAMPLE n=24 alpha=15 par=0,1,2,3,4,5,6,7,7,6,6,6,2,2,2,1,16,17,18,19,20,18,22,1 poly=1,24,253,1555,6247,17442,35123,52193,57984,48381,30194,13884,4560,1009,134,8
SAMPLE n=24 alpha=13 par=0,1,2,3,4,5,6,7,7,6,6,5,12,13,1,15,16,17,18,19,20,19,1,23 poly=1,24,253,1547,6106,16387,30687,40487,37505,23974,10199,2699,389,22
SAMPLE n=24 alpha=15 par=0,1,2,3,4,5,6,7,7,6,6,5,5,3,1,15,16,17,18,19,1,21,1,1 poly=1,24,253,1554,6228,17295,34506,50606,55320,45369,27880,12693,4168,935,128,8
SAMPLE n=24 alpha=15 par=0,1,2,3,4,5,6,7,7,6,6,5,1,13,14,15,16,17,17,13,1,21,22,22 poly=1,24,253,1549,6144,16694,32076,44391,44660,32710,17321,6513,1679,278,26,1
SAMPLE n=24 alpha=14 par=0,1,2,3,4,5,6,7,7,6,6,5,1,13,14,15,16,17,15,19,14,13,13,13 poly=1,24,253,1553,6210,17154,33867,48729,51537,39993,22455,8845,2305,354,24
SAMPLE n=24 alpha=15 par=0,1,2,3,4,5,6,7,7,6,6,3,3,3,2,2,1,17,18,19,20,21,19,23 poly=1,24,253,1554,6228,17292,34461,50345,54506,43822,25984,11163,3361,668,78,4
SAMPLE n=24 alpha=15 par=0,1,2,3,4,5,6,7,7,6,6,1,12,13,14,15,16,17,16,15,14,12,12,12 poly=1,24,253,1553,6215,17228,34325,50312,54965,44916,27269,12064,3751,770,93,5
SAMPLE n=24 alpha=13 par=0,1,2,3,4,5,6,7,7,6,4,11,3,13,14,3,1,17,18,19,20,21,18,23 poly=1,24,253,1547,6105,16374,30619,40305,37250,23828,10256,2826,452,32
SAMPLE n=24 alpha=14 par=0,1,2,3,4,5,6,7,7,6,3,11,3,1,14,15,16,17,18,19,18,18,15,15 poly=1,24,253,1551,6181,16979,33277,47469,49724,38194,21235,8305,2165,338,24
SAMPLE n=24 alpha=14 par=0,1,2,3,4,5,6,7,7,5,10,10,5,13,13,5,1,17,18,19,20,21,18,23 poly=1,24,253,1550,6154,16719,32002,43807,43111,30408,15179,5218,1171,154,9
SAMPLE n=24 alpha=14 par=0,1,2,3,4,5,6,7,7,4,3,11,1,13,14,15,16,17,16,15,20,21,15,13 poly=1,24,253,1548,6124,16527,31308,42227,40723,27958,13474,4432,943,116,6
SAMPLE n=24 alpha=14 par=0,1,2,3,4,5,6,7,7,4,3,2,1,13,14,15,16,17,16,15,15,15,14,1 poly=1,24,253,1553,6210,17154,33864,48705,51460,39865,22337,8786,2291,353,24
SAMPLE n=24 alpha=14 par=0,1,2,3,4,5,6,7,7,4,2,1,12,13,14,15,16,15,18,14,20,12,1,23 poly=1,24,253,1547,6106,16389,30717,40671,38104,25101,11455,3522,695,80,4
SAMPLE n=24 alpha=15 par=0,1,2,3,4,5,6,7,7,4,2,1,12,13,14,15,16,15,14,14,13,1,1,1 poly=1,24,253,1554,6230,17324,34673,51113,56214,46299,28397,12752,4056,860,108,6
SAMPLE n=24 alpha=15 par=0,1,2,3,4,5,6,7,7,4,2,1,12,13,14,15,16,14,14,14,13,21,1,1 poly=1,24,253,1553,6213,17204,34210,50024,54558,44615,27238,12218,3898,833,106,6
SAMPLE n=24 alpha=13 par=0,1,2,3,4,5,6,7,7,2,10,11,1,13,14,15,16,17,16,13,1,21,1,1 poly=1,24,253,1550,6155,16731,32051,43865,42963,29806,14275,4486,834,70
SAMPLE n=24 alpha=14 par=0,1,2,3,4,5,6,7,7,1,10,11,12,13,14,15,11,17,18,18,17,11,22,1 poly=1,24,253,1547,6106,16393,30761,40862,38527,25618,11810,3656,719,81,4
SAMPLE n=24 alpha=13 par=0,1,2,3,4,5,6,7,6,9,6,6,4,3,14,15,1,17,18,19,20,21,20,19 poly=1,24,253,1550,6158,16768,32240,44391,43841,30710,14835,4673,856,68
SAMPLE n=24 alpha=14 par=0,1,2,3,4,5,6,7,6,9,6,5,5,3,3,1,16,17,18,19,20,21,16,23 poly=1,24,253,1550,6158,16773,32304,44731,44829,32434,16694,5897,1320,155,5
SAMPLE n=24 alpha=14 par=0,1,2,3,4,5,6,7,6,9,5,11,3,3,3,2,16,1,18,19,20,21,22,21 poly=1,24,253,1550,6157,16759,32220,44441,44172,31404,15591,5141,1025,104,4
SAMPLE n=24 alpha=13 par=0,1,2,3,4,5,6,7,6,9,5,11,3,3,1,15,16,17,18,19,18,21,16,23 poly=1,24,253,1547,6106,16387,30689,40508,37593,24159,10403,2812,416,24
SAMPLE n=24 alpha=13 par=0,1,2,3,4,5,6,7,6,9,5,4,3,13,1,15,16,17,18,19,18,16,22,16 poly=1,24,253,1548,6122,16493,31069,41315,38636,24969,10764,2899,427,24
SAMPLE n=24 alpha=14 par=0,1,2,3,4,5,6,7,6,9,4,3,1,13,14,15,16,17,18,16,15,13,13,1 poly=1,24,253,1549,6142,16662,31860,43585,42820,30013,14731,4886,1027,121,6
SAMPLE n=24 alpha=13 par=0,1,2,3,4,5,6,7,6,9,3,11,12,1,14,15,16,17,18,16,20,14,22,14 poly=1,24,253,1546,6088,16249,30095,38919,34842,21062,8197,1884,216,8
SAMPLE n=24 alpha=14 par=0,1,2,3,4,5,6,7,6,6,5,4,4,4,3,15,16,1,18,19,20,21,22,19 poly=1,24,253,1552,6191,17009,33265,47189,48940,36990,20031,7487,1797,239,12
SAMPLE n=24 alpha=14 par=0,1,2,3,4,5,6,7,6,5,5,4,3,13,13,13,1,17,18,19,20,21,22,19 poly=1,24,253,1550,6159,16789,32408,45091,45559,33340,17402,6258,1447,186,9
SAMPLE n=24 alpha=14 par=0,1,2,3,4,5,6,7,6,5,4,4,4,4,3,15,1,17,18,19,20,21,18,17 poly=1,24,253,1555,6240,17350,34603,50488,54326,42947,24494,9697,2479,355,20
SAMPLE n=24 alpha=15 par=0,1,2,3,4,5,6,7,6,5,3,11,12,1,14,15,16,17,18,16,16,15,15,1 poly=1,24,253,1550,6159,16788,32404,45118,45789,34041,18554,7381,2109,415,51,3
SAMPLE n=24 alpha=13 par=0,1,2,3,4,5,6,7,6,5,3,2,12,1,14,15,16,17,18,19,16,21,21,14 poly=1,24,253,1547,6107,16403,30795,40888,38403,25226,11280,3253,541,39
SAMPLE n=24 alpha=14 par=0,1,2,3,4,5,6,7,6,5,2,11,12,12,11,1,16,17,18,19,20,21,19,19 poly=1,24,253,1548,6126,16554,31457,42669,41496,28769,13955,4550,919,96,3
SAMPLE n=24 alpha=14 par=0,1,2,3,4,5,6,7,6,5,2,1,12,13,14,15,16,17,16,14,12,12,12,1 poly=1,24,253,1552,6195,17064,33588,48269,51244,40294,23269,9631,2716,470,38
SAMPLE n=24 alpha=14 par=0,1,2,3,4,5,6,7,6,4,10,11,4,13,2,1,16,17,18,19,20,21,17,16 poly=1,24,253,1547,6106,16391,30740,40775,38348,25435,11744,3684,746,86,4
SAMPLE n=24 alpha=16 par=0,1,2,3,4,5,6,7,6,4,4,3,12,1,14,15,16,17,18,16,16,16,16,14 poly=1,24,253,1556,6266,17604,35927,54722,63253,55882,37671,19190,7250,1966,361,40,2
SAMPLE n=24 alpha=14 par=0,1,2,3,4,5,6,7,6,4,3,11,1,13,14,15,16,17,14,19,1,1,1,1 poly=1,24,253,1554,6230,17330,34735,51349,56595,46390,27808,11789,3332,560,42
SAMPLE n=24 alpha=13 par=0,1,2,3,4,5,6,7,6,4,3,2,12,1,14,15,16,17,18,16,20,21,16,23 poly=1,24,253,1547,6104,16357,30505,39904,36429,22808,9482,2478,368,24
SAMPLE n=24 alpha=13 par=0,1,2,3,4,5,6,7,6,3,2,11,12,11,2,1,16,17,18,19,20,16,22,22 poly=1,24,253,1548,6122,16497,31111,41491,39015,25417,11045,2974,425,21
SAMPLE n=24 alpha=13 par=0,1,2,3,4,5,6,7,6,3,2,1,12,13,14,15,16,13,12,19,20,20,19,1 poly=1,24,253,1548,6123,16512,31206,41823,39720,26361,11844,3388,545,36
SAMPLE n=24 alpha=12 par=0,1,2,3,4,5,6,7,6,2,10,1,12,13,14,15,16,13,18,19,20,1,22,23 poly=1,24,253,1544,6053,15992,29059,36399,31011,17416,6083,1183,98
SAMPLE n=24 alpha=14 par=0,1,2,3,4,5,6,7,5,4,1,11,12,13,14,15,12,17,17,1,20,1,1,1 poly=1,24,253,1554,6227,17281,34402,50114,53824,42433,24121,9544,2468,370,24
SAMPLE n=24 alpha=16 par=0,1,2,3,4,5,6,7,5,3,2,11,1,13,14,15,16,17,18,14,14,14,14,1 poly=1,24,253,1554,6230,17329,34734,51415,57026,47646,29909,13991,4816,1192,202,21,1
SAMPLE n=24 alpha=14 par=0,1,2,3,4,5,6,7,4,9,10,10,2,1,14,15,16,17,18,14,20,21,22,20 poly=1,24,253,1545,6073,16163,29878,38816,35570,22945,10322,3157,619,68,3
SAMPLE n=24 alpha=13 par=0,1,2,3,4,5,6,7,2,9,10,9,2,2,2,1,16,17,18,19,20,1,22,23 poly=1,24,253,1552,6184,16913,32704,45349,45183,31987,15626,4966,912,72
SAMPLE n=24 alpha=15 par=0,1,2,3,4,5,6,6,6,6,6,6,5,4,1,15,16,17,18,19,16,1,22,22 poly=1,24,253,1560,6333,18083,37854,59584,71396,65221,45063,23131,8544,2146,328,23
SAMPLE n=24 alpha=17 par=0,1,2,3,4,5,6,6,6,6,6,6,4,13,14,2,1,17,18,19,20,20,20,1 poly=1,24,253,1561,6358,18323,39085,63498,79823,78168,59639,35250,15940,5396,1319,219,22,1
SAMPLE n=24 alpha=16 par=0,1,2,3,4,5,6,6,6,6,6,4,4,3,1,15,16,17,18,16,20,1,22,23 poly=1,24,253,1556,6269,17650,36211,55664,65137,58289,39684,20282,7611,2025,361,39,2
SAMPLE n=24 alpha=16 par=0,1,2,3,4,5,6,6,6,6,5,5,3,1,14,15,16,17,16,19,14,21,21,21 poly=1,24,253,1555,6249,17477,35372,53154,60280,52030,34208,16995,6255,1641,285,28,1
SAMPLE n=24 alpha=15 par=0,1,2,3,4,5,6,6,6,6,5,4,4,3,14,15,16,3,1,19,20,21,22,20 poly=1,24,253,1554,6228,17300,34554,50787,55650,45621,27791,12347,3869,809,102,6
SAMPLE n=24 alpha=15 par=0,1,2,3,4,5,6,6,6,6,5,3,12,13,3,2,2,1,18,19,20,21,18,1 poly=1,24,253,1555,6245,17419,35012,51879,57376,47513,29273,13185,4204,898,116,7
SAMPLE n=24 alpha=16 par=0,1,2,3,4,5,6,6,6,6,4,3,3,3,1,15,16,17,18,18,17,15,22,1 poly=1,24,253,1557,6287,17784,36765,57137,67937,62330,44132,23909,9723,2868,578,71,4
SAMPLE n=24 alpha=14 par=0,1,2,3,4,5,6,6,6,6,3,11,12,3,14,3,1,17,18,19,20,18,22,17 poly=1,24,253,1554,6230,17322,34646,50955,55678,45147,26783,11267,3170,532,40
SAMPLE n=24 alpha=14 par=0,1,2,3,4,5,6,6,6,6,1,11,12,13,14,15,15,14,18,12,20,12,11,1 poly=1,24,253,1553,6215,17229,34335,50343,54972,44743,26810,11479,3318,579,46
SAMPLE n=24 alpha=14 par=0,1,2,3,4,5,6,6,6,6,1,11,12,13,14,15,15,14,13,12,20,11,22,1 poly=1,24,253,1552,6197,17092,33753,48801,52265,41482,24080,9915,2736,453,34
SAMPLE n=24 alpha=16 par=0,1,2,3,4,5,6,6,6,6,1,11,12,13,14,15,15,14,12,12,11,1,1,1 poly=1,24,253,1558,6305,17923,37382,58913,71460,67315,49255,27749,11802,3659,778,101,6
SAMPLE n=24 alpha=14 par=0,1,2,3,4,5,6,6,6,5,10,3,12,12,3,15,3,17,1,19,20,21,22,19 poly=1,24,253,1552,6188,16961,32947,46044,46456,33584,17024,5788,1206,125,3
SAMPLE n=24 alpha=15 par=0,1,2,3,4,5,6,6,6,5,5,5,4,3,14,3,3,2,1,19,20,21,22,19 poly=1,24,253,1558,6291,17721,36142,54595,61861,52814,33852,16073,5497,1283,183,12
SAMPLE n=24 alpha=15 par=0,1,2,3,4,5,6,6,6,5,5,3,12,3,14,2,2,1,18,19,20,21,19,1 poly=1,24,253,1554,6225,17252,34240,49675,53272,42388,24938,10714,3274,676,85,5
SAMPLE n=24 alpha=15 par=0,1,2,3,4,5,6,6,6,5,4,11,2,13,13,2,1,17,18,19,20,19,19,19 poly=1,24,253,1555,6249,17472,35309,52827,59321,50235,31939,15012,5057,1153,159,10
SAMPLE n=24 alpha=16 par=0,1,2,3,4,5,6,6,6,4,10,11,11,11,4,1,16,17,18,19,18,21,1,1 poly=1,24,253,1553,6220,17312,34910,52558,60328,53432,36608,19244,7595,2159,410,45,2
SAMPLE n=24 alpha=15 par=0,1,2,3,4,5,6,6,6,4,10,11,4,4,3,1,16,17,18,19,20,17,16,16 poly=1,24,253,1554,6230,17330,34754,51558,57548,48748,31305,15035,5236,1247,181,12
SAMPLE n=24 alpha=15 par=0,1,2,3,4,5,6,6,6,4,1,11,12,13,14,15,15,14,18,18,12,12,1,23 poly=1,24,253,1551,6183,17020,33613,48926,53468,44289,27789,13043,4448,1042,150,10
SAMPLE n=24 alpha=15 par=0,1,2,3,4,5,6,6,6,4,1,11,12,13,14,15,15,12,18,19,18,21,12,11 poly=1,24,253,1550,6161,16821,32627,45929,47543,36388,20504,8354,2370,437,46,2
SAMPLE n=24 alpha=14 par=0,1,2,3,4,5,6,6,6,3,2,11,11,1,14,15,16,17,16,15,20,14,1,23 poly=1,24,253,1550,6159,16790,32425,45199,45904,33963,18077,6713,1639,233,14
SAMPLE n=24 alpha=14 par=0,1,2,3,4,5,6,6,6,2,10,11,10,2,14,1,16,17,18,19,19,17,22,17 poly=1,24,253,1551,6178,16940,33078,46959,49037,37795,21352,8645,2389,406,32
SAMPLE n=24 alpha=13 par=0,1,2,3,4,5,6,6,5,9,9,5,4,3,14,3,16,1,18,19,20,21,1,23 poly=1,24,253,1550,6152,16685,31758,42846,40829,27013,11988,3354,525,34
SAMPLE n=24 alpha=14 par=0,1,2,3,4,5,6,6,5,9,9,5,4,3,2,15,1,17,18,19,20,1,22,23 poly=1,24,253,1549,6136,16577,31360,41979,39706,26214,11790,3470,627,63,3
SAMPLE n=24 alpha=14 par=0,1,2,3,4,5,6,6,5,9,9,3,3,2,1,15,16,17,18,17,16,21,22,21 poly=1,24,253,1550,6159,16786,32375,44940,45181,32768,16858,5934,1333,166,8
SAMPLE n=24 alpha=15 par=0,1,2,3,4,5,6,6,5,9,9,1,12,13,14,15,14,17,14,14,12,21,21,21 poly=1,24,253,1553,6213,17199,34148,49709,53689,43160,25673,11110,3383,681,80,4
SAMPLE n=24 alpha=17 par=0,1,2,3,4,5,6,6,5,9,4,4,2,2,1,15,16,17,18,19,17,17,17,15 poly=1,24,253,1555,6251,17515,35677,54509,63987,58694,42453,24239,10839,3725,951,170,19,1
SAMPLE n=24 alpha=16 par=0,1,2,3,4,5,6,6,5,9,4,3,1,13,14,15,16,14,14,14,1,21,22,22 poly=1,24,253,1552,6197,17097,33823,49212,53608,44205,27685,13097,4606,1167,201,21,1
SAMPLE n=24 alpha=14 par=0,1,2,3,4,5,6,6,5,9,3,3,1,13,14,15,16,15,14,13,20,1,22,1 poly=1,24,253,1551,6175,16898,32831,46146,47359,35498,19215,7298,1836,273,18
SAMPLE n=24 alpha=16 par=0,1,2,3,4,5,6,6,5,5,5,5,5,3,14,3,2,17,1,19,20,21,22,22 poly=1,24,253,1561,6345,18138,37971,59689,71408,65262,45352,23651,9042,2438,434,45,2
SAMPLE n=24 alpha=17 par=0,1,2,3,4,5,6,6,5,5,5,5,5,3,2,2,1,17,18,19,20,21,21,17 poly=1,24,253,1562,6366,18317,38818,62247,76756,73370,54467,31292,13787,4582,1116,189,20,1
SAMPLE n=24 alpha=14 par=0,1,2,3,4,5,6,6,5,5,5,4,12,2,1,15,16,17,18,17,17,16,1,23 poly=1,24,253,1554,6226,17260,34251,49582,52776,41223,23320,9286,2465,391,28
SAMPLE n=24 alpha=15 par=0,1,2,3,4,5,6,6,5,5,5,3,2,2,1,15,16,17,18,19,17,16,15,23 poly=1,24,253,1554,6229,17307,34557,50685,55251,44893,27024,11850,3665,754,92,5
SAMPLE n=24 alpha=13 par=0,1,2,3,4,5,6,6,5,5,4,11,4,1,14,15,16,17,15,19,14,21,22,21 poly=1,24,253,1550,6154,16711,31906,43323,41773,28185,12889,3763,624,44
SAMPLE n=24 alpha=13 par=0,1,2,3,4,5,6,6,5,5,4,3,12,3,14,3,16,1,18,19,20,21,19,23 poly=1,24,253,1552,6184,16900,32555,44648,43414,29373,13318,3783,593,38
SAMPLE n=24 alpha=15 par=0,1,2,3,4,5,6,6,5,5,4,1,12,13,14,15,15,14,1,19,1,1,1,1 poly=1,24,253,1562,6363,18262,38410,60577,72418,65677,44794,22531,8074,1941,279,18
SAMPLE n=24 alpha=14 par=0,1,2,3,4,5,6,6,5,5,4,1,12,13,14,15,12,17,17,17,12,21,12,23 poly=1,24,253,1554,6220,17177,33774,48063,49784,37390,20064,7459,1809,253,15
SAMPLE n=24 alpha=14 par=0,1,2,3,4,5,6,6,5,5,1,11,12,13,14,13,13,12,18,19,11,21,22,23 poly=1,24,253,1549,6141,16649,31792,43392,42477,29591,14347,4627,907,88,2
SAMPLE n=24 alpha=15 par=0,1,2,3,4,5,6,6,5,5,1,11,12,13,14,12,16,12,11,1,20,21,1,1 poly=1,24,253,1554,6225,17251,34229,49621,53116,42097,24576,10413,3110,620,74,4
SAMPLE n=24 alpha=14 par=0,1,2,3,4,5,6,6,5,4,10,3,12,13,12,3,2,1,18,19,20,21,20,20 poly=1,24,253,1551,6173,16866,32612,45308,45387,32533,16341,5527,1171,135,6
SAMPLE n=24 alpha=15 par=0,1,2,3,4,5,6,6,5,4,4,3,12,12,12,3,1,17,18,19,20,19,19,17 poly=1,24,253,1555,6245,17422,35051,52094,58044,48816,30946,14619,5014,1186,174,12
SAMPLE n=24 alpha=14 par=0,1,2,3,4,5,6,6,5,4,4,1,12,13,14,15,16,16,13,13,12,1,22,1 poly=1,24,253,1553,6212,17185,34064,49415,53008,42054,24392,10063,2798,470,36
SAMPLE n=24 alpha=14 par=0,1,2,3,4,5,6,6,5,4,2,11,12,2,1,15,16,17,18,19,16,15,22,22 poly=1,24,253,1549,6142,16667,31925,43931,43808,31680,16458,5991,1452,211,14
SAMPLE n=24 alpha=14 par=0,1,2,3,4,5,6,6,5,4,1,11,12,13,14,15,13,12,18,12,12,1,22,23 poly=1,24,253,1551,6174,16880,32697,45602,46027,33447,17206,6061,1376,179,10
SAMPLE n=24 alpha=15 par=0,1,2,3,4,5,6,6,5,3,10,11,1,13,14,15,16,17,13,19,20,20,13,13 poly=1,24,253,1550,6161,16822,32637,45966,47604,36425,20488,8317,2347,430,45,2
SAMPLE n=24 alpha=15 par=0,1,2,3,4,5,6,6,5,3,1,11,12,13,14,12,16,17,12,12,11,1,22,23 poly=1,24,253,1551,6174,16885,32762,45954,47070,35318,19331,7610,2092,380,41,2
SAMPLE n=24 alpha=15 par=0,1,2,3,4,5,6,6,5,2,10,10,10,2,1,15,16,17,18,19,16,1,1,1 poly=1,24,253,1555,6244,17414,35036,52141,58315,49378,31594,15073,5208,1233,179,12
SAMPLE n=24 alpha=14 par=0,1,2,3,4,5,6,6,5,2,2,1,12,13,14,15,14,17,14,19,14,21,13,12 poly=1,24,253,1553,6205,17079,33394,47082,48020,35153,18074,6243,1322,138,3
SAMPLE n=24 alpha=14 par=0,1,2,3,4,5,6,6,4,9,10,9,9,3,2,15,16,15,15,1,20,21,22,23 poly=1,24,253,1550,6158,16776,32337,44874,45144,32817,16960,6011,1361,170,8
SAMPLE n=24 alpha=15 par=0,1,2,3,4,5,6,6,4,9,10,9,4,4,4,2,16,16,2,1,20,21,22,23 poly=1,24,253,1556,6259,17511,35396,52997,59685,50879,32713,15625,5378,1262,181,12
SAMPLE n=24 alpha=13 par=0,1,2,3,4,5,6,6,4,9,10,9,3,13,14,2,1,17,18,19,20,19,18,18 poly=1,24,253,1549,6141,16650,31804,43450,42624,29803,14522,4701,913,81
SAMPLE n=24 alpha=13 par=0,1,2,3,4,5,6,6,4,9,10,9,2,13,1,15,16,17,18,18,15,21,1,23 poly=1,24,253,1547,6106,16391,30738,40752,38239,25160,11344,3344,583,46
SAMPLE n=24 alpha=13 par=0,1,2,3,4,5,6,6,4,9,10,9,1,13,14,15,16,14,18,1,20,21,22,20 poly=1,24,253,1546,6089,16267,30229,39456,36109,22875,9759,2658,414,28
SAMPLE n=24 alpha=16 par=0,1,2,3,4,5,6,6,4,9,10,2,2,2,1,15,16,17,18,19,17,21,17,15 poly=1,24,253,1552,6198,17115,33955,49738,54890,46250,29917,14807,5533,1519,291,35,2
SAMPLE n=24 alpha=14 par=0,1,2,3,4,5,6,6,4,9,9,4,4,1,14,15,16,17,16,19,16,1,22,1 poly=1,24,253,1554,6228,17290,34436,50210,54103,43079,25083,10418,2936,505,40
SAMPLE n=24 alpha=14 par=0,1,2,3,4,5,6,6,4,9,4,1,12,13,14,15,13,17,12,19,19,19,1,23 poly=1,24,253,1550,6159,16793,32465,45412,46514,35019,19241,7537,2002,324,24
SAMPLE n=24 alpha=15 par=0,1,2,3,4,5,6,6,4,3,10,3,3,3,2,15,1,17,18,19,20,17,17,1 poly=1,24,253,1557,6272,17572,35491,52792,58468,48314,29588,13202,4158,873,109,6
SAMPLE n=24 alpha=15 par=0,1,2,3,4,5,6,6,4,3,2,1,12,13,14,15,16,15,15,12,1,1,1,1 poly=1,24,253,1558,6296,17791,36556,55975,64769,56913,37823,18737,6722,1656,252,18
SAMPLE n=24 alpha=15 par=0,1,2,3,4,5,6,6,4,2,10,11,11,1,14,15,16,17,16,16,14,21,14,23 poly=1,24,253,1550,6162,16837,32734,46332,48514,37989,22363,9871,3216,742,110,8
SAMPLE n=24 alpha=15 par=0,1,2,3,4,5,6,6,4,2,1,11,12,13,14,12,16,12,11,1,20,21,20,20 poly=1,24,253,1551,6175,16900,32856,46288,47834,36512,20629,8582,2578,533,68,4
SAMPLE n=24 alpha=14 par=0,1,2,3,4,5,6,6,3,9,10,11,10,3,1,15,16,17,18,16,16,15,22,23 poly=1,24,253,1549,6143,16682,32019,44250,44452,32493,17122,6347,1574,235,16
SAMPLE n=24 alpha=14 par=0,1,2,3,4,5,6,6,3,9,10,11,2,13,14,13,1,17,18,19,20,19,19,19 poly=1,24,253,1550,6161,16816,32559,45545,46359,34180,17899,6382,1426,167,6
SAMPLE n=24 alpha=13 par=0,1,2,3,4,5,6,6,3,9,10,2,1,13,14,15,16,16,13,1,20,1,22,1 poly=1,24,253,1551,6170,16826,32386,44600,44032,30875,15012,4820,922,80
SAMPLE n=24 alpha=15 par=0,1,2,3,4,5,6,6,3,9,9,3,2,1,14,15,16,17,18,16,20,20,20,14 poly=1,24,253,1551,6178,16942,33102,47068,49293,38161,21722,8945,2584,496,57,3
SAMPLE n=24 alpha=15 par=0,1,2,3,4,5,6,6,3,9,3,11,1,13,14,15,16,17,15,13,13,13,1,23 poly=1,24,253,1552,6193,17037,33435,47784,50284,39048,22194,9027,2512,439,40,1
SAMPLE n=24 alpha=15 par=0,1,2,3,4,5,6,6,3,9,2,11,2,2,1,15,16,17,18,17,20,16,16,1 poly=1,24,253,1553,6206,17099,33550,47728,49635,37755,20863,8244,2261,407,43,2
SAMPLE n=24 alpha=16 par=0,1,2,3,4,5,6,6,3,3,3,3,3,2,2,1,16,17,18,19,20,19,19,18 poly=1,24,253,1563,6378,18370,38909,62166,75990,71426,51470,28119,11403,3312,648,76,4
SAMPLE n=24 alpha=15 par=0,1,2,3,4,5,6,6,3,3,3,2,12,12,2,15,15,1,18,19,20,21,22,19 poly=1,24,253,1553,6207,17127,33796,48788,52259,41782,24862,10870,3403,727,96,6
SAMPLE n=24 alpha=16 par=0,1,2,3,4,5,6,6,3,3,3,1,12,13,14,15,12,1,18,19,19,1,1,1 poly=1,24,253,1559,6316,17976,37551,59348,72363,68738,50910,29163,12686,4056,900,124,8
SAMPLE n=24 alpha=14 par=0,1,2,3,4,5,6,6,2,9,10,11,2,2,1,15,16,17,18,17,15,21,22,23 poly=1,24,253,1549,6143,16685,32051,44390,44784,32969,17555,6600,1667,255,18
SAMPLE n=24 alpha=15 par=0,1,2,3,4,5,6,6,2,2,1,11,12,13,14,15,13,17,12,19,20,12,12,1 poly=1,24,253,1552,6192,17024,33368,47611,50064,38994,22439,9423,2813,568,70,4
SAMPLE n=24 alpha=14 par=0,1,2,3,4,5,6,6,1,9,10,11,12,9,9,9,1,17,18,19,20,17,1,23 poly=1,24,253,1551,6171,16848,32567,45365,45902,33664,17609,6334,1459,186,9
SAMPLE n=24 alpha=13 par=0,1,2,3,4,5,6,5,8,5,10,5,4,3,1,15,16,17,18,19,17,17,16,23 poly=1,24,253,1552,6187,16940,32790,45439,45085,31659,15331,4873,917,77
SAMPLE n=24 alpha=13 par=0,1,2,3,4,5,6,5,8,5,4,3,12,13,14,12,16,16,2,1,20,21,22,23 poly=1,24,253,1548,6120,16469,30949,40987,38094,24403,10383,2734,385,20
SAMPLE n=24 alpha=14 par=0,1,2,3,4,5,6,5,8,5,2,2,2,1,14,15,16,17,18,17,20,16,15,23 poly=1,24,253,1552,6194,17041,33390,47382,48888,36344,18984,6642,1433,167,9
SAMPLE n=24 alpha=14 par=0,1,2,3,4,5,6,5,8,4,10,11,4,13,3,15,3,1,18,19,20,21,19,1 poly=1,24,253,1549,6134,16553,31245,41705,39402,26197,12121,3822,780,90,4
SAMPLE n=24 alpha=14 par=0,1,2,3,4,5,6,5,8,4,10,11,3,1,14,15,16,17,16,15,15,15,14,23 poly=1,24,253,1551,6171,16836,32432,44729,44268,31157,15230,4931,964,94,3
SAMPLE n=24 alpha=14 par=0,1,2,3,4,5,6,5,8,4,10,4,12,4,4,4,4,3,1,19,20,21,22,19 poly=1,24,253,1564,6372,18183,37598,57329,64793,53949,32485,13651,3754,596,40
SAMPLE n=24 alpha=14 par=0,1,2,3,4,5,6,5,8,4,10,4,1,13,14,15,16,13,18,19,13,1,22,22 poly=1,24,253,1549,6137,16591,31447,42292,40421,27285,12838,4117,862,107,6
SAMPLE n=24 alpha=13 par=0,1,2,3,4,5,6,5,8,4,10,3,1,13,14,15,16,17,15,19,15,21,1,1 poly=1,24,253,1549,6139,16617,31584,42674,41025,27798,12979,3987,728,60
SAMPLE n=24 alpha=13 par=0,1,2,3,4,5,6,5,8,4,3,11,12,11,11,1,16,17,18,19,20,19,16,23 poly=1,24,253,1548,6122,16494,31076,41328,38625,24903,10683,2865,430,28
SAMPLE n=24 alpha=13 par=0,1,2,3,4,5,6,5,8,3,10,11,11,10,3,2,16,2,2,1,20,21,22,23 poly=1,24,253,1552,6186,16937,32821,45655,45672,32520,16061,5228,1010,88
SAMPLE n=24 alpha=14 par=0,1,2,3,4,5,6,5,8,3,10,3,3,1,14,15,16,17,16,15,20,14,1,1 poly=1,24,253,1553,6209,17144,33830,48674,51545,40130,22639,8943,2311,340,20
SAMPLE n=24 alpha=14 par=0,1,2,3,4,5,6,5,8,3,10,2,1,13,14,15,16,17,15,13,20,21,20,23 poly=1,24,253,1546,6087,16235,30016,38691,34500,20862,8311,2120,339,30,1
SAMPLE n=24 alpha=15 par=0,1,2,3,4,5,6,5,8,3,1,11,12,13,14,13,13,11,11,11,1,21,1,1 poly=1,24,253,1557,6276,17631,35869,54191,61794,53643,35463,17671,6468,1651,264,20
SAMPLE n=24 alpha=13 par=0,1,2,3,4,5,6,5,8,3,1,11,12,13,14,13,11,17,18,19,18,11,22,23 poly=1,24,253,1547,6106,16391,30737,40742,38200,25082,11255,3286,564,44
SAMPLE n=24 alpha=16 par=0,1,2,3,4,5,6,5,8,2,10,11,11,2,2,2,2,2,1,19,20,21,22,23 poly=1,24,253,1563,6373,18310,38573,60979,73089,66441,45461,23050,8427,2119,337,29,1
SAMPLE n=24 alpha=15 par=0,1,2,3,4,5,6,5,8,2,2,2,2,1,14,15,16,17,18,17,17,16,22,22 poly=1,24,253,1556,6265,17583,35751,53937,61131,52136,33152,15380,5005,1064,128,6
SAMPLE n=24 alpha=15 par=0,1,2,3,4,5,6,5,5,5,5,4,4,4,3,2,1,17,18,19,20,18,22,23 poly=1,24,253,1559,6305,17807,36455,55351,63126,54286,35011,16646,5638,1277,171,10
SAMPLE n=24 alpha=14 par=0,1,2,3,4,5,6,5,5,5,4,3,12,12,3,2,16,2,1,19,20,21,22,23 poly=1,24,253,1554,6222,17211,33991,48780,51162,38995,21184,7888,1871,244,12
SAMPLE n=24 alpha=15 par=0,1,2,3,4,5,6,5,5,5,3,2,12,13,14,14,12,17,18,1,20,21,22,23 poly=1,24,253,1550,6161,16821,32623,45886,47357,35972,19980,7972,2212,403,43,2
SAMPLE n=24 alpha=16 par=0,1,2,3,4,5,6,5,5,5,3,1,12,13,14,15,16,15,15,13,13,1,22,1 poly=1,24,253,1556,6270,17663,36299,56084,66540,61432,44376,25002,10835,3507,802,116,8
SAMPLE n=24 alpha=15 par=0,1,2,3,4,5,6,5,5,5,1,11,12,13,14,15,12,12,11,11,1,21,1,1 poly=1,24,253,1558,6294,17759,36350,55244,63141,54482,35305,16906,5796,1343,188,12
SAMPLE n=24 alpha=14 par=0,1,2,3,4,5,6,5,5,4,10,11,10,2,14,14,14,14,1,19,20,21,22,21 poly=1,24,253,1553,6213,17201,34168,49785,53817,43195,25443,10686,3025,516,40
SAMPLE n=24 alpha=14 par=0,1,2,3,4,5,6,5,5,4,3,3,3,2,14,1,16,17,18,19,17,21,17,16 poly=1,24,253,1555,6241,17359,34636,50565,54495,43300,25032,10217,2778,448,32
SAMPLE n=24 alpha=15 par=0,1,2,3,4,5,6,5,5,4,1,11,12,13,14,12,11,11,11,1,20,21,20,20 poly=1,24,253,1555,6243,17390,34835,51275,56084,45676,27482,11972,3636,720,82,4
SAMPLE n=24 alpha=15 par=0,1,2,3,4,5,6,5,5,2,10,1,12,13,14,15,16,15,13,19,20,20,13,13 poly=1,24,253,1552,6197,17096,33801,49046,52989,42872,25868,11440,3573,734,86,4
SAMPLE n=24 alpha=13 par=0,1,2,3,4,5,6,5,5,2,1,11,12,13,14,12,16,11,1,19,20,21,20,23 poly=1,24,253,1548,6123,16509,31170,41646,39249,25611,11106,2948,400,16
SAMPLE n=24 alpha=14 par=0,1,2,3,4,5,6,5,5,2,1,11,12,13,14,11,16,17,16,19,11,21,22,11 poly=1,24,253,1551,6172,16857,32595,45387,45840,33515,17504,6336,1498,205,12
SAMPLE n=24 alpha=14 par=0,1,2,3,4,5,6,5,4,9,9,3,1,13,14,15,16,17,15,14,20,14,22,14 poly=1,24,253,1551,6170,16820,32328,44370,43557,30361,14804,4934,1079,140,8
SAMPLE n=24 alpha=14 par=0,1,2,3,4,5,6,5,4,4,3,11,12,12,12,2,1,17,18,19,20,18,22,17 poly=1,24,253,1551,6177,16928,33017,46775,48647,37175,20637,8090,2121,334,24
SAMPLE n=24 alpha=14 par=0,1,2,3,4,5,6,5,4,4,3,11,12,12,11,1,16,17,18,19,20,19,17,1 poly=1,24,253,1550,6159,16789,32409,45104,45633,33561,17776,6630,1663,254,18
SAMPLE n=24 alpha=14 par=0,1,2,3,4,5,6,5,4,4,3,11,12,12,3,3,2,1,18,19,20,21,22,1 poly=1,24,253,1553,6204,17080,33482,47620,49592,37852,20998,8279,2211,360,27
SAMPLE n=24 alpha=14 par=0,1,2,3,4,5,6,5,4,4,3,11,12,12,1,15,16,17,18,19,17,15,22,23 poly=1,24,253,1548,6124,16529,31332,42347,41050,28490,14010,4770,1074,145,9
SAMPLE n=24 alpha=13 par=0,1,2,3,4,5,6,5,4,3,10,10,3,2,1,15,16,17,18,1,20,20,1,23 poly=1,24,253,1551,6168,16795,32186,43890,42499,28790,13233,3906,666,50
SAMPLE n=24 alpha=13 par=0,1,2,3,4,5,6,5,3,9,10,11,9,13,2,15,2,2,1,19,20,21,22,21 poly=1,24,253,1550,6155,16731,32047,43825,42805,29480,13891,4226,740,56
SAMPLE n=24 alpha=14 par=0,1,2,3,4,5,6,5,3,9,10,11,3,1,14,15,16,17,14,19,20,14,14,14 poly=1,24,253,1554,6227,17284,34446,50362,54555,43713,25542,10560,2920,483,36
SAMPLE n=24 alpha=14 par=0,1,2,3,4,5,6,5,3,9,10,9,1,13,14,15,16,14,14,13,20,21,13,13 poly=1,24,253,1552,6189,16977,33059,46482,47512,35238,18750,6986,1738,261,18
SAMPLE n=24 alpha=14 par=0,1,2,3,4,5,6,5,3,9,9,2,12,13,14,2,2,2,1,19,20,21,22,1 poly=1,24,253,1554,6220,17192,33928,48718,51291,39446,21774,8311,2044,281,15
SAMPLE n=24 alpha=16 par=0,1,2,3,4,5,6,5,3,9,9,1,12,13,14,15,16,14,14,14,13,13,1,1 poly=1,24,253,1555,6247,17453,35257,52869,59895,51805,34329,17348,6582,1815,342,39,2
SAMPLE n=24 alpha=14 par=0,1,2,3,4,5,6,5,3,9,9,1,12,13,14,15,16,14,12,19,20,12,22,23 poly=1,24,253,1547,6106,16392,30754,40856,38599,25889,12239,4013,878,116,7
SAMPLE n=24 alpha=14 par=0,1,2,3,4,5,6,5,3,2,10,11,12,10,1,15,16,17,18,19,18,15,22,1 poly=1,24,253,1547,6105,16375,30630,40359,37414,24165,10713,3210,636,76,4
SAMPLE n=24 alpha=14 par=0,1,2,3,4,5,6,5,2,9,10,10,9,13,1,15,16,17,18,16,15,1,1,1 poly=1,24,253,1552,6190,16995,33182,46922,48441,36451,19733,7463,1864,275,18
SAMPLE n=24 alpha=15 par=0,1,2,3,4,5,6,5,2,9,9,9,1,13,14,15,16,17,15,14,14,1,22,23 poly=1,24,253,1550,6160,16805,32517,45508,46562,34946,19152,7551,2078,378,41,2
SAMPLE n=24 alpha=15 par=0,1,2,3,4,5,6,5,1,9,10,11,12,10,14,14,14,10,9,19,19,9,9,1 poly=1,24,253,1555,6236,17299,34329,49679,52900,41448,23666,9634,2687,479,48,2
SAMPLE n=24 alpha=14 par=0,1,2,3,4,5,6,5,1,9,10,11,12,10,14,14,10,17,17,10,1,21,1,23 poly=1,24,253,1552,6186,16933,32783,45514,45415,32308,16076,5412,1166,145,8
SAMPLE n=24 alpha=13 par=0,1,2,3,4,5,6,4,8,9,4,11,3,2,1,15,16,17,18,16,20,1,22,1 poly=1,24,253,1549,6135,16561,31252,41576,38790,24898,10591,2794,404,24
SAMPLE n=24 alpha=16 par=0,1,2,3,4,5,6,4,8,9,4,4,2,2,2,1,16,17,18,19,17,16,1,23 poly=1,24,253,1555,6244,17415,35060,52314,58916,50568,33058,16258,5865,1488,248,24,1
SAMPLE n=24 alpha=15 par=0,1,2,3,4,5,6,4,8,8,8,8,2,13,13,13,13,1,18,19,20,21,22,19 poly=1,24,253,1555,6251,17510,35591,53933,61937,54253,36106,17965,6467,1586,236,16
SAMPLE n=24 alpha=15 par=0,1,2,3,4,5,6,4,8,8,3,1,12,13,14,15,16,14,13,13,13,12,12,1 poly=1,24,253,1554,6223,17225,34089,49200,52316,41071,23656,9830,2853,545,61,3
SAMPLE n=24 alpha=13 par=0,1,2,3,4,5,6,4,8,8,3,1,12,13,14,15,16,13,18,19,18,21,18,13 poly=1,24,253,1549,6137,16590,31432,42198,40101,26638,12038,3516,598,45
SAMPLE n=24 alpha=15 par=0,1,2,3,4,5,6,4,8,8,1,11,12,13,14,15,13,12,18,18,18,18,12,12 poly=1,24,253,1555,6240,17354,34661,50832,55443,45170,27344,12084,3764,776,94,5
SAMPLE n=24 alpha=14 par=0,1,2,3,4,5,6,4,8,4,10,1,12,13,14,15,1,17,18,19,19,19,17,17 poly=1,24,253,1550,6160,16805,32523,45568,46793,35378,19549,7681,2023,317,22
SAMPLE n=24 alpha=16 par=0,1,2,3,4,5,6,4,8,4,4,3,12,2,1,15,16,17,18,16,16,15,15,15 poly=1,24,253,1557,6275,17610,35721,53655,60635,52052,34065,16934,6308,1711,320,37,2
SAMPLE n=24 alpha=14 par=0,1,2,3,4,5,6,4,8,4,3,3,3,1,14,15,16,17,18,15,20,14,22,23 poly=1,24,253,1551,6171,16839,32465,44881,44649,31725,15750,5224,1063,112,4
SAMPLE n=24 alpha=13 par=0,1,2,3,4,5,6,4,8,4,2,11,1,13,14,15,16,14,18,13,20,1,22,1 poly=1,24,253,1549,6135,16562,31264,41635,38944,25128,10787,2882,420,24
SAMPLE n=24 alpha=14 par=0,1,2,3,4,5,6,4,8,2,2,1,12,13,14,15,16,14,12,19,19,1,22,1 poly=1,24,253,1550,6155,16734,32093,44105,43698,31136,15755,5507,1260,169,10
SAMPLE n=24 alpha=15 par=0,1,2,3,4,5,6,4,8,1,10,11,12,13,11,1,16,17,17,17,17,16,16,16 poly=1,24,253,1555,6242,17382,34824,51370,56587,46838,29054,13314,4369,969,130,8
SAMPLE n=24 alpha=14 par=0,1,2,3,4,5,6,4,4,4,3,2,12,2,1,15,16,17,18,19,16,16,1,23 poly=1,24,253,1554,6226,17270,34368,50147,54267,43613,25755,10875,3108,537,42
SAMPLE n=24 alpha=15 par=0,1,2,3,4,5,6,4,4,3,10,11,11,11,3,2,1,17,18,19,20,21,18,18 poly=1,24,253,1553,6213,17208,34258,50262,55210,45726,28488,13171,4389,998,139,9
SAMPLE n=24 alpha=16 par=0,1,2,3,4,5,6,4,4,2,2,1,12,13,14,15,16,12,18,18,18,12,22,12 poly=1,24,253,1555,6244,17415,35061,52331,59030,50957,33818,17164,6546,1812,342,39,2
SAMPLE n=24 alpha=15 par=0,1,2,3,4,5,6,4,3,9,10,3,12,13,1,15,16,17,18,19,15,1,1,1 poly=1,24,253,1551,6173,16873,32699,45754,46626,34595,18490,6952,1767,285,26,1
SAMPLE n=24 alpha=13 par=0,1,2,3,4,5,6,4,3,9,9,1,12,13,14,15,12,1,18,19,20,19,18,23 poly=1,24,253,1547,6104,16361,30550,40111,36938,23541,10117,2802,457,34
SAMPLE n=24 alpha=14 par=0,1,2,3,4,5,6,4,2,9,2,2,1,13,14,15,16,17,14,19,13,21,1,1 poly=1,24,253,1552,6186,16938,32843,45815,46248,33711,17565,6404,1564,232,16
SAMPLE n=24 alpha=14 par=0,1,2,3,4,5,6,4,2,9,1,11,12,13,14,11,16,17,11,1,20,21,21,1 poly=1,24,253,1549,6137,16600,31548,42761,41593,29006,14366,4935,1118,150,9
SAMPLE n=24 alpha=14 par=0,1,2,3,4,5,6,4,2,9,1,11,12,13,14,11,1,17,18,18,17,21,17,17 poly=1,24,253,1551,6170,16829,32424,44800,44609,31893,16166,5669,1315,184,12
SAMPLE n=24 alpha=16 par=0,1,2,3,4,5,6,4,2,1,10,11,12,13,14,11,11,1,18,18,18,18,18,1 poly=1,24,253,1558,6297,17816,36767,56872,67035,60646,42063,22153,8686,2451,470,55,3
SAMPLE n=24 alpha=13 par=0,1,2,3,4,5,6,3,8,9,10,2,12,13,14,1,16,17,18,19,16,21,1,1 poly=1,24,253,1546,6085,16212,29911,38445,34170,20562,8056,1919,244,12
SAMPLE n=24 alpha=13 par=0,1,2,3,4,5,6,3,8,3,10,3,1,13,14,15,16,17,1,19,1,21,1,1 poly=1,24,253,1556,6254,17429,34826,50775,54265,42147,23185,8565,1904,192
SAMPLE n=24 alpha=16 par=0,1,2,3,4,5,5,5,5,5,5,5,4,13,1,15,16,17,17,16,15,21,22,21 poly=1,24,253,1566,6429,18740,40432,66129,82865,79605,58202,31888,12742,3545,632,61,2
SAMPLE n=24 alpha=18 par=0,1,2,3,4,5,5,5,5,5,5,5,3,1,14,15,16,16,15,15,15,15,14,23 poly=1,24,253,1574,6571,19811,45123,79778,111185,123085,108454,75848,41767,17850,5783,1368,222,22,1
SAMPLE n=24 alpha=17 par=0,1,2,3,4,5,5,5,5,5,5,5,3,1,14,15,16,16,15,15,15,14,22,14 poly=1,24,253,1572,6536,19548,43962,76328,103776,111163,93837,62107,31868,12426,3560,707,87,5
SAMPLE n=24 alpha=15 par=0,1,2,3,4,5,5,5,5,5,5,2,12,13,2,1,16,17,18,17,16,21,16,23 poly=1,24,253,1562,6368,18336,38874,62192,75922,70746,49883,26129,9843,2519,392,28
SAMPLE n=24 alpha=16 par=0,1,2,3,4,5,5,5,5,5,4,4,3,13,3,2,16,17,17,17,1,21,22,23 poly=1,24,253,1560,6330,18048,37695,59257,71256,65995,46991,25440,10236,2941,563,63,3
SAMPLE n=24 alpha=16 par=0,1,2,3,4,5,5,5,5,5,4,4,2,13,13,2,1,17,18,19,20,20,18,23 poly=1,24,253,1559,6316,17959,37354,58400,69808,64356,45805,24996,10286,3095,644,83,5
SAMPLE n=24 alpha=16 par=0,1,2,3,4,5,5,5,5,5,3,11,1,13,14,15,15,15,13,19,20,13,1,23 poly=1,24,253,1558,6305,17927,37431,59140,72008,68127,50089,28395,12190,3835,834,112,7
SAMPLE n=24 alpha=15 par=0,1,2,3,4,5,5,5,5,5,2,1,12,13,14,13,12,17,1,19,20,1,22,23 poly=1,24,253,1556,6263,17558,35622,53547,60305,50827,31649,14204,4418,896,107,6
SAMPLE n=24 alpha=14 par=0,1,2,3,4,5,5,5,5,4,10,4,3,1,14,15,16,14,18,1,20,21,20,20 poly=1,24,253,1555,6242,17376,34759,51053,55670,45107,26848,11407,3269,564,44
SAMPLE n=24 alpha=14 par=0,1,2,3,4,5,5,5,5,4,10,3,12,2,1,15,16,17,16,15,1,21,22,22 poly=1,24,253,1553,6211,17176,34045,49472,53363,42809,25264,10666,3050,529,42
SAMPLE n=24 alpha=18 par=0,1,2,3,4,5,5,5,5,4,4,4,4,4,4,4,1,17,18,19,19,17,1,23 poly=1,24,253,1577,6596,19864,44969,78624,107946,117474,101723,70005,38042,16115,5208,1240,205,21,1
SAMPLE n=24 alpha=17 par=0,1,2,3,4,5,5,5,5,4,4,4,2,13,14,14,2,1,18,19,20,18,18,1 poly=1,24,253,1560,6332,18075,37877,60047,73579,70710,53718,32289,15245,5555,1512,290,35,2
SAMPLE n=24 alpha=16 par=0,1,2,3,4,5,5,5,5,4,4,4,2,13,2,1,16,17,18,17,16,21,21,1 poly=1,24,253,1559,6312,17903,37032,57373,67754,61607,43242,23282,9445,2790,565,70,4
SAMPLE n=24 alpha=15 par=0,1,2,3,4,5,5,5,5,4,4,3,12,1,14,15,16,17,16,15,15,14,1,23 poly=1,24,253,1556,6260,17510,35309,52456,58054,47936,29267,12915,3943,768,81,3
SAMPLE n=24 alpha=15 par=0,1,2,3,4,5,5,5,5,4,3,11,12,11,14,1,16,17,18,16,16,1,22,1 poly=1,24,253,1555,6244,17403,34908,51511,56572,46345,28092,12338,3778,754,86,4
SAMPLE n=24 alpha=16 par=0,1,2,3,4,5,5,5,5,4,3,11,3,13,1,15,16,17,16,15,15,15,15,15 poly=1,24,253,1566,6431,18762,40561,66677,84516,82961,62770,36073,15310,4570,879,91,3
SAMPLE n=24 alpha=15 par=0,1,2,3,4,5,5,5,5,4,3,2,12,1,14,15,16,16,16,16,1,21,1,23 poly=1,24,253,1558,6301,17860,36966,57368,67786,61306,42228,21779,8130,2065,317,22
SAMPLE n=24 alpha=17 par=0,1,2,3,4,5,5,5,5,4,2,11,11,2,1,15,16,17,17,17,17,16,1,1 poly=1,24,253,1561,6354,18259,38683,62173,77200,74797,56701,33485,15217,5203,1289,217,22,1
SAMPLE n=24 alpha=16 par=0,1,2,3,4,5,5,5,5,4,2,2,2,1,14,15,16,17,17,16,15,14,1,23 poly=1,24,253,1558,6300,17848,36909,57236,67677,61510,42970,22870,9089,2600,502,58,3
SAMPLE n=24 alpha=16 par=0,1,2,3,4,5,5,5,5,3,10,11,10,10,10,3,1,17,18,19,17,1,22,22 poly=1,24,253,1558,6300,17854,36976,57554,68540,63006,44718,24288,9899,2924,589,72,4
SAMPLE n=24 alpha=17 par=0,1,2,3,4,5,5,5,5,3,10,11,3,13,13,13,3,1,18,19,20,19,1,1 poly=1,24,253,1559,6318,18004,37726,60011,74078,71928,55271,33576,15982,5849,1591,303,36,2
SAMPLE n=24 alpha=15 par=0,1,2,3,4,5,5,5,5,3,10,11,2,13,2,1,16,17,18,17,17,1,22,1 poly=1,24,253,1556,6264,17576,35751,54077,61735,53454,34913,16902,5863,1371,192,12
SAMPLE n=24 alpha=16 par=0,1,2,3,4,5,5,5,5,3,10,11,2,13,1,15,16,17,18,18,16,16,16,15 poly=1,24,253,1556,6269,17650,36222,55787,65717,59804,42103,22762,9279,2757,562,70,4
SAMPLE n=24 alpha=15 par=0,1,2,3,4,5,5,5,5,3,10,3,2,13,14,13,13,13,1,19,20,21,20,23 poly=1,24,253,1557,6283,17730,36458,56148,65863,59248,40722,21050,7926,2051,326,24
SAMPLE n=24 alpha=14 par=0,1,2,3,4,5,5,5,5,2,10,11,1,13,14,15,16,14,18,18,1,21,22,23 poly=1,24,253,1550,6163,16849,32784,46378,48213,36788,20280,7801,1965,287,18
SAMPLE n=24 alpha=14 par=0,1,2,3,4,5,5,5,4,9,9,4,12,1,14,15,16,15,14,19,19,14,22,14 poly=1,24,253,1555,6236,17285,34194,49132,51675,39761,22152,8712,2295,363,26
SAMPLE n=24 alpha=14 par=0,1,2,3,4,5,5,5,4,9,9,3,12,2,14,15,14,1,18,19,20,21,20,18 poly=1,24,253,1550,6159,16794,32475,45458,46640,35240,19492,7716,2078,342,26
SAMPLE n=24 alpha=16 par=0,1,2,3,4,5,5,5,4,9,9,3,3,1,14,15,16,17,15,15,14,14,1,23 poly=1,24,253,1555,6245,17427,35129,52567,59575,51834,34835,18025,7074,2041,409,51,3
SAMPLE n=24 alpha=15 par=0,1,2,3,4,5,5,5,4,9,4,4,4,1,14,15,16,17,16,15,20,15,15,15 poly=1,24,253,1564,6391,18424,38970,61952,75022,69527,49119,26086,10124,2723,456,36
SAMPLE n=24 alpha=14 par=0,1,2,3,4,5,5,5,4,9,4,1,12,13,14,13,13,12,18,19,18,12,22,23 poly=1,24,253,1553,6205,17083,33450,47380,48852,36531,19505,7191,1714,230,12
SAMPLE n=24 alpha=17 par=0,1,2,3,4,5,5,5,4,4,4,4,4,4,3,15,3,3,1,19,20,21,22,22 poly=1,24,253,1571,6492,19095,41675,69319,89341,90009,71036,43730,20763,7450,1952,352,39,2
SAMPLE n=24 alpha=15 par=0,1,2,3,4,5,5,5,4,4,4,3,3,1,14,15,16,14,1,19,20,19,1,23 poly=1,24,253,1557,6272,17567,35449,52656,58269,48247,29796,13553,4420,980,132,8
SAMPLE n=24 alpha=16 par=0,1,2,3,4,5,5,5,4,4,3,11,12,11,2,2,2,2,1,19,20,21,1,23 poly=1,24,253,1559,6308,17858,36808,56695,66317,59343,40577,20990,8048,2207,406,44,2
SAMPLE n=24 alpha=15 par=0,1,2,3,4,5,5,5,4,4,3,11,3,13,2,2,1,17,18,19,20,19,1,23 poly=1,24,253,1554,6220,17184,33844,48366,50538,38597,21376,8445,2312,416,44,2
SAMPLE n=24 alpha=15 par=0,1,2,3,4,5,5,5,4,4,3,3,1,13,14,15,15,14,14,13,20,21,1,23 poly=1,24,253,1555,6243,17390,34843,51346,56357,46275,28310,12720,4077,883,116,7
SAMPLE n=24 alpha=14 par=0,1,2,3,4,5,5,5,4,3,10,10,1,13,14,15,16,16,13,19,20,19,13,23 poly=1,24,253,1551,6176,16910,32887,46270,47473,35465,19050,7155,1782,265,18
SAMPLE n=24 alpha=15 par=0,1,2,3,4,5,5,5,4,3,2,11,12,13,12,2,2,1,18,19,20,18,1,23 poly=1,24,253,1554,6224,17245,34236,49769,53652,43110,25749,11291,3539,753,98,6
SAMPLE n=24 alpha=16 par=0,1,2,3,4,5,5,5,4,3,2,11,1,13,14,15,15,14,1,19,1,1,1,1 poly=1,24,253,1563,6376,18347,38796,61853,75442,70787,50967,27857,11318,3297,647,76,4
SAMPLE n=24 alpha=15 par=0,1,2,3,4,5,5,5,4,3,2,2,1,13,14,15,15,14,18,13,20,13,1,23 poly=1,24,253,1554,6224,17240,34185,49551,53135,42354,25037,10857,3374,718,95,6
SAMPLE n=24 alpha=15 par=0,1,2,3,4,5,5,5,4,2,10,11,12,12,10,15,15,15,1,19,20,21,20,20 poly=1,24,253,1553,6217,17262,34560,51196,57018,48078,30625,14546,5010,1187,174,12
SAMPLE n=24 alpha=15 par=0,1,2,3,4,5,5,5,4,2,10,11,12,12,2,15,1,17,18,19,1,21,21,21 poly=1,24,253,1552,6195,17070,33657,48594,52086,41661,24760,10758,3304,673,80,4
SAMPLE n=24 alpha=15 par=0,1,2,3,4,5,5,5,4,2,10,1,12,13,14,15,13,13,12,19,19,19,12,1 poly=1,24,253,1555,6243,17395,34898,51607,57065,47493,29701,13791,4628,1065,151,10
SAMPLE n=24 alpha=15 par=0,1,2,3,4,5,5,5,4,2,10,1,12,13,14,15,1,17,17,17,17,1,22,22 poly=1,24,253,1555,6243,17401,34968,51942,57927,48818,30978,14573,4925,1129,157,10
SAMPLE n=24 alpha=16 par=0,1,2,3,4,5,5,5,3,9,10,3,12,13,3,3,1,17,18,19,20,20,19,23 poly=1,24,253,1555,6244,17417,35081,52401,59100,50784,33204,16316,5877,1489,248,24,1
SAMPLE n=24 alpha=14 par=0,1,2,3,4,5,5,5,3,9,10,3,12,13,2,15,16,15,1,19,20,21,1,23 poly=1,24,253,1549,6139,16632,31762,43543,43311,31369,16431,6075,1504,224,15
SAMPLE n=24 alpha=15 par=0,1,2,3,4,5,5,5,3,9,9,3,2,1,14,15,16,17,16,16,15,15,14,1 poly=1,24,253,1556,6262,17542,35522,53249,59918,50874,32461,15323,5181,1182,162,10
SAMPLE n=24 alpha=17 par=0,1,2,3,4,5,5,5,3,9,9,1,12,13,14,12,16,16,16,16,16,16,16,1 poly=1,24,253,1568,6468,19071,42047,71248,94197,97866,79992,51198,25365,9525,2616,494,57,3
SAMPLE n=24 alpha=15 par=0,1,2,3,4,5,5,5,3,9,2,11,12,12,11,11,11,2,1,19,20,21,21,1 poly=1,24,253,1556,6260,17524,35464,53190,60029,51314,33139,15948,5553,1323,193,13
SAMPLE n=24 alpha=16 par=0,1,2,3,4,5,5,5,3,3,3,3,2,1,14,15,16,17,16,1,20,21,20,20 poly=1,24,253,1559,6317,17981,37525,59079,71422,66841,48373,26781,11089,3301,660,78,4
SAMPLE n=24 alpha=16 par=0,1,2,3,4,5,5,5,3,3,2,2,1,13,14,15,16,15,13,19,20,19,13,13 poly=1,24,253,1557,6282,17718,36409,56094,66083,60250,42705,23445,9832,3060,669,92,6
SAMPLE n=24 alpha=16 par=0,1,2,3,4,5,5,5,3,3,1,11,12,13,12,12,11,17,1,19,20,1,22,1 poly=1,24,253,1556,6262,17557,35708,54226,62800,56227,39110,21022,8581,2572,533,68,4
SAMPLE n=24 alpha=14 par=0,1,2,3,4,5,5,5,3,2,1,11,12,13,14,13,11,17,18,17,20,17,1,23 poly=1,24,253,1551,6176,16912,32907,46352,47652,35680,19160,7111,1689,218,10
SAMPLE n=24 alpha=16 par=0,1,2,3,4,5,5,5,3,2,1,11,12,13,14,13,11,17,17,17,17,17,1,1 poly=1,24,253,1560,6337,18149,38315,61425,76153,73649,55589,32494,14451,4733,1077,152,10
SAMPLE n=24 alpha=17 par=0,1,2,3,4,5,5,5,2,9,9,9,9,2,14,14,14,14,1,19,20,21,22,1 poly=1,24,253,1559,6315,17967,37525,59355,72612,69538,52340,30840,14044,4826,1203,204,21,1
SAMPLE n=24 alpha=15 par=0,1,2,3,4,5,5,5,2,9,9,9,2,1,14,15,16,17,15,14,20,14,22,14 poly=1,24,253,1556,6261,17529,35443,52964,59256,49843,31363,14522,4788,1058,139,8
SAMPLE n=24 alpha=15 par=0,1,2,3,4,5,5,5,2,1,10,11,12,11,11,1,16,17,1,19,19,1,22,22 poly=1,24,253,1555,6240,17358,34705,51039,55982,46031,28243,12718,4064,866,109,6
SAMPLE n=24 alpha=15 par=0,1,2,3,4,5,5,4,8,8,4,4,4,2,2,1,16,17,18,17,20,17,22,1 poly=1,24,253,1559,6307,17824,36502,55361,62893,53670,34208,16028,5353,1204,163,10
SAMPLE n=24 alpha=15 par=0,1,2,3,4,5,5,4,8,8,4,2,12,13,13,1,16,17,18,19,16,16,1,23 poly=1,24,253,1551,6175,16899,32846,46242,47701,36244,20255,8238,2379,464,55,3
SAMPLE n=24 alpha=14 par=0,1,2,3,4,5,5,4,8,8,3,11,3,2,1,15,16,17,1,19,20,21,1,1 poly=1,24,253,1553,6205,17093,33561,47904,50234,38789,21903,8870,2471,431,36
SAMPLE n=24 alpha=15 par=0,1,2,3,4,5,5,4,8,4,4,4,2,13,14,1,16,17,18,17,17,1,22,1 poly=1,24,253,1558,6293,17744,36252,54874,62247,53032,33691,15668,5151,1124,144,8
SAMPLE n=24 alpha=14 par=0,1,2,3,4,5,5,4,8,4,4,2,12,1,14,15,16,17,15,1,20,21,22,23 poly=1,24,253,1550,6156,16743,32113,44051,43335,30338,14825,4882,1019,120,6
SAMPLE n=24 alpha=14 par=0,1,2,3,4,5,5,4,8,4,3,3,2,13,14,14,13,13,2,1,20,21,22,21 poly=1,24,253,1555,6237,17305,34318,49496,52234,40168,22164,8509,2148,319,21
SAMPLE n=24 alpha=14 par=0,1,2,3,4,5,5,4,8,4,3,2,1,13,14,15,14,1,18,19,18,18,18,18 poly=1,24,253,1558,6293,17744,36247,54816,61961,52257,32416,14340,4271,765,62
SAMPLE n=24 alpha=15 par=0,1,2,3,4,5,5,4,8,3,10,10,3,13,13,1,16,17,18,18,1,21,21,1 poly=1,24,253,1552,6190,16997,33212,47097,48982,37459,20939,8411,2348,428,45,2
SAMPLE n=24 alpha=15 par=0,1,2,3,4,5,5,4,8,3,10,3,3,3,1,15,16,17,18,17,16,15,15,1 poly=1,24,253,1558,6291,17720,36138,54590,61841,52708,33598,15750,5261,1184,161,10
SAMPLE n=24 alpha=13 par=0,1,2,3,4,5,5,4,8,3,10,2,12,13,14,2,16,17,18,1,20,21,22,1 poly=1,24,253,1547,6100,16307,30243,39148,35101,21322,8403,1974,227,6
SAMPLE n=24 alpha=13 par=0,1,2,3,4,5,5,4,8,2,10,11,12,11,14,11,16,2,1,19,20,21,21,1 poly=1,24,253,1550,6157,16757,32193,44298,43787,30829,15102,4901,949,83
SAMPLE n=24 alpha=14 par=0,1,2,3,4,5,5,4,8,2,10,11,12,11,10,15,15,15,1,19,20,21,1,23 poly=1,24,253,1549,6140,16640,31770,43432,42805,30352,15265,5257,1152,138,6
SAMPLE n=24 alpha=14 par=0,1,2,3,4,5,5,4,8,2,10,11,10,13,2,15,1,17,18,19,17,21,21,21 poly=1,24,253,1550,6156,16745,32139,44189,43719,30946,15384,5174,1099,129,6
SAMPLE n=24 alpha=16 par=0,1,2,3,4,5,5,4,8,1,10,11,12,13,13,10,16,17,17,17,17,17,16,16 poly=1,24,253,1557,6280,17685,36171,55110,63476,55566,36832,18248,6596,1670,276,26,1
SAMPLE n=24 alpha=13 par=0,1,2,3,4,5,5,4,8,1,10,11,12,13,12,11,16,11,11,10,20,21,20,23 poly=1,24,253,1551,6169,16808,32259,44120,42936,29291,13560,4008,672,48
SAMPLE n=24 alpha=14 par=0,1,2,3,4,5,5,4,8,1,10,11,12,13,12,11,11,10,18,19,20,1,22,22 poly=1,24,253,1549,6139,16621,31627,42862,41467,28418,13526,4302,848,88,3
SAMPLE n=24 alpha=16 par=0,1,2,3,4,5,5,4,8,1,10,11,12,13,11,15,10,10,10,10,10,10,10,10 poly=1,24,253,1579,6621,19981,45133,77927,103852,107113,85252,51859,23662,7838,1780,248,16
SAMPLE n=24 alpha=15 par=0,1,2,3,4,5,5,4,4,4,4,3,3,2,14,2,2,1,18,19,20,1,22,23 poly=1,24,253,1561,6334,17987,37086,56734,65101,56132,36101,17007,5676,1265,168,10
SAMPLE n=24 alpha=15 par=0,1,2,3,4,5,5,4,4,4,3,2,12,2,1,15,16,17,18,17,20,1,1,1 poly=1,24,253,1558,6291,17717,36094,54349,61137,51446,32111,14560,4611,949,110,5
SAMPLE n=24 alpha=15 par=0,1,2,3,4,5,5,4,4,3,10,11,3,1,14,15,16,16,14,19,14,1,22,23 poly=1,24,253,1552,6190,16993,33169,46905,48516,36780,20317,8046,2212,398,42,2
SAMPLE n=24 alpha=14 par=0,1,2,3,4,5,5,4,4,3,10,2,1,13,14,15,16,15,18,15,20,13,1,23 poly=1,24,253,1551,6171,16832,32383,44496,43707,30434,14781,4893,1067,142,9
SAMPLE n=24 alpha=16 par=0,1,2,3,4,5,5,4,4,3,10,2,1,13,14,15,16,14,13,13,1,1,1,1 poly=1,24,253,1560,6322,17928,36939,56578,65229,56826,37246,18126,6395,1574,254,24,1
SAMPLE n=24 alpha=15 par=0,1,2,3,4,5,5,4,4,2,1,11,12,13,14,14,13,12,18,19,12,21,12,12 poly=1,24,253,1557,6274,17596,35621,53210,59348,49578,30846,14069,4565,998,132,8
SAMPLE n=24 alpha=16 par=0,1,2,3,4,5,5,4,4,2,1,11,12,13,14,14,11,17,18,11,20,20,20,20 poly=1,24,253,1555,6247,17455,35279,52964,60102,52046,34458,17333,6518,1777,332,38,2
SAMPLE n=24 alpha=15 par=0,1,2,3,4,5,5,4,3,9,10,9,9,3,3,3,1,17,18,19,17,21,22,1 poly=1,24,253,1557,6269,17534,35291,52213,57435,47099,28591,12597,3876,776,88,4
SAMPLE n=24 alpha=16 par=0,1,2,3,4,5,5,4,3,9,10,9,3,3,3,1,16,17,18,19,17,17,17,17 poly=1,24,253,1563,6379,18381,38985,62519,77045,73490,54190,30577,12930,3954,823,104,6
SAMPLE n=24 alpha=14 par=0,1,2,3,4,5,5,4,3,9,2,11,11,11,1,15,16,17,18,15,1,21,22,22 poly=1,24,253,1550,6159,16796,32492,45505,46665,35126,19242,7488,1968,314,23
SAMPLE n=24 alpha=16 par=0,1,2,3,4,5,5,4,3,3,3,3,3,2,1,15,16,17,17,1,20,20,20,1 poly=1,24,253,1565,6410,18600,39892,64957,81569,79535,60174,35032,15420,4973,1111,154,10
SAMPLE n=24 alpha=16 par=0,1,2,3,4,5,5,4,3,3,3,1,12,13,14,12,16,16,16,16,16,12,22,22 poly=1,24,253,1562,6364,18293,38720,62086,76741,73718,55016,31615,13724,4352,951,128,8
SAMPLE n=24 alpha=14 par=0,1,2,3,4,5,5,4,3,2,1,11,12,13,14,13,16,12,18,19,12,21,21,1 poly=1,24,253,1550,6154,16714,31942,43505,42280,29040,13791,4357,860,96,5
SAMPLE n=24 alpha=14 par=0,1,2,3,4,5,5,4,2,9,10,11,9,13,13,13,9,17,1,19,20,21,20,23 poly=1,24,253,1550,6155,16731,32057,43928,43223,30359,14939,4948,1018,110,4
SAMPLE n=24 alpha=15 par=0,1,2,3,4,5,5,4,2,9,10,11,2,13,14,2,1,17,18,19,20,18,18,17 poly=1,24,253,1552,6192,17024,33365,47580,49932,38691,22025,9071,2624,505,58,3
SAMPLE n=24 alpha=15 par=0,1,2,3,4,5,5,4,2,9,9,9,9,1,14,15,16,17,16,14,1,21,1,1 poly=1,24,253,1557,6279,17674,36115,54929,63068,54893,35990,17446,6036,1401,194,12
SAMPLE n=24 alpha=13 par=0,1,2,3,4,5,5,4,1,9,10,11,12,11,14,11,10,17,10,19,10,21,9,23 poly=1,24,253,1552,6179,16833,32178,43469,41146,26586,11133,2734,316,8
SAMPLE n=24 alpha=15 par=0,1,2,3,4,5,5,4,1,9,10,11,12,11,14,10,10,10,10,10,9,1,22,1 poly=1,24,253,1562,6356,18180,38007,59447,70353,63026,42306,20813,7225,1659,223,13
SAMPLE n=24 alpha=14 par=0,1,2,3,4,5,5,4,1,9,10,11,12,11,14,9,16,17,17,16,20,9,22,22 poly=1,24,253,1549,6138,16608,31557,42658,41114,28050,13313,4260,869,101,5
SAMPLE n=24 alpha=15 par=0,1,2,3,4,5,5,4,1,9,10,11,12,11,11,10,16,16,16,10,10,9,9,1 poly=1,24,253,1558,6287,17671,35875,53774,60221,50553,31638,14526,4741,1038,136,8
SAMPLE n=24 alpha=14 par=0,1,2,3,4,5,5,4,1,9,10,11,12,10,14,1,16,17,18,18,16,1,22,1 poly=1,24,253,1551,6173,16869,32645,45464,45809,33255,17146,6105,1425,196,12
SAMPLE n=24 alpha=15 par=0,1,2,3,4,5,5,3,8,9,3,11,12,2,1,15,16,17,16,16,15,1,1,1 poly=1,24,253,1555,6241,17369,34753,51142,56097,46110,28318,12827,4171,925,126,8
SAMPLE n=24 alpha=16 par=0,1,2,3,4,5,5,3,8,9,2,11,12,1,14,15,16,17,15,14,14,14,14,14 poly=1,24,253,1559,6310,17880,36896,56806,66062,58161,38527,18932,6736,1668,269,25,1
SAMPLE n=24 alpha=15 par=0,1,2,3,4,5,5,3,8,8,8,3,1,13,14,15,16,15,15,13,1,21,22,23 poly=1,24,253,1552,6196,17082,33721,48803,52564,42458,25721,11576,3780,853,120,8
SAMPLE n=24 alpha=16 par=0,1,2,3,4,5,5,3,8,8,1,11,12,13,12,15,12,17,12,12,12,12,12,1 poly=1,24,253,1572,6512,19229,42083,69790,88697,86699,64997,37019,15731,4835,1018,132,8
SAMPLE n=24 alpha=15 par=0,1,2,3,4,5,5,3,8,3,2,1,12,13,14,15,14,13,13,12,20,20,12,12 poly=1,24,253,1556,6256,17458,35022,51569,56358,45857,27649,12177,3807,801,102,6
SAMPLE n=24 alpha=13 par=0,1,2,3,4,5,5,3,8,3,2,1,12,13,14,15,14,13,12,1,20,21,20,1 poly=1,24,253,1552,6188,16962,32958,46090,46553,33698,17101,5814,1202,116
SAMPLE n=24 alpha=13 par=0,1,2,3,4,5,5,3,8,1,10,11,12,13,12,10,1,17,18,19,18,17,22,17 poly=1,24,253,1549,6139,16622,31638,42911,41576,28540,13575,4270,802,68
SAMPLE n=24 alpha=17 par=0,1,2,3,4,5,5,3,3,3,3,3,1,13,14,15,16,16,14,13,20,20,13,13 poly=1,24,253,1565,6418,18702,40464,66844,85706,85977,67580,41446,19625,7039,1851,337,38,2
SAMPLE n=24 alpha=15 par=0,1,2,3,4,5,5,3,3,2,10,11,12,11,10,15,15,1,18,19,20,21,18,18 poly=1,24,253,1551,6178,16949,33185,47480,50416,40034,23752,10413,3288,711,95,6
SAMPLE n=24 alpha=16 par=0,1,2,3,4,5,5,3,3,2,10,11,1,13,14,15,14,14,14,14,14,14,13,1 poly=1,24,253,1568,6459,18936,41200,68236,87245,86637,66802,39727,17944,5979,1392,203,14
SAMPLE n=24 alpha=16 par=0,1,2,3,4,5,5,3,3,1,10,11,12,13,12,12,12,11,18,18,11,10,10,10 poly=1,24,253,1560,6329,18038,37670,59317,71751,67357,49197,27806,11979,3820,854,120,8
SAMPLE n=24 alpha=16 par=0,1,2,3,4,5,5,3,3,1,10,11,12,13,12,10,10,10,1,19,20,20,19,1 poly=1,24,253,1556,6263,17570,35768,54337,62802,55889,38477,20423,8242,2455,510,66,4
SAMPLE n=24 alpha=16 par=0,1,2,3,4,5,5,3,3,1,10,11,12,13,10,15,16,16,16,15,20,20,10,1 poly=1,24,253,1553,6213,17215,34354,50808,56918,49027,32696,16844,6615,1924,392,50,3
SAMPLE n=24 alpha=16 par=0,1,2,3,4,5,5,3,3,1,10,11,12,13,10,15,16,16,15,15,15,10,10,10 poly=1,24,253,1561,6341,18091,37755,59207,70983,65676,46999,25874,10796,3316,710,95,6
SAMPLE n=24 alpha=15 par=0,1,2,3,4,5,5,3,2,9,1,11,12,13,11,11,11,1,18,19,19,18,22,18 poly=1,24,253,1554,6225,17263,34366,50274,54831,44852,27420,12344,3974,867,115,7
SAMPLE n=24 alpha=14 par=0,1,2,3,4,5,5,2,8,9,8,11,2,13,2,15,2,1,18,19,20,1,1,1 poly=1,24,253,1558,6276,17527,35061,51147,54816,43057,24433,9697,2526,380,24
SAMPLE n=24 alpha=16 par=0,1,2,3,4,5,5,2,8,8,2,2,2,2,1,15,16,17,18,1,20,21,1,1 poly=1,24,253,1563,6362,18169,37814,58722,68980,61649,41854,21383,8063,2168,391,42,2
SAMPLE n=24 alpha=17 par=0,1,2,3,4,5,5,2,2,2,2,2,2,2,1,15,16,17,15,1,20,20,20,1 poly=1,24,253,1576,6579,19751,44507,77194,104468,111011,92694,60528,30556,11681,3265,628,74,4
SAMPLE n=24 alpha=15 par=0,1,2,3,4,5,5,2,2,1,10,11,12,10,14,14,1,17,18,1,20,1,1,1 poly=1,24,253,1561,6328,17919,36762,55885,63763,54849,35418,16909,5787,1341,188,12
SAMPLE n=24 alpha=14 par=0,1,2,3,4,5,4,7,4,4,2,11,2,13,1,15,16,17,18,17,20,16,1,1 poly=1,24,253,1554,6223,17219,34011,48788,51127,38973,21280,8079,2023,301,20
SAMPLE n=24 alpha=13 par=0,1,2,3,4,5,4,7,4,3,10,11,10,13,3,15,15,1,18,19,20,21,20,20 poly=1,24,253,1551,6169,16811,32296,44303,43417,30033,14252,4390,786,62
SAMPLE n=24 alpha=14 par=0,1,2,3,4,5,4,7,4,3,2,2,1,13,14,15,16,1,18,19,18,18,18,1 poly=1,24,253,1556,6254,17429,34833,50846,54567,42856,24194,9458,2384,335,18
SAMPLE n=24 alpha=14 par=0,1,2,3,4,5,4,7,3,9,10,2,12,12,2,15,1,17,18,19,20,18,22,22 poly=1,24,253,1548,6118,16440,30778,40451,37121,23367,9770,2571,388,29,1
SAMPLE n=24 alpha=14 par=0,1,2,3,4,5,4,7,3,9,9,3,12,1,14,15,16,17,15,19,14,14,1,1 poly=1,24,253,1552,6186,16933,32791,45582,45653,32750,16544,5693,1254,156,8
SAMPLE n=24 alpha=15 par=0,1,2,3,4,5,4,7,3,3,2,1,12,13,14,15,14,17,12,12,1,1,1,1 poly=1,24,253,1559,6305,17805,36431,55236,62824,53796,34495,16291,5484,1239,167,10
SAMPLE n=24 alpha=15 par=0,1,2,3,4,5,4,7,3,3,2,1,12,13,14,15,13,17,18,13,20,21,13,13 poly=1,24,253,1555,6238,17318,34410,49896,53322,42059,24301,10091,2910,550,61,3
SAMPLE n=24 alpha=16 par=0,1,2,3,4,5,4,7,3,2,2,2,2,2,1,15,16,17,18,17,17,17,16,1 poly=1,24,253,1565,6409,18569,39622,63777,78407,73830,52919,28415,11109,3017,526,51,2
SAMPLE n=24 alpha=14 par=0,1,2,3,4,5,4,7,3,1,10,11,12,11,10,15,16,10,18,18,10,21,21,1 poly=1,24,253,1552,6179,16839,32260,43930,42545,29097,13866,4505,957,121,7
SAMPLE n=24 alpha=14 par=0,1,2,3,4,5,4,7,2,9,10,10,9,2,2,2,1,17,18,19,17,21,22,1 poly=1,24,253,1555,6236,17300,34336,49686,52825,41123,23050,8978,2275,330,20
SAMPLE n=24 alpha=14 par=0,1,2,3,4,5,4,7,2,9,10,10,2,1,14,15,16,17,14,19,14,21,14,14 poly=1,24,253,1555,6241,17367,34727,51006,55705,45391,27407,11995,3624,680,60
SAMPLE n=24 alpha=13 par=0,1,2,3,4,5,4,7,2,9,9,1,12,13,14,12,16,12,1,19,20,19,1,23 poly=1,24,253,1550,6149,16648,31568,42314,39936,26084,11393,3132,484,32
SAMPLE n=24 alpha=14 par=0,1,2,3,4,5,4,7,2,9,2,2,1,13,14,15,16,15,18,13,13,13,13,1 poly=1,24,253,1559,6310,17878,36873,56697,65749,57485,37393,17566,5635,1105,100
SAMPLE n=24 alpha=16 par=0,1,2,3,4,5,4,7,2,9,1,11,12,13,12,12,12,1,18,18,1,1,1,1 poly=1,24,253,1564,6390,18435,39128,62696,76951,72696,52615,28737,11512,3223,580,57,2
SAMPLE n=24 alpha=13 par=0,1,2,3,4,5,4,7,2,9,1,11,12,13,12,12,11,11,1,19,20,19,22,19 poly=1,24,253,1552,6187,16947,32860,45730,45740,32529,16029,5208,1010,90
SAMPLE n=24 alpha=13 par=0,1,2,3,4,5,4,7,2,1,10,11,12,13,12,10,16,17,10,19,19,10,22,1 poly=1,24,253,1551,6166,16770,32058,43539,41930,28218,12864,3748,622,44
SAMPLE n=24 alpha=17 par=0,1,2,3,4,5,4,4,4,4,4,4,1,13,14,15,16,15,15,13,13,13,13,1 poly=1,24,253,1575,6587,19919,45545,80928,113571,126913,113116,80036,44431,18952,6000,1329,184,12
SAMPLE n=24 alpha=15 par=0,1,2,3,4,5,4,4,4,3,10,3,3,2,2,1,16,17,18,17,16,21,16,16 poly=1,24,253,1562,6354,18145,37789,58760,69141,61879,41988,21320,7882,2014,320,24
SAMPLE n=24 alpha=14 par=0,1,2,3,4,5,4,4,4,3,10,3,2,1,14,15,16,17,15,19,20,14,22,1 poly=1,24,253,1553,6203,17056,33288,46818,47617,34751,17817,6167,1347,167,10
SAMPLE n=24 alpha=15 par=0,1,2,3,4,5,4,4,4,3,3,3,2,13,1,15,16,17,18,16,15,21,22,1 poly=1,24,253,1556,6254,17433,34892,51200,55730,45199,27235,12037,3792,805,103,6
SAMPLE n=24 alpha=15 par=0,1,2,3,4,5,4,4,4,2,2,1,12,13,14,13,13,12,1,19,20,21,19,1 poly=1,24,253,1557,6278,17655,35984,54465,62094,53600,34881,16840,5837,1367,192,12
SAMPLE n=24 alpha=13 par=0,1,2,3,4,5,4,4,3,3,2,11,12,1,14,15,16,17,16,15,20,15,14,1 poly=1,24,253,1553,6204,17066,33323,46853,47523,34404,17310,5744,1130,100
SAMPLE n=24 alpha=14 par=0,1,2,3,4,5,4,4,3,2,10,1,12,13,14,15,14,12,18,19,18,18,18,1 poly=1,24,253,1554,6226,17264,34291,49739,53091,41556,23458,9217,2356,342,20
SAMPLE n=24 alpha=16 par=0,1,2,3,4,5,4,4,2,9,1,11,12,13,14,12,12,12,12,12,12,1,22,1 poly=1,24,253,1568,6464,19008,41629,69662,90225,90785,70734,42240,18964,6191,1386,190,12
SAMPLE n=24 alpha=15 par=0,1,2,3,4,5,4,4,1,9,10,11,9,13,14,9,16,16,9,9,1,21,22,21 poly=1,24,253,1556,6252,17407,34742,50694,54623,43557,25561,10872,3252,646,76,4
SAMPLE n=24 alpha=13 par=0,1,2,3,4,5,4,3,8,9,1,11,12,13,14,11,16,17,17,16,16,11,1,23 poly=1,24,253,1550,6153,16701,31865,43233,41658,28101,12861,3766,629,45
SAMPLE n=24 alpha=15 par=0,1,2,3,4,5,4,3,8,8,3,3,3,3,2,2,1,17,18,19,20,18,22,1 poly=1,24,253,1562,6344,18018,37072,56381,63979,54178,33918,15373,4858,1002,119,6
SAMPLE n=24 alpha=14 par=0,1,2,3,4,5,4,3,8,8,3,1,12,13,14,15,13,17,17,12,20,21,22,1 poly=1,24,253,1549,6138,16607,31549,42629,41040,27899,13097,4070,775,78,3
SAMPLE n=24 alpha=15 par=0,1,2,3,4,5,4,3,8,8,2,11,12,2,2,1,16,17,18,16,1,21,1,23 poly=1,24,253,1553,6198,16999,33026,46220,47017,34917,18928,7415,2037,370,40,2
SAMPLE n=24 alpha=14 par=0,1,2,3,4,5,4,3,8,3,10,2,12,1,14,15,16,14,18,18,14,14,1,23 poly=1,24,253,1553,6199,16999,32948,45701,45387,31941,15571,5050,1013,108,4
SAMPLE n=24 alpha=14 par=0,1,2,3,4,5,4,3,8,2,10,11,1,13,14,15,14,1,18,19,20,1,1,1 poly=1,24,253,1554,6221,17206,34012,48995,51828,40056,22151,8399,2018,262,12
SAMPLE n=24 alpha=14 par=0,1,2,3,4,5,4,3,8,1,10,11,12,13,11,15,15,10,18,10,1,21,21,21 poly=1,24,253,1551,6173,16872,32687,45696,46473,34342,18200,6703,1609,220,12
SAMPLE n=24 alpha=16 par=0,1,2,3,4,5,4,3,3,2,2,2,2,2,2,1,16,17,18,19,1,21,22,1 poly=1,24,253,1568,6441,18714,39988,64319,78804,73742,52416,27919,10889,2998,549,60,3
SAMPLE n=24 alpha=13 par=0,1,2,3,4,5,4,3,2,9,10,11,9,13,14,2,1,17,18,19,17,21,1,1 poly=1,24,253,1550,6150,16662,31650,42578,40448,26697,11836,3309,514,32
SAMPLE n=24 alpha=15 par=0,1,2,3,4,5,4,3,1,9,10,11,12,11,1,15,16,17,17,16,16,16,16,1 poly=1,24,253,1557,6281,17697,36229,55261,63714,55792,36915,18151,6422,1543,225,15
SAMPLE n=24 alpha=16 par=0,1,2,3,4,5,4,2,8,2,2,1,12,13,14,15,13,13,13,13,13,12,12,1 poly=1,24,253,1566,6424,18676,40107,65302,81844,79467,59687,34346,14849,4663,1003,132,8
SAMPLE n=24 alpha=14 par=0,1,2,3,4,5,4,2,8,1,10,11,12,10,1,15,15,1,18,1,20,1,1,1 poly=1,24,253,1565,6379,18179,37400,56414,62597,50703,29387,11747,3035,448,28
SAMPLE n=24 alpha=14 par=0,1,2,3,4,5,3,7,8,3,10,10,3,13,2,2,1,17,18,19,17,21,22,1 poly=1,24,253,1552,6179,16841,32278,43992,42635,29100,13704,4293,838,90,4
SAMPLE n=24 alpha=15 par=0,1,2,3,4,5,3,7,8,2,10,11,11,2,14,14,14,1,18,19,20,21,1,1 poly=1,24,253,1551,6171,16856,32663,45844,47214,35869,20012,8059,2262,415,44,2
SAMPLE n=24 alpha=15 par=0,1,2,3,4,5,3,7,8,2,2,1,12,13,14,12,16,12,12,12,1,21,1,1 poly=1,24,253,1560,6312,17799,36219,54266,60448,50090,30595,13481,4118,812,90,4
SAMPLE n=24 alpha=15 par=0,1,2,3,4,5,3,7,7,3,10,10,1,13,14,15,16,14,18,18,14,14,13,23 poly=1,24,253,1553,6203,17055,33291,46903,48038,35764,19210,7312,1903,316,29,1
SAMPLE n=24 alpha=14 par=0,1,2,3,4,5,3,7,7,3,2,11,12,13,11,15,1,17,18,19,1,21,1,1 poly=1,24,253,1552,6186,16942,32884,45981,46580,34031,17639,6280,1451,196,12
SAMPLE n=24 alpha=14 par=0,1,2,3,4,5,3,7,7,2,10,11,12,10,14,10,2,17,18,1,20,21,22,20 poly=1,24,253,1549,6134,16558,31299,41944,39961,26943,12701,4090,860,107,6
SAMPLE n=24 alpha=14 par=0,1,2,3,4,5,3,7,7,1,10,11,12,10,14,10,1,17,18,17,20,17,17,1 poly=1,24,253,1554,6218,17155,33659,47685,48939,36096,18733,6572,1449,174,8
SAMPLE n=24 alpha=14 par=0,1,2,3,4,5,3,7,3,1,10,11,12,13,11,11,10,17,10,19,10,1,22,22 poly=1,24,253,1554,6218,17156,33680,47828,49425,37051,19884,7434,1839,271,18
SAMPLE n=24 alpha=15 par=0,1,2,3,4,5,3,3,3,2,10,11,10,1,14,15,16,1,18,19,19,19,18,23 poly=1,24,253,1553,6209,17153,33941,49252,53222,43147,26185,11725,3753,808,104,6
SAMPLE n=24 alpha=15 par=0,1,2,3,4,5,3,3,2,1,10,11,12,13,10,15,16,16,15,10,10,1,1,1 poly=1,24,253,1558,6287,17674,35912,53970,60806,51647,32985,15638,5352,1253,180,12
SAMPLE n=24 alpha=15 par=0,1,2,3,4,5,3,1,8,9,10,11,8,13,14,14,14,13,8,19,19,19,1,23 poly=1,24,253,1552,6190,17002,33267,47348,49607,38401,21838,8959,2555,472,49,2
SAMPLE n=24 alpha=18 par=0,1,2,3,4,4,4,4,4,4,4,3,12,3,14,3,3,3,3,1,20,21,1,1 poly=1,24,253,1585,6713,20662,48349,88524,129065,151239,142865,108546,65842,31455,11575,3165,605,72,4
SAMPLE n=24 alpha=17 par=0,1,2,3,4,4,4,4,4,4,4,3,12,3,3,3,3,2,18,1,20,21,22,20 poly=1,24,253,1578,6604,19895,45073,78941,108612,118239,101847,68970,36238,14450,4219,849,105,6
SAMPLE n=24 alpha=16 par=0,1,2,3,4,4,4,4,4,4,4,3,3,2,14,2,16,2,1,19,20,21,21,20 poly=1,24,253,1572,6522,19371,42948,72838,95659,97601,77043,46513,21039,6888,1538,209,13
SAMPLE n=24 alpha=17 par=0,1,2,3,4,4,4,4,4,4,3,3,1,13,14,15,14,13,18,18,18,13,13,1 poly=1,24,253,1569,6478,19082,41869,70334,91973,94418,76233,48204,23614,8789,2405,457,54,3
SAMPLE n=24 alpha=16 par=0,1,2,3,4,4,4,4,3,9,9,9,3,3,1,15,16,17,15,19,15,1,22,23 poly=1,24,253,1559,6307,17837,36656,56130,65059,57531,38818,19817,7510,2041,374,41,2
SAMPLE n=24 alpha=16 par=0,1,2,3,4,4,4,4,3,2,10,11,11,11,2,15,16,16,1,19,20,19,1,1 poly=1,24,253,1558,6299,17847,36970,57633,68902,63831,45928,25507,10753,3334,718,96,6
SAMPLE n=24 alpha=15 par=0,1,2,3,4,4,4,4,3,2,10,11,11,11,2,15,2,1,18,19,18,21,18,1 poly=1,24,253,1560,6329,18034,37613,58997,70751,65332,46334,24888,9826,2693,457,36
SAMPLE n=24 alpha=15 par=0,1,2,3,4,4,4,4,3,2,10,11,10,13,10,2,1,17,18,17,1,21,21,21 poly=1,24,253,1558,6294,17771,36483,55875,64847,57415,38678,19549,7194,1820,282,20
SAMPLE n=24 alpha=16 par=0,1,2,3,4,4,4,4,3,1,10,11,12,12,10,15,15,15,1,19,20,20,19,23 poly=1,24,253,1555,6250,17496,35512,53702,61574,54012,36274,18504,7037,1928,358,40,2
SAMPLE n=24 alpha=17 par=0,1,2,3,4,4,4,4,2,9,9,1,12,13,14,14,12,17,18,18,1,21,21,21 poly=1,24,253,1555,6254,17564,35985,55502,65846,60885,44156,25118,11131,3782,956,170,19,1
SAMPLE n=24 alpha=16 par=0,1,2,3,4,4,4,4,2,9,9,1,12,13,14,13,16,12,1,19,1,1,1,1 poly=1,24,253,1565,6409,18587,39813,64658,80789,78066,58126,32908,13809,4112,806,90,4
SAMPLE n=24 alpha=18 par=0,1,2,3,4,4,4,4,2,9,1,11,12,13,13,13,11,11,11,11,1,21,21,21 poly=1,24,253,1564,6410,18732,41034,69776,94237,102497,90369,64597,37208,17044,6071,1621,305,36,2
SAMPLE n=24 alpha=15 par=0,1,2,3,4,4,4,4,2,9,1,11,12,13,13,11,16,16,11,19,11,21,11,1 poly=1,24,253,1560,6323,17947,37089,57219,66885,59564,40229,20282,7402,1849,283,20
SAMPLE n=24 alpha=16 par=0,1,2,3,4,4,4,4,1,9,10,11,11,11,10,10,9,9,9,1,20,1,22,1 poly=1,24,253,1564,6394,18484,39399,63615,79102,76356,57227,33035,14426,4614,1021,140,9
SAMPLE n=24 alpha=14 par=0,1,2,3,4,4,4,3,8,3,10,3,12,3,14,3,3,2,18,1,20,21,21,20 poly=1,24,253,1567,6410,18388,38230,58602,66640,56042,34399,14999,4411,786,64
SAMPLE n=24 alpha=15 par=0,1,2,3,4,4,4,3,8,3,10,3,12,3,1,15,16,17,17,17,15,1,22,1 poly=1,24,253,1560,6321,17914,36862,56363,64907,56603,37272,18285,6493,1579,235,16
SAMPLE n=24 alpha=14 par=0,1,2,3,4,4,4,3,8,3,10,3,12,3,1,15,16,17,17,16,15,1,22,1 poly=1,24,253,1559,6300,17729,35949,53519,58964,48003,28538,12070,3451,600,48
SAMPLE n=24 alpha=16 par=0,1,2,3,4,4,4,3,8,3,1,11,12,13,13,13,11,17,1,19,20,20,20,20 poly=1,24,253,1557,6288,17801,36890,57657,69287,64658,46914,26264,11138,3460,742,98,6
SAMPLE n=24 alpha=15 par=0,1,2,3,4,4,4,3,3,2,1,11,12,13,13,12,16,1,18,19,19,19,1,23 poly=1,24,253,1555,6246,17438,35156,52476,58909,50101,32226,15475,5391,1290,190,13
SAMPLE n=24 alpha=14 par=0,1,2,3,4,4,4,3,3,2,1,11,12,13,12,12,11,17,18,1,20,21,22,21 poly=1,24,253,1553,6209,17143,33816,48602,51365,39905,22541,9023,2433,398,30
SAMPLE n=24 alpha=16 par=0,1,2,3,4,4,4,3,3,2,1,11,12,13,11,15,15,15,1,19,20,20,19,19 poly=1,24,253,1556,6262,17546,35564,53444,60448,51821,33642,16378,5854,1479,247,24,1
SAMPLE n=24 alpha=15 par=0,1,2,3,4,4,4,3,2,9,10,10,9,13,1,15,16,17,17,15,20,15,1,23 poly=1,24,253,1552,6192,17025,33378,47655,50178,39187,22658,9586,2888,587,72,4
SAMPLE n=24 alpha=15 par=0,1,2,3,4,4,4,2,8,9,9,8,8,2,14,2,2,1,18,19,18,21,18,23 poly=1,24,253,1560,6322,17938,37050,57112,66694,59357,40107,20243,7378,1824,271,18
SAMPLE n=24 alpha=15 par=0,1,2,3,4,4,4,2,8,9,9,8,8,2,1,15,16,15,18,15,20,15,22,1 poly=1,24,253,1557,6271,17551,35332,52177,57051,46190,27393,11584,3310,576,49,1
SAMPLE n=24 alpha=16 par=0,1,2,3,4,4,4,2,8,8,8,8,2,13,13,13,2,17,2,1,20,21,22,21 poly=1,24,253,1563,6369,18273,38486,61222,74967,71435,53134,30690,13554,4440,1020,147,10
SAMPLE n=24 alpha=15 par=0,1,2,3,4,4,4,2,8,8,8,1,12,13,14,13,13,12,1,19,20,21,20,1 poly=1,24,253,1555,6248,17471,35374,53247,60564,52415,34423,16920,6047,1488,226,16
SAMPLE n=24 alpha=17 par=0,1,2,3,4,4,4,2,2,2,1,11,12,13,13,12,16,16,12,11,20,20,11,11 poly=1,24,253,1561,6348,18195,38427,61712,77024,75702,58876,36124,17290,6321,1704,319,37,2
SAMPLE n=24 alpha=17 par=0,1,2,3,4,4,4,2,2,2,1,11,12,13,12,12,1,17,18,18,17,17,1,1 poly=1,24,253,1562,6362,18278,38689,62175,77443,75744,58524,35682,17009,6216,1682,317,37,2
SAMPLE n=24 alpha=15 par=0,1,2,3,4,4,4,1,8,9,10,8,12,13,1,15,16,17,15,1,20,21,20,20 poly=1,24,253,1551,6172,16862,32648,45624,46435,34460,18516,7087,1882,334,37,2
SAMPLE n=24 alpha=17 par=0,1,2,3,4,4,3,7,7,3,3,3,1,13,14,15,13,17,17,17,17,13,1,1 poly=1,24,253,1564,6393,18468,39318,63427,78934,76546,58009,34207,15504,5281,1302,218,22,1
SAMPLE n=24 alpha=15 par=0,1,2,3,4,4,3,7,7,3,3,2,12,1,14,15,16,16,14,19,14,21,14,14 poly=1,24,253,1560,6322,17922,36883,56349,64684,55980,36332,17405,5965,1380,192,12
SAMPLE n=24 alpha=16 par=0,1,2,3,4,4,3,7,7,2,1,11,12,13,11,1,16,17,17,17,16,21,21,16 poly=1,24,253,1553,6207,17123,33757,48648,52058,41808,25340,11585,3961,991,173,19,1
SAMPLE n=24 alpha=13 par=0,1,2,3,4,4,3,7,3,2,10,11,10,2,14,15,14,1,18,19,20,18,22,1 poly=1,24,253,1551,6164,16745,31922,43116,41105,27181,12033,3343,514,32
SAMPLE n=24 alpha=15 par=0,1,2,3,4,4,3,7,3,2,10,10,10,2,14,14,2,1,18,19,20,20,19,19 poly=1,24,253,1558,6286,17655,35774,53433,59524,49638,30848,14079,4581,1005,133,8
SAMPLE n=24 alpha=14 par=0,1,2,3,4,4,3,7,3,2,10,10,10,2,14,2,16,1,18,19,20,18,22,23 poly=1,24,253,1554,6213,17093,33342,46816,47560,34844,18178,6571,1560,219,14
SAMPLE n=24 alpha=15 par=0,1,2,3,4,4,3,7,2,9,10,10,9,1,14,15,16,16,15,19,14,21,22,14 poly=1,24,253,1550,6156,16747,32170,44384,44384,32309,17130,6580,1798,334,38,2
SAMPLE n=24 alpha=15 par=0,1,2,3,4,4,3,7,2,2,2,1,12,13,14,14,1,17,18,19,17,21,22,1 poly=1,24,253,1553,6204,17083,33522,47841,50255,39053,22386,9333,2742,534,61,3
SAMPLE n=24 alpha=13 par=0,1,2,3,4,4,3,7,1,9,10,9,9,1,14,15,1,17,1,19,1,21,1,23 poly=1,24,253,1560,6299,17617,35117,50467,52193,38273,19291,6313,1200,100
SAMPLE n=24 alpha=18 par=0,1,2,3,4,4,3,3,3,3,3,3,3,2,14,2,2,1,18,19,20,20,18,18 poly=1,24,253,1579,6622,20020,45561,80240,111324,123028,108945,77389,43910,19681,6827,1770,323,37,2
SAMPLE n=24 alpha=15 par=0,1,2,3,4,4,3,3,3,2,10,11,11,10,2,15,2,2,1,19,20,19,1,23 poly=1,24,253,1561,6326,17889,36565,55147,62020,52127,32546,14856,4809,1044,136,8
SAMPLE n=24 alpha=17 par=0,1,2,3,4,4,3,2,1,9,10,1,12,12,12,12,12,12,12,12,12,1,22,1 poly=1,24,253,1585,6712,20614,47826,85765,120303,132655,114950,77826,40657,16036,4607,907,109,6
SAMPLE n=24 alpha=16 par=0,1,2,3,4,4,2,7,8,7,10,2,12,12,12,2,1,17,18,18,1,21,22,1 poly=1,24,253,1555,6234,17285,34331,49983,54191,44194,27218,12618,4349,1086,187,20,1
SAMPLE n=24 alpha=15 par=0,1,2,3,4,4,2,7,8,7,7,7,2,13,13,13,1,17,18,19,18,17,22,1 poly=1,24,253,1556,6256,17472,35178,52300,58258,48901,30804,14327,4758,1060,140,8
SAMPLE n=24 alpha=13 par=0,1,2,3,4,4,2,7,8,2,10,1,12,13,14,13,16,13,1,19,20,21,1,23 poly=1,24,253,1550,6152,16691,31830,43201,41766,28458,13319,4068,729,58
SAMPLE n=24 alpha=15 par=0,1,2,3,4,4,2,7,7,1,10,11,12,12,10,1,16,17,18,16,1,21,22,23 poly=1,24,253,1549,6138,16618,31677,43251,42692,30542,15752,5766,1454,239,23,1
SAMPLE n=24 alpha=15 par=0,1,2,3,4,4,2,7,7,1,10,11,12,11,14,11,10,17,17,17,10,21,21,21 poly=1,24,253,1555,6241,17378,34859,51668,57551,48608,31129,14942,5228,1262,188,13
SAMPLE n=24 alpha=14 par=0,1,2,3,4,4,2,7,7,1,10,11,12,11,14,10,16,16,10,19,1,21,22,22 poly=1,24,253,1550,6154,16724,32059,44080,43828,31541,16295,5907,1431,209,14
SAMPLE n=24 alpha=16 par=0,1,2,3,4,4,2,7,2,9,2,1,12,13,14,12,16,17,12,1,1,1,1,1 poly=1,24,253,1565,6392,18370,38617,60860,72972,67004,47075,25096,9978,2870,566,69,4
SAMPLE n=24 alpha=15 par=0,1,2,3,4,4,2,2,1,9,10,11,10,13,10,10,9,17,18,1,20,20,1,1 poly=1,24,253,1558,6287,17672,35888,53850,60476,51095,32402,15250,5196,1219,177,12
SAMPLE n=24 alpha=14 par=0,1,2,3,4,4,1,7,8,9,8,8,7,1,14,15,16,15,14,19,1,21,21,1 poly=1,24,253,1554,6219,17174,33799,48230,50208,37970,20528,7680,1872,264,16
SAMPLE n=24 alpha=13 par=0,1,2,3,4,3,6,3,8,1,10,11,10,1,14,15,14,1,18,1,20,1,1,1 poly=1,24,253,1566,6399,18338,38093,58275,65816,54288,31818,12553,2988,324
SAMPLE n=24 alpha=16 par=0,1,2,3,4,3,6,3,3,3,2,11,11,1,14,15,16,15,15,15,14,1,1,1 poly=1,24,253,1565,6411,18613,39987,65400,82910,82249,63952,38713,17938,6164,1484,224,16
SAMPLE n=24 alpha=15 par=0,1,2,3,4,3,6,3,3,3,1,11,12,13,12,11,11,11,1,19,20,21,19,1 poly=1,24,253,1561,6341,18075,37563,58220,68073,60150,39850,19415,6711,1543,208,12
SAMPLE n=24 alpha=15 par=0,1,2,3,4,3,6,3,3,3,1,11,12,13,1,15,16,1,18,18,18,18,1,23 poly=1,24,253,1562,6356,18181,38031,59624,71026,64573,44590,23018,8603,2194,340,24
SAMPLE n=24 alpha=15 par=0,1,2,3,4,3,6,3,3,2,1,11,12,13,12,12,12,12,1,19,19,19,1,23 poly=1,24,253,1563,6380,18393,39020,62474,76529,72005,51754,27968,11025,3001,506,40
SAMPLE n=24 alpha=15 par=0,1,2,3,4,3,6,3,3,2,1,11,12,13,12,12,12,11,11,11,1,21,1,23 poly=1,24,253,1562,6351,18102,37513,57730,66669,57867,37474,17774,5957,1317,166,8
SAMPLE n=24 alpha=13 par=0,1,2,3,4,3,6,3,2,9,1,11,12,13,12,11,1,17,18,19,17,1,22,1 poly=1,24,253,1553,6197,16975,32812,45227,44295,30264,13888,3993,630,40
SAMPLE n=24 alpha=14 par=0,1,2,3,4,3,6,3,1,9,10,11,9,13,13,9,1,17,18,17,1,21,22,1 poly=1,24,253,1554,6216,17132,33553,47434,48628,35956,18857,6789,1580,211,12
SAMPLE n=24 alpha=15 par=0,1,2,3,4,3,3,3,3,2,10,11,10,2,14,15,2,1,18,19,18,1,22,22 poly=1,24,253,1560,6314,17835,36470,55207,62617,53391,34047,16005,5400,1246,178,12
SAMPLE n=24 alpha=13 par=0,1,2,3,4,3,2,7,8,7,2,1,12,13,14,13,12,1,18,19,18,1,1,1 poly=1,24,253,1558,6278,17549,35152,51298,54763,42408,23243,8568,1910,195
SAMPLE n=24 alpha=16 par=0,1,2,3,3,3,3,3,3,2,10,10,2,1,14,15,15,14,1,19,20,1,22,1 poly=1,24,253,1567,6437,18763,40483,66383,83927,82192,62135,35860,15485,4837,1031,134,8
SAMPLE n=24 alpha=16 par=0,1,2,3,3,3,3,3,2,2,1,11,12,1,14,14,14,1,18,1,20,1,22,1 poly=1,24,253,1571,6487,19020,41200,67582,85166,82955,62355,35826,15433,4820,1029,134,8
SAMPLE n=24 alpha=15 par=0,1,2,3,3,3,3,2,1,9,10,10,9,13,9,15,1,17,18,18,17,1,22,22 poly=1,24,253,1557,6272,17578,35559,53119,59344,49760,31130,14285,4657,1019,134,8
SAMPLE n=24 alpha=14 par=0,1,2,3,3,3,3,1,8,9,9,8,12,8,1,15,16,15,18,15,1,21,22,21 poly=1,24,253,1557,6274,17606,35718,53596,60158,50500,31281,13862,4146,747,61
SAMPLE n=24 alpha=17 par=0,1,2,3,2,5,2,2,2,1,10,11,10,13,1,15,15,15,15,15,15,15,1,1 poly=1,24,253,1578,6609,19946,45268,79254,108538,116915,98948,65324,33176,12669,3507,662,76,4
TOP5 rank=0 n=24 alpha=22 k=11 q=15 num=80573434396 den=508996633600 par=0,1,2,2,2,2,2,2,2,2,2,2,2,2,2,2,2,2,1,19,19,19,19,19 poly=1,24,253,1670,7885,28159,78982,178552,331210,510290,658086,713440,651014,499240,320330,170664,74629,26335,7315,1540,231,22,1
TOP5 rank=1 n=24 alpha=22 k=11 q=15 num=80573434396 den=508996633600 par=0,1,2,2,2,2,2,2,2,2,2,2,2,2,2,2,2,2,1,1,1,1,1,1 poly=1,24,253,1675,7895,28169,78987,178553,331210,510290,658086,713440,651014,499240,320330,170664,74629,26335,7315,1540,231,22,1
TOP5 rank=2 n=24 alpha=22 k=11 q=15 num=83276249368 den=525451014400 par=0,1,2,2,2,2,2,2,2,2,2,2,2,2,2,2,2,2,2,1,20,20,20,20 poly=1,24,253,1682,7999,28715,80801,182920,339218,521730,670956,724880,659022,503608,322150,171224,74749,26351,7316,1540,231,22,1
TOP5 rank=3 n=24 alpha=22 k=11 q=15 num=83276249368 den=525451014400 par=0,1,2,2,2,2,2,2,2,2,2,2,2,2,2,2,2,2,2,1,1,1,1,1 poly=1,24,253,1686,8005,28719,80802,182920,339218,521730,670956,724880,659022,503608,322150,171224,74749,26351,7316,1540,231,22,1
TOP5 rank=4 n=24 alpha=22 k=11 q=15 num=79603133064 den=501880149225 par=0,1,2,2,2,2,2,2,2,2,2,2,2,2,2,2,2,1,18,18,18,18,18,18 poly=1,24,253,1660,7790,27714,77622,175550,326205,503855,651651,708435,648011,497875,319875,170559,74614,26334,7315,1540,231,22,1
TOP5 rank=5 n=24 alpha=22 k=11 q=15 num=79603133064 den=501880149225 par=0,1,2,2,2,2,2,2,2,2,2,2,2,2,2,2,2,1,1,1,1,1,1,1 poly=1,24,253,1666,7805,27734,77637,175556,326206,503855,651651,708435,648011,497875,319875,170559,74614,26334,7315,1540,231,22,1
TOP5 rank=6 n=24 alpha=22 k=11 q=15 num=79365841009 den=499047583489 par=0,1,2,2,2,2,2,2,2,2,2,2,2,2,2,2,1,17,17,17,17,17,17,17 poly=1,24,253,1652,7714,27370,76636,173554,323203,500423,648648,706433,647010,497511,319784,170545,74613,26334,7315,1540,231,22,1
TOP5 rank=7 n=24 alpha=22 k=11 q=15 num=79365841009 den=499047583489 par=0,1,2,2,2,2,2,2,2,2,2,2,2,2,2,2,1,1,1,1,1,1,1,1 poly=1,24,253,1659,7735,27405,76671,173575,323210,500424,648648,706433,647010,497511,319784,170545,74613,26334,7315,1540,231,22,1
TOP5 rank=8 n=24 alpha=22 k=11 q=15 num=79373353436 den=498037895524 par=0,1,2,2,2,2,2,2,2,2,2,2,2,2,2,1,1,1,1,1,1,1,1,1 poly=1,24,253,1654,7685,27175,76026,172344,321522,498716,647362,705718,646724,497433,319771,170544,74613,26334,7315,1540,231,22,1
TOP5 rank=9 n=24 alpha=22 k=11 q=15 num=79374000160 den=498037895524 par=0,1,2,2,2,2,2,2,2,2,2,2,2,2,2,1,16,16,16,16,16,16,16,16 poly=1,24,253,1646,7657,27119,75956,172288,321494,498708,647361,705718,646724,497433,319771,170544,74613,26334,7315,1540,231,22,1
TOP5 rank=10 n=24 alpha=22 k=11 q=15 num=79421298593 den=497728839001 par=0,1,2,2,2,2,2,2,2,2,2,2,2,2,1,1,1,1,1,1,1,1,1,1 poly=1,24,253,1651,7655,27039,75657,171678,320682,497960,646876,705499,646658,497421,319770,170544,74613,26334,7315,1540,231,22,1
TOP5 rank=11 n=24 alpha=22 k=11 q=15 num=79425707518 den=497727428004 par=0,1,2,2,2,2,2,2,2,2,2,2,2,2,1,15,15,15,15,15,15,15,15,15 poly=1,24,253,1642,7619,26955,75531,171552,320598,497924,646867,705498,646658,497421,319770,170544,74613,26334,7315,1540,231,22,1
TOP4 rank=0 n=24 alpha=22 k=11 q=15 num=80573434396 den=508996633600 par=0,1,2,2,2,2,2,2,2,2,2,2,2,2,2,2,2,2,1,19,19,19,19,19 poly=1,24,253,1670,7885,28159,78982,178552,331210,510290,658086,713440,651014,499240,320330,170664,74629,26335,7315,1540,231,22,1
TOP4 rank=1 n=24 alpha=22 k=11 q=15 num=80573434396 den=508996633600 par=0,1,2,2,2,2,2,2,2,2,2,2,2,2,2,2,2,2,1,1,1,1,1,1 poly=1,24,253,1675,7895,28169,78987,178553,331210,510290,658086,713440,651014,499240,320330,170664,74629,26335,7315,1540,231,22,1
TOP4 rank=2 n=24 alpha=22 k=11 q=15 num=83276249368 den=525451014400 par=0,1,2,2,2,2,2,2,2,2,2,2,2,2,2,2,2,2,2,1,20,20,20,20 poly=1,24,253,1682,7999,28715,80801,182920,339218,521730,670956,724880,659022,503608,322150,171224,74749,26351,7316,1540,231,22,1
TOP4 rank=3 n=24 alpha=22 k=11 q=15 num=83276249368 den=525451014400 par=0,1,2,2,2,2,2,2,2,2,2,2,2,2,2,2,2,2,2,1,1,1,1,1 poly=1,24,253,1686,8005,28719,80802,182920,339218,521730,670956,724880,659022,503608,322150,171224,74749,26351,7316,1540,231,22,1
TOP4 rank=4 n=24 alpha=22 k=11 q=15 num=79603133064 den=501880149225 par=0,1,2,2,2,2,2,2,2,2,2,2,2,2,2,2,2,1,18,18,18,18,18,18 poly=1,24,253,1660,7790,27714,77622,175550,326205,503855,651651,708435,648011,497875,319875,170559,74614,26334,7315,1540,231,22,1
TOP4 rank=5 n=24 alpha=22 k=11 q=15 num=79603133064 den=501880149225 par=0,1,2,2,2,2,2,2,2,2,2,2,2,2,2,2,2,1,1,1,1,1,1,1 poly=1,24,253,1666,7805,27734,77637,175556,326206,503855,651651,708435,648011,497875,319875,170559,74614,26334,7315,1540,231,22,1
TOP4 rank=6 n=24 alpha=22 k=11 q=15 num=79365841009 den=499047583489 par=0,1,2,2,2,2,2,2,2,2,2,2,2,2,2,2,1,17,17,17,17,17,17,17 poly=1,24,253,1652,7714,27370,76636,173554,323203,500423,648648,706433,647010,497511,319784,170545,74613,26334,7315,1540,231,22,1
TOP4 rank=7 n=24 alpha=22 k=11 q=15 num=79365841009 den=499047583489 par=0,1,2,2,2,2,2,2,2,2,2,2,2,2,2,2,1,1,1,1,1,1,1,1 poly=1,24,253,1659,7735,27405,76671,173575,323210,500424,648648,706433,647010,497511,319784,170545,74613,26334,7315,1540,231,22,1
TOP4 rank=8 n=24 alpha=22 k=11 q=15 num=79373353436 den=498037895524 par=0,1,2,2,2,2,2,2,2,2,2,2,2,2,2,1,1,1,1,1,1,1,1,1 poly=1,24,253,1654,7685,27175,76026,172344,321522,498716,647362,705718,646724,497433,319771,170544,74613,26334,7315,1540,231,22,1
TOP4 rank=9 n=24 alpha=22 k=11 q=15 num=79374000160 den=498037895524 par=0,1,2,2,2,2,2,2,2,2,2,2,2,2,2,1,16,16,16,16,16,16,16,16 poly=1,24,253,1646,7657,27119,75956,172288,321494,498708,647361,705718,646724,497433,319771,170544,74613,26334,7315,1540,231,22,1
TOP4 rank=10 n=24 alpha=22 k=11 q=15 num=79421298593 den=497728839001 par=0,1,2,2,2,2,2,2,2,2,2,2,2,2,1,1,1,1,1,1,1,1,1,1 poly=1,24,253,1651,7655,27039,75657,171678,320682,497960,646876,705499,646658,497421,319770,170544,74613,26334,7315,1540,231,22,1
TOP4 rank=11 n=24 alpha=22 k=11 q=15 num=79425707518 den=497727428004 par=0,1,2,2,2,2,2,2,2,2,2,2,2,2,1,15,15,15,15,15,15,15,15,15 poly=1,24,253,1642,7619,26955,75531,171552,320598,497924,646867,705498,646658,497421,319770,170544,74613,26334,7315,1540,231,22,1
VDMIN_FLOAT n=24 value=0.681458528709 k=9 alpha=13 q=9 lambda=2.19006737458 V=1.74515226999 delta=0.390486572677 par=0,1,2,3,2,5,2,7,2,9,2,11,1,13,14,13,16,13,18,13,20,13,22,1 poly=1,24,253,1561,6315,17699,35234,50008,49762,33210,13509,2647,75,1
PERK n=24 alpha=22 k=5 q=15 num=151953186 den=731107521 par=0,1,2,2,2,2,2,2,2,2,2,2,2,2,1,1,1,1,1,1,1,1,1,1
PERK n=24 alpha=22 k=6 q=15 num=1081980207 den=5723981649 par=0,1,2,2,2,2,2,2,2,2,2,2,2,2,1,1,1,1,1,1,1,1,1,1
PERK n=24 alpha=22 k=7 q=15 num=5211497610 den=29473335684 par=0,1,2,2,2,2,2,2,2,2,2,2,2,2,1,1,1,1,1,1,1,1,1,1
PERK n=24 alpha=22 k=8 q=15 num=17603608300 den=104464704100 par=0,1,2,2,2,2,2,2,2,2,2,2,2,2,2,2,1,1,1,1,1,1,1,1
PERK n=24 alpha=22 k=9 q=15 num=41297394919 den=253869861025 par=0,1,2,2,2,2,2,2,2,2,2,2,2,2,2,2,2,1,1,1,1,1,1,1
PERK n=24 alpha=22 k=10 q=15 num=69015885796 den=433077183396 par=0,1,2,2,2,2,2,2,2,2,2,2,2,2,2,2,2,2,1,19,19,19,19,19
PERK n=24 alpha=22 k=11 q=15 num=80573434396 den=508996633600 par=0,1,2,2,2,2,2,2,2,2,2,2,2,2,2,2,2,2,1,19,19,19,19,19
PERK n=24 alpha=22 k=12 q=15 num=69254629444 den=434309996484 par=0,1,2,2,2,2,2,2,2,2,2,2,2,2,2,2,2,2,2,1,20,20,20,20
PERK n=24 alpha=22 k=13 q=15 num=41317080364 den=253621017664 par=0,1,2,2,2,2,2,2,2,2,2,2,2,2,2,2,2,2,2,1,20,20,20,20
PERK n=24 alpha=22 k=14 q=15 num=18228955908 den=107805842244 par=0,1,2,2,2,2,2,2,2,2,2,2,2,2,2,2,2,2,2,2,1,21,21,21
PERK n=24 alpha=22 k=15 q=15 num=5372141814 den=30138348816 par=0,1,2,2,2,2,2,2,2,2,2,2,2,2,2,2,2,2,2,2,1,21,21,21
PERALPHA n=24 alpha=12 k=6 q=8 num=432264379 den=1585871329 par=0,1,2,3,4,1,6,7,8,1,10,1,12,1,14,1,16,1,18,1,20,1,22,1
PERALPHA n=24 alpha=13 k=7 q=9 num=1061531844 den=4164120900 par=0,1,2,3,2,5,2,7,2,9,2,11,1,13,14,13,16,13,18,13,20,13,13,13
PERALPHA n=24 alpha=14 k=7 q=9 num=1268565529 den=5304645889 par=0,1,2,3,2,5,2,7,2,9,2,2,1,13,14,13,16,13,18,13,13,13,13,1
PERALPHA n=24 alpha=15 k=8 q=10 num=1574869722 den=7045419969 par=0,1,2,3,4,4,4,4,2,9,2,2,2,1,14,15,14,17,14,19,14,21,14,23
PERALPHA n=24 alpha=16 k=8 q=11 num=2089926881 den=9955050625 par=0,1,2,3,4,3,6,3,8,3,10,3,1,13,14,15,14,14,14,14,1,1,1,1
PERALPHA n=24 alpha=17 k=9 q=11 num=1898778812 den=9644222025 par=0,1,2,3,4,3,3,3,2,9,9,9,9,1,14,15,16,15,15,15,1,21,1,1
PERALPHA n=24 alpha=18 k=10 q=12 num=1266008769 den=6861305889 par=0,1,2,3,3,3,3,2,8,8,8,2,12,12,12,2,16,16,16,1,20,1,1,1
PERALPHA n=24 alpha=19 k=10 q=13 num=2095166635 den=12047038081 par=0,1,2,3,3,3,3,2,8,8,8,2,12,12,12,1,16,17,17,17,17,1,1,1
PERALPHA n=24 alpha=20 k=10 q=13 num=6400392177 den=38378769025 par=0,1,2,3,3,3,3,3,1,9,10,10,10,10,10,1,16,17,17,17,17,17,1,1
PERALPHA n=24 alpha=21 k=10 q=14 num=21151531908 den=129915551844 par=0,1,2,2,2,2,2,2,2,2,1,11,11,11,11,11,11,1,1,1,1,1,1,1
PERALPHA n=24 alpha=22 k=11 q=15 num=80573434396 den=508996633600 par=0,1,2,2,2,2,2,2,2,2,2,2,2,2,2,2,2,2,1,19,19,19,19,19
TOPQ n=24 alpha=22 k=15 q=15 num=5372141814 den=30138348816 par=0,1,2,2,2,2,2,2,2,2,2,2,2,2,2,2,2,2,2,2,1,21,21,21
NEWTON n=24 alpha=18 k=12 q=12 num=8669508120 den=9232820784 par=0,1,2,3,3,3,2,7,7,7,2,11,11,1,14,15,15,15,14,19,19,19,1,1
NEWTONFAIL_DIST n=24 q_minus_k=0 trees=56662
NEWTONFAIL_DIST n=24 q_minus_k=1 trees=21086
NEWTONFAIL_DIST n=24 q_minus_k=2 trees=7420
NEWTONFAIL_DIST n=24 q_minus_k=3 trees=3185
NEWTONFAIL_DIST n=24 q_minus_k=4 trees=1445
NEWTONFAIL_DIST n=24 q_minus_k=5 trees=595
NEWTONFAIL_DIST n=24 q_minus_k=6 trees=168
NEWTONFAIL_DIST n=24 q_minus_k=7 trees=50
NEWTONFAIL_DIST n=24 q_minus_k=8 trees=30
NEWTONFAIL_DIST n=24 q_minus_k=9 trees=12
NEWTONFAIL_DIST n=24 q_minus_k=10 trees=8
VDBIN_FLOAT n=24 bin_lo=0 value=0.681458528709 k=9 alpha=13 q=9 lambda=2.19006737458 V=1.74515226999 delta=0.390486572677 par=0,1,2,3,2,5,2,7,2,9,2,11,1,13,14,13,16,13,18,13,20,13,22,1
VDBIN_FLOAT n=24 bin_lo=2 value=0.726758233013 k=9 alpha=13 q=9 lambda=2.03990173429 V=2.00860804311 delta=0.361821827563 par=0,1,2,3,4,3,6,3,8,3,10,3,12,1,14,15,16,14,1,19,1,21,1,23
VDBIN_FLOAT n=24 bin_lo=4 value=0.819388940911 k=12 alpha=18 q=12 lambda=2.1709552578 V=4.13135040828 delta=0.198334408834 par=0,1,2,3,3,3,3,2,2,2,1,11,11,11,1,15,15,15,1,19,19,1,22,22
STATS n=24 trees=7841560 viol5=0 viol4=0 zero5=0 zero4=0 nonunimodal=0 sampled=424 newton_fail_trees=90661
