SAMPLE n=24 alpha=15 par=0,1,2,3,4,5,6,7,8,8,8,6,1,13,14,15,16,17,18,16,16,15,1,1 poly=1,24,253,1551,6183,17016,33563,48677,52816,43277,26782,12373,4150,957,136,9
SAMPLE n=24 alpha=13 par=0,1,2,3,4,5,6,7,8,8,7,5,12,4,14,1,16,17,18,19,20,21,16,1 poly=1,24,253,1546,6089,16264,30188,39230,35456,21797,8722,2093,255,10
SAMPLE n=24 alpha=15 par=0,1,2,3,4,5,6,7,8,8,7,5,5,5,1,15,16,17,18,19,20,17,17,16 poly=1,24,253,1552,6198,17108,33858,49176,53100,42749,25445,10951,3269,629,68,3
SAMPLE n=24 alpha=16 par=0,1,2,3,4,5,6,7,8,8,4,4,4,1,14,15,16,17,18,19,15,15,1,1 poly=1,24,253,1553,6219,17295,34787,52055,59038,51261,34144,17335,6594,1818,342,39,2
SAMPLE n=24 alpha=13 par=0,1,2,3,4,5,6,7,8,7,4,11,2,1,14,15,16,17,18,19,16,16,1,23 poly=1,24,253,1547,6108,16417,30873,41111,38754,25524,11392,3247,525,36
SAMPLE n=24 alpha=14 par=0,1,2,3,4,5,6,7,8,7,3,11,12,3,2,1,16,17,18,19,20,21,20,16 poly=1,24,253,1547,6107,16403,30793,40874,38378,25254,11431,3458,669,76,4
SAMPLE n=24 alpha=14 par=0,1,2,3,4,5,6,7,8,6,6,1,12,13,14,15,16,17,18,15,15,14,12,1 poly=1,24,253,1549,6144,16693,32063,44321,44448,32303,16805,6080,1444,200,12
SAMPLE n=24 alpha=14 par=0,1,2,3,4,5,6,7,8,5,4,4,4,2,14,1,16,17,18,19,20,21,22,16 poly=1,24,253,1549,6142,16668,31932,43935,43722,31371,15970,5569,1244,156,8
SAMPLE n=24 alpha=16 par=0,1,2,3,4,5,6,7,7,7,7,4,4,4,4,1,16,17,18,19,20,21,21,16 poly=1,24,253,1558,6308,17966,37624,59624,72709,68739,50350,28315,11990,3695,781,101,6
SAMPLE n=24 alpha=17 par=0,1,2,3,4,5,6,7,7,7,7,3,1,13,14,15,16,17,18,18,14,14,14,14 poly=1,24,253,1558,6308,17966,37636,59749,73246,70024,52327,30420,13593,4574,1122,190,20,1
SAMPLE n=24 alpha=14 par=0,1,2,3,4,5,6,7,7,7,6,11,6,4,1,15,16,17,18,19,20,19,16,15 poly=1,24,253,1550,6160,16800,32455,45190,45670,33419,17475,6349,1520,216,14
SAMPLE n=24 alpha=14 par=0,1,2,3,4,5,6,7,7,7,6,11,5,13,2,15,1,17,18,19,20,21,19,18 poly=1,24,253,1548,6124,16526,31296,42168,40559,27659,13096,4111,778,73,2
SAMPLE n=24 alpha=15 par=0,1,2,3,4,5,6,7,7,7,6,2,12,13,1,15,16,17,18,19,20,20,18,17 poly=1,24,253,1548,6128,16586,31671,43455,43256,31298,16348,6050,1530,248,23,1
SAMPLE n=24 alpha=15 par=0,1,2,3,4,5,6,7,7,7,6,1,12,13,14,15,16,17,15,15,13,21,21,1 poly=1,24,253,1550,6164,16863,32871,46707,49068,38353,22253,9461,2865,585,72,4
SAMPLE n=24 alpha=14 par=0,1,2,3,4,5,6,7,7,7,5,11,1,13,14,15,16,17,13,19,20,21,1,1 poly=1,24,253,1548,6127,16575,31626,43369,43173,31229,16226,5879,1402,196,12
SAMPLE n=24 alpha=15 par=0,1,2,3,4,5,6,7,7,7,3,2,2,1,14,15,16,17,18,15,14,1,1,1 poly=1,24,253,1555,6244,17409,34975,51829,57430,47822,29798,13673,4469,977,126,7
SAMPLE n=24 alpha=14 par=0,1,2,3,4,5,6,7,7,7,2,11,12,13,12,1,16,17,18,19,20,19,19,16 poly=1,24,253,1549,6148,16754,32447,45635,47171,35913,19942,7863,2084,332,24
SAMPLE n=24 alpha=15 par=0,1,2,3,4,5,6,7,7,6,10,6,2,2,2,1,16,17,18,19,20,1,1,1 poly=1,24,253,1556,6259,17499,35263,52384,58127,48443,30238,13942,4603,1024,136,8
SAMPLE n=24 alpha=14 par=0,1,2,3,4,5,6,7,7,6,10,5,3,13,2,1,16,17,18,19,20,21,18,18 poly=1,24,253,1548,6125,16541,31392,42516,41353,28851,14292,4908,1113,150,9
SAMPLE n=24 alpha=14 par=0,1,2,3,4,5,6,7,7,6,10,2,2,2,1,15,16,17,18,19,19,18,17,23 poly=1,24,253,1551,6179,16952,33135,47093,49175,37746,21045,8277,2171,340,24
SAMPLE n=24 alpha=14 par=0,1,2,3,4,5,6,7,7,6,5,5,5,4,14,15,16,14,1,19,20,21,22,23 poly=1,24,253,1550,6156,16751,32209,44526,44600,32328,16737,6004,1409,194,12
SAMPLE n=24 alpha=14 par=0,1,2,3,4,5,6,7,7,6,5,3,2,13,2,1,16,17,18,19,20,21,16,16 poly=1,24,253,1550,6160,16803,32492,45378,46185,34256,18309,6855,1698,248,16
SAMPLE n=24 alpha=15 par=0,1,2,3,4,5,6,7,7,6,4,3,1,13,14,15,16,17,15,15,1,21,21,1 poly=1,24,253,1551,6179,16953,33143,47115,49212,37835,21253,8560,2386,432,45,2
SAMPLE n=24 alpha=14 par=0,1,2,3,4,5,6,7,7,6,3,3,2,13,14,2,1,17,18,19,20,21,21,20 poly=1,24,253,1550,6159,16786,32372,44916,45109,32675,16831,5992,1399,193,12
SAMPLE n=24 alpha=15 par=0,1,2,3,4,5,6,7,7,6,3,2,1,13,14,15,16,17,15,15,15,14,22,13 poly=1,24,253,1552,6194,17050,33511,48054,50925,40090,23357,9916,2973,596,72,4
SAMPLE n=24 alpha=14 par=0,1,2,3,4,5,6,7,7,5,10,5,1,13,14,15,16,17,17,13,20,21,20,13 poly=1,24,253,1549,6143,16680,31997,44156,44253,32276,17018,6355,1605,248,18
SAMPLE n=24 alpha=15 par=0,1,2,3,4,5,6,7,7,5,10,2,2,2,1,15,16,17,18,19,20,16,15,15 poly=1,24,253,1552,6198,17113,33919,49489,53988,44298,27198,12267,3918,828,101,5
SAMPLE n=24 alpha=14 par=0,1,2,3,4,5,6,7,7,5,10,1,12,13,14,15,16,17,16,19,16,21,1,1 poly=1,24,253,1548,6125,16538,31353,42309,40761,27839,13208,4172,807,79,2
SAMPLE n=24 alpha=15 par=0,1,2,3,4,5,6,7,7,5,5,1,12,13,14,15,16,14,18,19,14,21,22,1 poly=1,24,253,1548,6126,16561,31553,43204,43092,31593,17062,6717,1872,349,39,2
SAMPLE n=24 alpha=15 par=0,1,2,3,4,5,6,7,7,4,4,2,2,1,14,15,16,17,18,19,16,16,15,15 poly=1,24,253,1553,6216,17249,34495,51032,56793,47922,30607,14602,5055,1202,176,12
SAMPLE n=24 alpha=15 par=0,1,2,3,4,5,6,7,7,4,1,11,12,13,14,15,13,13,11,19,1,1,1,1 poly=1,24,253,1556,6265,17592,35852,54415,62416,54361,35783,17531,6202,1498,221,15
SAMPLE n=24 alpha=15 par=0,1,2,3,4,5,6,7,7,3,10,11,3,1,14,15,16,17,18,15,15,15,14,23 poly=1,24,253,1551,6177,16928,33021,46817,48834,37639,21345,8779,2548,496,58,3
SAMPLE n=24 alpha=15 par=0,1,2,3,4,5,6,7,7,3,1,11,12,13,14,15,11,17,18,19,19,17,1,1 poly=1,24,253,1548,6127,16579,31678,43659,44081,32982,18392,7611,2291,479,63,4
SAMPLE n=24 alpha=13 par=0,1,2,3,4,5,6,7,6,9,5,11,12,11,5,15,2,1,18,19,20,21,22,18 poly=1,24,253,1547,6102,16331,30363,39476,35648,21924,8875,2242,322,20
SAMPLE n=24 alpha=14 par=0,1,2,3,4,5,6,7,6,9,5,3,3,3,1,15,16,17,18,19,16,21,16,23 poly=1,24,253,1551,6176,16908,32865,46176,47261,35165,18739,6907,1651,229,14
SAMPLE n=24 alpha=14 par=0,1,2,3,4,5,6,7,6,9,3,1,12,13,14,15,16,17,15,12,20,21,12,12 poly=1,24,253,1549,6142,16664,31882,43679,43015,30203,14770,4808,962,102,4
SAMPLE n=24 alpha=13 par=0,1,2,3,4,5,6,7,6,9,1,11,12,13,14,15,16,14,12,19,20,19,22,11 poly=1,24,253,1545,6070,16113,29531,37511,32662,18988,7043,1549,178,8
SAMPLE n=24 alpha=15 par=0,1,2,3,4,5,6,7,6,6,5,3,12,12,1,15,16,17,18,19,17,17,16,16 poly=1,24,253,1552,6194,17044,33437,47676,49872,38318,21472,8626,2405,438,46,2
SAMPLE n=24 alpha=14 par=0,1,2,3,4,5,6,7,6,6,5,3,2,2,1,15,16,17,18,19,20,17,17,16 poly=1,24,253,1552,6195,17057,33501,47822,49989,38153,20946,8012,2009,292,18
SAMPLE n=24 alpha=14 par=0,1,2,3,4,5,6,7,6,6,3,11,3,3,2,2,1,17,18,19,20,21,20,1 poly=1,24,253,1554,6225,17249,34192,49372,52252,40321,22273,8488,2084,288,16
SAMPLE n=24 alpha=14 par=0,1,2,3,4,5,6,7,6,6,1,11,12,13,14,15,16,13,13,12,20,21,21,1 poly=1,24,253,1549,6145,16711,32191,44797,45484,33705,18029,6781,1704,258,18
SAMPLE n=24 alpha=14 par=0,1,2,3,4,5,6,7,6,5,10,11,4,13,14,14,14,4,1,19,20,21,22,23 poly=1,24,253,1548,6125,16550,31498,43021,42621,30684,15853,5666,1296,161,7
SAMPLE n=24 alpha=14 par=0,1,2,3,4,5,6,7,6,5,10,10,5,5,1,15,16,17,18,19,20,17,15,15 poly=1,24,253,1552,6192,17020,33323,47395,49474,37965,21226,8434,2260,366,27
SAMPLE n=24 alpha=13 par=0,1,2,3,4,5,6,7,6,5,5,2,12,13,14,14,12,17,1,19,20,21,22,23 poly=1,24,253,1547,6107,16404,30807,40947,38557,25457,11483,3356,569,42
SAMPLE n=24 alpha=14 par=0,1,2,3,4,5,6,7,6,5,4,1,12,13,14,15,16,17,16,15,13,13,1,1 poly=1,24,253,1551,6180,16970,33266,47607,50407,39672,23058,9666,2772,486,39
SAMPLE n=24 alpha=14 par=0,1,2,3,4,5,6,7,6,5,3,11,12,3,1,15,16,17,18,19,17,21,21,16 poly=1,24,253,1548,6124,16527,31311,42260,40866,28279,13885,4741,1077,147,9
SAMPLE n=24 alpha=13 par=0,1,2,3,4,5,6,7,6,4,10,2,12,13,12,1,16,17,18,19,20,19,17,16 poly=1,24,253,1547,6107,16402,30778,40778,38044,24574,10599,2851,418,24
SAMPLE n=24 alpha=13 par=0,1,2,3,4,5,6,7,6,4,10,1,12,13,14,15,16,17,15,19,19,12,22,1 poly=1,24,253,1546,6089,16264,30191,39261,35579,22039,8972,2223,283,11
SAMPLE n=24 alpha=15 par=0,1,2,3,4,5,6,7,6,4,1,11,12,13,14,15,13,11,18,19,20,21,11,11 poly=1,24,253,1549,6143,16684,32043,44375,44827,33207,18010,7070,1955,361,40,2
SAMPLE n=24 alpha=14 par=0,1,2,3,4,5,6,7,6,3,10,11,11,10,2,1,16,17,18,19,20,18,16,1 poly=1,24,253,1548,6124,16526,31290,42112,40360,27317,12810,4027,802,90,4
SAMPLE n=24 alpha=16 par=0,1,2,3,4,5,6,7,5,5,5,3,3,2,1,15,16,17,18,19,16,1,1,1 poly=1,24,253,1557,6284,17749,36614,56855,67841,62924,45478,25433,10806,3372,728,97,6
SAMPLE n=24 alpha=14 par=0,1,2,3,4,5,6,7,5,4,10,3,12,2,2,1,16,17,18,19,20,16,22,16 poly=1,24,253,1549,6139,16624,31668,43089,42134,29563,14714,5046,1122,144,8
SAMPLE n=24 alpha=14 par=0,1,2,3,4,5,6,7,5,3,10,11,12,12,10,1,16,17,18,19,20,16,22,1 poly=1,24,253,1546,6090,16284,30349,39921,37205,24509,11304,3565,732,89,5
SAMPLE n=24 alpha=15 par=0,1,2,3,4,5,6,7,5,3,3,2,12,1,14,15,16,17,18,19,15,15,14,14 poly=1,24,253,1551,6176,16913,32926,46487,48149,36763,20650,8437,2443,476,56,3
SAMPLE n=24 alpha=13 par=0,1,2,3,4,5,6,7,4,3,2,1,12,13,14,15,16,17,12,19,20,21,20,20 poly=1,24,253,1547,6108,16419,30899,41250,39154,26204,12095,3680,670,56
SAMPLE n=24 alpha=16 par=0,1,2,3,4,5,6,6,6,6,6,4,12,13,13,1,16,17,18,19,20,16,22,23 poly=1,24,253,1553,6218,17281,34698,51700,58043,49302,31530,15007,5215,1282,211,21,1
SAMPLE n=24 alpha=16 par=0,1,2,3,4,5,6,6,6,6,6,4,2,1,14,15,16,17,17,14,20,14,22,1 poly=1,24,253,1557,6285,17754,36579,56472,66338,59568,40672,20812,7782,2037,345,32,1
SAMPLE n=24 alpha=16 par=0,1,2,3,4,5,6,6,6,6,6,1,12,13,14,15,14,13,1,19,19,19,19,19 poly=1,24,253,1563,6393,18579,40153,66430,85528,86268,68032,41489,19152,6457,1497,213,14
SAMPLE n=24 alpha=15 par=0,1,2,3,4,5,6,6,6,6,5,11,5,4,14,1,16,17,18,19,20,20,16,1 poly=1,24,253,1553,6210,17160,33937,49074,52482,41588,24195,10095,2893,528,53,2
SAMPLE n=24 alpha=16 par=0,1,2,3,4,5,6,6,6,6,5,11,4,13,14,14,14,1,18,19,20,21,21,20 poly=1,24,253,1553,6217,17266,34612,51474,57829,49527,32323,15902,5758,1471,247,24,1
SAMPLE n=24 alpha=16 par=0,1,2,3,4,5,6,6,6,6,5,5,3,3,1,15,16,17,18,17,16,21,15,1 poly=1,24,253,1556,6265,17587,35811,54313,62440,54963,37145,19158,7406,2068,389,43,2
SAMPLE n=24 alpha=15 par=0,1,2,3,4,5,6,6,6,6,5,4,12,1,14,15,16,17,18,16,20,20,20,14 poly=1,24,253,1553,6215,17232,34375,50558,55609,45939,28327,12796,4085,865,108,6
SAMPLE n=24 alpha=15 par=0,1,2,3,4,5,6,6,6,6,4,11,3,13,14,15,1,17,18,19,20,18,18,1 poly=1,24,253,1552,6200,17143,34112,50187,55560,46636,29603,14026,4823,1139,165,11
SAMPLE n=24 alpha=15 par=0,1,2,3,4,5,6,6,6,6,4,11,1,13,14,15,16,15,18,15,15,14,14,13 poly=1,24,253,1557,6280,17679,36108,54823,62712,54212,35124,16685,5580,1224,154,8
SAMPLE n=24 alpha=17 par=0,1,2,3,4,5,6,6,6,6,4,2,2,1,14,15,16,17,17,15,14,21,21,21 poly=1,24,253,1556,6274,17728,36736,57706,70324,67443,51237,30814,14549,5299,1443,278,34,2
SAMPLE n=24 alpha=15 par=0,1,2,3,4,5,6,6,6,6,3,11,12,13,2,1,16,17,18,19,16,16,16,1 poly=1,24,253,1555,6250,17493,35470,53448,60706,52152,33620,15908,5293,1144,137,6
SAMPLE n=24 alpha=16 par=0,1,2,3,4,5,6,6,6,6,2,11,12,13,14,14,14,1,18,19,20,21,21,20 poly=1,24,253,1552,6204,17197,34409,51078,57234,48781,31564,15322,5448,1363,225,22,1
SAMPLE n=24 alpha=15 par=0,1,2,3,4,5,6,6,6,6,2,11,12,13,14,12,11,1,18,19,20,21,22,22 poly=1,24,253,1550,6165,16878,32961,46984,49523,38687,22174,9102,2566,463,47,2
SAMPLE n=24 alpha=15 par=0,1,2,3,4,5,6,6,6,5,10,10,4,3,1,15,16,17,18,16,20,21,15,15 poly=1,24,253,1551,6177,16930,33051,46988,49339,38517,22302,9439,2824,559,64,3
SAMPLE n=24 alpha=15 par=0,1,2,3,4,5,6,6,6,5,10,5,12,5,3,2,2,1,18,19,20,21,21,20 poly=1,24,253,1555,6242,17372,34707,50798,55032,44218,26182,11231,3377,670,78,4
SAMPLE n=24 alpha=14 par=0,1,2,3,4,5,6,6,6,5,10,5,12,5,3,2,2,1,18,19,20,21,18,23 poly=1,24,253,1554,6223,17222,34051,49003,51755,40082,22510,8933,2379,382,28
SAMPLE n=24 alpha=14 par=0,1,2,3,4,5,6,6,6,5,10,3,12,2,1,15,16,17,18,17,1,21,22,21 poly=1,24,253,1549,6141,16648,31778,43319,42286,29309,14101,4502,876,89,4
SAMPLE n=24 alpha=14 par=0,1,2,3,4,5,6,6,6,5,3,11,3,13,3,1,16,17,18,19,20,19,17,16 poly=1,24,253,1553,6211,17167,33928,48860,51656,39975,22321,8729,2262,348,24
SAMPLE n=24 alpha=14 par=0,1,2,3,4,5,6,6,6,5,3,11,2,13,13,1,16,17,18,19,19,18,22,16 poly=1,24,253,1550,6161,16817,32576,45661,46771,35035,18995,7263,1859,286,20
SAMPLE n=24 alpha=15 par=0,1,2,3,4,5,6,6,6,5,3,3,1,13,14,15,16,14,18,18,13,21,22,22 poly=1,24,253,1551,6181,16988,33397,48117,51608,41523,25038,11187,3608,798,109,7
SAMPLE n=24 alpha=15 par=0,1,2,3,4,5,6,6,6,5,2,11,11,2,1,15,16,17,18,16,1,21,21,21 poly=1,24,253,1553,6213,17205,34220,50068,54680,44847,27537,12476,4045,886,117,7
SAMPLE n=24 alpha=15 par=0,1,2,3,4,5,6,6,6,4,10,10,10,4,14,2,16,17,2,1,20,21,22,23 poly=1,24,253,1552,6195,17073,33698,48825,52789,42947,26273,11950,3935,890,124,8
SAMPLE n=24 alpha=16 par=0,1,2,3,4,5,6,6,6,4,10,10,10,4,3,1,16,17,18,19,17,21,17,17 poly=1,24,253,1556,6265,17588,35823,54363,62534,55026,37081,18989,7251,1993,370,41,2
SAMPLE n=24 alpha=15 par=0,1,2,3,4,5,6,6,6,4,10,10,4,13,3,1,16,17,18,19,20,20,17,1 poly=1,24,253,1551,6179,16962,33258,47715,50899,40687,24325,10734,3399,733,97,6
SAMPLE n=24 alpha=16 par=0,1,2,3,4,5,6,6,6,4,10,10,1,13,14,15,16,17,17,15,15,1,1,1 poly=1,24,253,1555,6256,17585,36066,55631,65831,60424,43145,23838,10036,3125,681,93,6
SAMPLE n=24 alpha=14 par=0,1,2,3,4,5,6,6,6,4,10,10,1,13,14,15,16,17,16,16,1,21,1,23 poly=1,24,253,1551,6180,16967,33226,47391,49777,38552,21782,8733,2352,381,28
SAMPLE n=24 alpha=14 par=0,1,2,3,4,5,6,6,6,4,10,4,12,1,14,15,16,17,18,18,17,15,14,1 poly=1,24,253,1551,6179,16954,33157,47188,49396,38060,21326,8423,2202,336,22
SAMPLE n=24 alpha=15 par=0,1,2,3,4,5,6,6,6,4,10,3,12,3,14,2,1,17,18,19,20,21,19,19 poly=1,24,253,1551,6176,16913,32928,46504,48192,36775,20537,8236,2288,413,43,2
SAMPLE n=24 alpha=15 par=0,1,2,3,4,5,6,6,6,4,4,4,3,1,14,15,16,17,14,19,20,19,14,14 poly=1,24,253,1557,6282,17713,36353,55815,65252,58590,40358,21046,8064,2144,353,27
SAMPLE n=24 alpha=15 par=0,1,2,3,4,5,6,6,6,4,3,11,3,1,14,15,16,17,18,14,1,21,21,1 poly=1,24,253,1552,6194,17051,33516,48041,50787,39697,22768,9381,2664,484,49,2
SAMPLE n=24 alpha=15 par=0,1,2,3,4,5,6,6,6,4,3,11,2,1,14,15,16,17,17,16,20,16,15,1 poly=1,24,253,1552,6194,17047,33477,47896,50527,39483,22761,9523,2794,540,61,3
SAMPLE n=24 alpha=15 par=0,1,2,3,4,5,6,6,6,4,2,11,12,1,14,15,16,17,17,16,20,14,14,1 poly=1,24,253,1551,6180,16974,33317,47875,51178,41042,24672,10977,3509,761,100,6
SAMPLE n=24 alpha=14 par=0,1,2,3,4,5,6,6,6,3,10,11,12,12,11,1,16,17,18,19,18,17,1,23 poly=1,24,253,1549,6146,16723,32246,44918,45604,33691,17844,6549,1560,212,12
SAMPLE n=24 alpha=14 par=0,1,2,3,4,5,6,6,6,2,10,1,12,13,14,15,16,14,18,14,20,13,12,12 poly=1,24,253,1551,6176,16912,32912,46403,47857,36120,19733,7591,1945,296,20
SAMPLE n=24 alpha=15 par=0,1,2,3,4,5,6,6,6,2,1,11,12,13,14,11,16,17,17,17,16,11,1,23 poly=1,24,253,1552,6195,17069,33649,48577,52105,41796,25012,11018,3472,742,97,6
SAMPLE n=24 alpha=14 par=0,1,2,3,4,5,6,6,5,9,9,4,12,4,14,1,16,17,18,19,20,19,17,16 poly=1,24,253,1549,6139,16622,31646,42989,41892,29231,14463,4957,1116,146,8
SAMPLE n=24 alpha=14 par=0,1,2,3,4,5,6,6,5,9,5,5,3,13,14,1,16,17,18,19,20,1,22,22 poly=1,24,253,1550,6157,16758,32209,44396,44105,31449,15869,5510,1250,167,10
SAMPLE n=24 alpha=14 par=0,1,2,3,4,5,6,6,5,9,5,3,12,12,3,1,16,17,18,19,20,17,16,23 poly=1,24,253,1550,6157,16755,32171,44198,43546,30506,14885,4877,1009,118,6
SAMPLE n=24 alpha=14 par=0,1,2,3,4,5,6,6,5,9,5,3,2,2,1,15,16,17,18,19,18,21,16,1 poly=1,24,253,1551,6175,16891,32743,45696,46123,33483,17191,6044,1372,179,10
SAMPLE n=24 alpha=14 par=0,1,2,3,4,5,6,6,5,9,5,1,12,13,14,15,16,14,18,18,18,13,13,12 poly=1,24,253,1552,6193,17034,33405,47658,49984,38588,21708,8663,2321,373,27
SAMPLE n=24 alpha=15 par=0,1,2,3,4,5,6,6,5,9,4,3,3,2,2,2,1,17,18,19,20,19,18,18 poly=1,24,253,1556,6260,17511,35316,52483,58134,48118,29563,13244,4184,878,109,6
SAMPLE n=24 alpha=16 par=0,1,2,3,4,5,6,6,5,9,4,1,12,13,14,15,15,13,12,19,20,20,20,20 poly=1,24,253,1552,6200,17141,34088,50072,55269,46202,29214,13848,4836,1207,204,21,1
SAMPLE n=24 alpha=15 par=0,1,2,3,4,5,6,6,5,5,3,11,12,12,3,1,16,17,18,19,16,21,1,23 poly=1,24,253,1550,6160,16807,32546,45679,47098,35933,20270,8339,2415,458,49,2
SAMPLE n=24 alpha=14 par=0,1,2,3,4,5,6,6,5,5,2,1,12,13,14,15,16,12,18,12,20,12,1,1 poly=1,24,253,1554,6221,17191,33845,48230,49945,37324,19744,7132,1651,217,12
SAMPLE n=24 alpha=14 par=0,1,2,3,4,5,6,6,5,4,10,10,4,13,13,3,2,1,18,19,20,21,18,23 poly=1,24,253,1550,6153,16706,31930,43582,42669,29838,14697,4960,1089,140,8
SAMPLE n=24 alpha=13 par=0,1,2,3,4,5,6,6,5,4,10,4,3,1,14,15,16,17,18,15,20,15,14,14 poly=1,24,253,1552,6189,16971,32989,46132,46527,33517,16812,5578,1101,98
SAMPLE n=24 alpha=15 par=0,1,2,3,4,5,6,6,5,4,10,3,3,2,1,15,16,17,18,17,17,17,16,15 poly=1,24,253,1555,6244,17400,34875,51354,56151,45650,27362,11847,3570,702,80,4
SAMPLE n=24 alpha=13 par=0,1,2,3,4,5,6,6,5,4,3,11,12,13,3,2,16,1,18,19,20,21,22,19 poly=1,24,253,1548,6121,16484,31043,41306,38734,25186,10969,2997,451,27
SAMPLE n=24 alpha=15 par=0,1,2,3,4,5,6,6,5,4,3,2,12,2,2,1,16,17,18,19,17,17,17,17 poly=1,24,253,1560,6332,18060,37679,58934,70002,63320,43310,21995,8020,1979,295,20
SAMPLE n=24 alpha=16 par=0,1,2,3,4,5,6,6,5,3,2,11,11,11,11,1,16,17,18,19,20,20,19,17 poly=1,24,253,1553,6216,17248,34480,50949,56555,47516,30178,14338,4994,1235,206,21,1
SAMPLE n=24 alpha=15 par=0,1,2,3,4,5,6,6,5,2,10,10,10,1,14,15,16,17,14,14,1,21,22,1 poly=1,24,253,1552,6192,17026,33387,47681,50188,39088,22415,9311,2711,521,59,3
SAMPLE n=24 alpha=16 par=0,1,2,3,4,5,6,6,5,2,10,10,1,13,14,15,16,17,16,16,16,14,1,1 poly=1,24,253,1554,6233,17370,34979,52283,59079,51036,33834,17132,6520,1804,341,39,2
SAMPLE n=24 alpha=13 par=0,1,2,3,4,5,6,6,5,2,10,10,1,13,14,15,16,17,16,13,1,21,1,23 poly=1,24,253,1549,6138,16605,31519,42460,40554,27098,12301,3587,600,43
SAMPLE n=24 alpha=14 par=0,1,2,3,4,5,6,6,5,2,10,1,12,13,14,15,16,15,15,14,20,20,20,12 poly=1,24,253,1551,6179,16957,33193,47363,49853,38786,22078,8947,2443,402,30
SAMPLE n=24 alpha=15 par=0,1,2,3,4,5,6,6,5,2,2,2,1,13,14,15,16,17,17,15,20,14,13,13 poly=1,24,253,1554,6233,17373,35007,52372,59159,50843,33173,16209,5761,1410,213,15
SAMPLE n=24 alpha=13 par=0,1,2,3,4,5,6,6,5,2,1,11,12,13,14,11,16,1,18,19,20,21,18,18 poly=1,24,253,1548,6123,16516,31259,42108,40529,27689,13143,4133,776,66
SAMPLE n=24 alpha=16 par=0,1,2,3,4,5,6,6,4,9,10,10,3,3,1,15,16,17,18,16,1,21,21,21 poly=1,24,253,1551,6181,16992,33443,48333,52163,42427,26066,12040,4128,1025,176,19,1
SAMPLE n=24 alpha=15 par=0,1,2,3,4,5,6,6,4,9,10,4,12,12,12,1,16,17,18,19,20,20,17,17 poly=1,24,253,1551,6179,16962,33259,47716,50874,40600,24214,10663,3376,730,97,6
SAMPLE n=24 alpha=15 par=0,1,2,3,4,5,6,6,4,9,10,4,12,12,4,15,4,4,1,19,20,21,22,20 poly=1,24,253,1558,6281,17591,35423,52344,57395,46870,28386,12566,3946,831,105,6
SAMPLE n=24 alpha=15 par=0,1,2,3,4,5,6,6,4,9,4,4,1,13,14,15,16,14,18,19,14,13,22,13 poly=1,24,253,1553,6208,17129,33749,48475,51373,40371,23456,9937,2978,597,72,4
SAMPLE n=24 alpha=15 par=0,1,2,3,4,5,6,6,4,9,2,11,12,12,2,15,2,2,1,19,20,21,22,20 poly=1,24,253,1554,6226,17277,34448,50537,55349,45535,28069,12798,4197,938,128,8
SAMPLE n=24 alpha=14 par=0,1,2,3,4,5,6,6,4,9,2,11,12,12,1,15,16,17,18,17,20,17,16,15 poly=1,24,253,1549,6142,16665,31902,43825,43557,31361,16263,5976,1500,236,18
SAMPLE n=24 alpha=17 par=0,1,2,3,4,5,6,6,4,4,4,4,4,3,14,14,1,17,18,19,20,21,21,17 poly=1,24,253,1560,6331,18071,37883,60046,73252,69370,51089,29163,12790,4240,1033,176,19,1
SAMPLE n=24 alpha=15 par=0,1,2,3,4,5,6,6,4,4,4,3,12,13,14,2,2,1,18,19,20,21,22,1 poly=1,24,253,1552,6193,17046,33544,48333,51799,41600,24964,11013,3452,723,90,5
SAMPLE n=24 alpha=16 par=0,1,2,3,4,5,6,6,4,4,4,2,1,13,14,15,16,14,18,14,14,13,1,1 poly=1,24,253,1558,6298,17823,36787,56929,67257,61257,43081,23224,9423,2783,564,70,4
SAMPLE n=24 alpha=15 par=0,1,2,3,4,5,6,6,4,4,3,11,11,11,2,15,1,17,18,19,20,21,19,18 poly=1,24,253,1551,6178,16950,33205,47622,50924,41070,25026,11388,3755,845,115,7
SAMPLE n=24 alpha=15 par=0,1,2,3,4,5,6,6,4,3,3,1,12,13,14,15,16,15,13,19,1,21,21,21 poly=1,24,253,1551,6180,16972,33285,47673,50514,39771,23163,9831,2952,594,72,4
SAMPLE n=24 alpha=14 par=0,1,2,3,4,5,6,6,4,1,10,11,12,13,12,15,11,17,17,10,20,20,1,23 poly=1,24,253,1548,6123,16518,31288,42279,41067,28685,14276,4939,1128,152,9
SAMPLE n=24 alpha=14 par=0,1,2,3,4,5,6,6,4,1,10,11,12,13,12,12,12,10,18,1,20,21,20,1 poly=1,24,253,1553,6212,17187,34087,49528,53316,42571,24959,10481,3002,530,44
SAMPLE n=24 alpha=15 par=0,1,2,3,4,5,6,6,4,1,10,11,12,13,12,10,16,16,10,10,1,21,22,22 poly=1,24,253,1552,6193,17042,33495,48088,51149,40600,24047,10525,3322,719,96,6
SAMPLE n=24 alpha=16 par=0,1,2,3,4,5,6,6,4,1,10,11,12,13,10,10,1,17,18,19,19,19,17,17 poly=1,24,253,1552,6199,17134,34096,50295,56223,48335,32161,16516,6459,1871,381,49,3
SAMPLE n=24 alpha=14 par=0,1,2,3,4,5,6,6,3,9,10,10,1,13,14,15,16,17,14,14,13,1,22,23 poly=1,24,253,1548,6126,16561,31543,43098,42641,30585,15753,5678,1357,192,12
SAMPLE n=24 alpha=15 par=0,1,2,3,4,5,6,6,3,9,10,2,12,12,2,1,16,17,18,19,18,18,16,16 poly=1,24,253,1552,6196,17085,33759,49001,53120,43389,26694,12218,4041,913,126,8
SAMPLE n=24 alpha=15 par=0,1,2,3,4,5,6,6,3,9,10,1,12,13,14,15,14,14,14,14,13,21,21,12 poly=1,24,253,1555,6245,17428,35119,52402,58778,49840,31825,15089,5166,1213,176,12
SAMPLE n=24 alpha=13 par=0,1,2,3,4,5,6,6,3,9,3,1,12,13,14,15,16,15,18,14,20,13,22,1 poly=1,24,253,1548,6123,16512,31214,41901,40022,26964,12518,3814,688,56
SAMPLE n=24 alpha=14 par=0,1,2,3,4,5,6,6,3,9,1,11,12,13,14,15,11,17,18,11,1,21,1,23 poly=1,24,253,1548,6119,16457,30893,40861,37971,24428,10569,2928,479,40,1
SAMPLE n=24 alpha=15 par=0,1,2,3,4,5,6,6,3,3,3,2,12,1,14,15,16,17,18,17,17,16,15,1 poly=1,24,253,1554,6229,17311,34609,50958,56025,46226,28506,12947,4209,930,126,8
SAMPLE n=24 alpha=15 par=0,1,2,3,4,5,6,6,3,3,3,2,1,13,14,15,16,17,16,16,15,21,15,15 poly=1,24,253,1557,6278,17647,35898,54063,61009,51725,32717,15156,4968,1084,140,8
SAMPLE n=24 alpha=14 par=0,1,2,3,4,5,6,6,3,2,10,1,12,13,14,15,16,15,13,12,20,20,1,23 poly=1,24,253,1548,6123,16516,31262,42144,40701,28115,13746,4643,1032,136,8
SAMPLE n=24 alpha=15 par=0,1,2,3,4,5,6,6,2,9,10,11,11,11,11,11,10,17,1,19,20,21,22,20 poly=1,24,253,1554,6232,17358,34905,51954,58024,48753,30576,14054,4587,1006,133,8
SAMPLE n=24 alpha=16 par=0,1,2,3,4,5,6,6,2,1,10,11,12,13,14,12,16,11,11,11,11,1,1,1 poly=1,24,253,1559,6315,17955,37387,58671,70629,65721,47182,25842,10564,3107,618,74,4
SAMPLE n=24 alpha=14 par=0,1,2,3,4,5,6,5,8,5,10,5,12,4,1,15,16,17,18,17,17,16,16,15 poly=1,24,253,1554,6218,17138,33478,46866,46876,32923,15670,4745,818,66,2
SAMPLE n=24 alpha=14 par=0,1,2,3,4,5,6,5,8,5,10,5,3,1,14,15,16,17,18,14,20,20,20,14 poly=1,24,253,1553,6208,17123,33668,48029,50040,37953,20652,7815,1934,275,16
SAMPLE n=24 alpha=13 par=0,1,2,3,4,5,6,5,8,5,10,4,12,4,4,1,16,17,18,19,20,1,22,23 poly=1,24,253,1550,6150,16657,31595,42327,39828,25790,11030,2885,396,20
SAMPLE n=24 alpha=14 par=0,1,2,3,4,5,6,5,8,5,10,4,4,4,2,1,16,17,18,19,18,21,17,23 poly=1,24,253,1552,6187,16947,32877,45890,46355,33779,17481,6185,1385,170,8
SAMPLE n=24 alpha=14 par=0,1,2,3,4,5,6,5,8,5,10,4,1,13,14,15,16,13,13,1,20,21,20,20 poly=1,24,253,1551,6172,16849,32502,44941,44679,31701,15732,5249,1095,125,6
SAMPLE n=24 alpha=14 par=0,1,2,3,4,5,6,5,8,5,5,5,5,4,1,15,16,17,18,19,15,1,22,1 poly=1,24,253,1560,6321,17900,36687,55425,62057,51154,30414,12533,3327,492,28
SAMPLE n=24 alpha=13 par=0,1,2,3,4,5,6,5,8,5,4,1,12,13,14,15,14,13,12,1,20,21,22,22 poly=1,24,253,1549,6140,16629,31634,42738,40892,27223,12134,3360,494,25
SAMPLE n=24 alpha=14 par=0,1,2,3,4,5,6,5,8,5,4,1,12,13,14,15,14,1,18,19,19,19,19,1 poly=1,24,253,1554,6233,17368,34945,52047,58184,48940,30624,13844,4272,805,70
SAMPLE n=24 alpha=14 par=0,1,2,3,4,5,6,5,8,5,4,1,12,13,14,15,13,13,13,12,20,20,12,23 poly=1,24,253,1554,6221,17194,33894,48530,50897,39087,21737,8512,2218,344,24
SAMPLE n=24 alpha=14 par=0,1,2,3,4,5,6,5,8,5,1,11,12,13,14,12,11,17,18,19,17,1,22,1 poly=1,24,253,1549,6138,16605,31524,42512,40787,27672,13134,4302,947,128,8
SAMPLE n=24 alpha=12 par=0,1,2,3,4,5,6,5,8,4,10,2,12,13,12,1,16,17,18,19,18,1,22,23 poly=1,24,253,1546,6086,16220,29919,38335,33680,19634,7125,1419,114
SAMPLE n=24 alpha=13 par=0,1,2,3,4,5,6,5,8,4,10,1,12,13,14,15,16,15,13,19,12,12,12,1 poly=1,24,253,1551,6172,16850,32508,44941,44594,31413,15273,4841,889,70
SAMPLE n=24 alpha=13 par=0,1,2,3,4,5,6,5,8,3,2,1,12,13,14,15,16,13,13,1,20,21,22,23 poly=1,24,253,1547,6107,16405,30817,40984,38616,25477,11420,3265,521,33
SAMPLE n=24 alpha=14 par=0,1,2,3,4,5,6,5,8,3,2,1,12,13,14,15,16,1,18,19,20,18,18,18 poly=1,24,253,1550,6157,16762,32256,44619,44654,32198,16418,5681,1232,143,6
SAMPLE n=24 alpha=14 par=0,1,2,3,4,5,6,5,8,2,10,11,12,12,12,11,16,2,1,19,20,21,22,23 poly=1,24,253,1548,6125,16542,31396,42490,41148,28291,13494,4259,813,79,3
SAMPLE n=24 alpha=15 par=0,1,2,3,4,5,6,5,5,5,5,3,12,12,12,2,1,17,18,19,20,18,17,23 poly=1,24,253,1557,6283,17724,36380,55716,64524,56681,37525,18403,6470,1536,219,14
SAMPLE n=24 alpha=15 par=0,1,2,3,4,5,6,5,5,4,10,10,10,3,14,15,2,1,18,19,20,21,20,18 poly=1,24,253,1551,6177,16934,33092,47163,49753,39124,22879,9804,2983,608,74,4
SAMPLE n=24 alpha=15 par=0,1,2,3,4,5,6,5,5,4,10,10,10,3,14,1,16,17,18,19,18,17,17,17 poly=1,24,253,1555,6246,17436,35143,52443,58865,50063,32197,15450,5369,1275,184,12
SAMPLE n=24 alpha=15 par=0,1,2,3,4,5,6,5,5,4,10,10,4,4,1,15,16,17,18,19,17,16,16,16 poly=1,24,253,1557,6275,17605,35654,53270,59385,49503,30629,13801,4371,914,112,6
SAMPLE n=24 alpha=15 par=0,1,2,3,4,5,6,5,5,4,10,10,1,13,14,15,16,14,18,18,14,14,1,23 poly=1,24,253,1553,6209,17142,33815,48645,51607,40523,23459,9881,2948,592,72,4
SAMPLE n=24 alpha=14 par=0,1,2,3,4,5,6,5,5,3,3,1,12,13,14,15,16,15,12,19,1,21,22,21 poly=1,24,253,1550,6161,16819,32597,45747,46951,35238,19089,7216,1772,242,12
SAMPLE n=24 alpha=15 par=0,1,2,3,4,5,6,5,5,3,1,11,12,13,14,15,13,11,1,19,20,1,22,1 poly=1,24,253,1552,6191,17008,33264,47252,49335,38082,21723,9069,2703,547,68,4
SAMPLE n=24 alpha=15 par=0,1,2,3,4,5,6,5,4,4,4,3,2,2,1,15,16,17,18,19,17,15,22,23 poly=1,24,253,1553,6209,17147,33869,48893,52246,41549,24540,10649,3319,711,95,6
SAMPLE n=24 alpha=15 par=0,1,2,3,4,5,6,5,4,4,3,2,2,2,1,15,16,17,18,16,15,21,15,15 poly=1,24,253,1558,6294,17764,36410,55541,63951,55839,36765,17921,6238,1453,200,12
SAMPLE n=24 alpha=13 par=0,1,2,3,4,5,6,5,4,4,3,1,12,13,14,15,16,14,18,13,20,21,22,13 poly=1,24,253,1549,6138,16603,31501,42390,40396,26867,12077,3449,552,36
SAMPLE n=24 alpha=14 par=0,1,2,3,4,5,6,5,4,4,1,11,12,13,14,15,13,13,1,19,1,21,1,1 poly=1,24,253,1557,6277,17629,35751,53408,59246,48673,29199,12422,3549,611,48
SAMPLE n=24 alpha=15 par=0,1,2,3,4,5,6,5,4,3,10,11,11,3,2,1,16,17,18,19,1,1,1,1 poly=1,24,253,1557,6277,17645,35940,54335,61782,53016,34113,16172,5466,1241,168,10
SAMPLE n=24 alpha=13 par=0,1,2,3,4,5,6,5,4,2,10,11,12,13,11,10,16,17,1,19,20,21,22,23 poly=1,24,253,1545,6070,16115,29555,37627,32952,19391,7354,1674,200,9
SAMPLE n=24 alpha=14 par=0,1,2,3,4,5,6,5,4,2,10,10,2,1,14,15,16,17,15,19,15,1,22,1 poly=1,24,253,1552,6189,16976,33043,46387,47216,34688,18108,6511,1522,206,12
SAMPLE n=24 alpha=14 par=0,1,2,3,4,5,6,5,3,9,10,1,12,13,14,15,16,13,1,19,20,21,22,1 poly=1,24,253,1546,6090,16286,30373,40037,37501,24955,11729,3826,827,106,6
SAMPLE n=24 alpha=15 par=0,1,2,3,4,5,6,5,3,9,9,9,9,1,14,15,16,17,18,15,20,20,20,20 poly=1,24,253,1555,6251,17509,35581,53880,61761,53883,35599,17499,6178,1469,208,13
SAMPLE n=24 alpha=15 par=0,1,2,3,4,5,6,5,2,9,9,1,12,13,14,15,13,17,18,12,12,12,1,1 poly=1,24,253,1553,6205,17092,33543,47792,49889,38189,21280,8486,2348,426,45,2
SAMPLE n=24 alpha=16 par=0,1,2,3,4,5,6,5,2,2,2,2,1,13,14,15,16,13,18,19,19,19,19,19 poly=1,24,253,1562,6376,18462,39711,65373,83805,84282,66398,40551,18808,6401,1508,220,15
SAMPLE n=24 alpha=13 par=0,1,2,3,4,5,6,4,8,4,4,2,12,1,14,15,16,17,15,19,1,21,22,21 poly=1,24,253,1550,6156,16743,32114,44055,43320,30225,14566,4589,844,68
SAMPLE n=24 alpha=14 par=0,1,2,3,4,5,6,4,8,3,10,11,10,10,3,15,2,2,2,1,20,21,22,23 poly=1,24,253,1553,6201,17043,33291,47072,48599,36607,19848,7498,1852,264,16
SAMPLE n=24 alpha=13 par=0,1,2,3,4,5,6,4,8,3,10,3,2,13,14,13,13,1,18,19,20,21,22,18 poly=1,24,253,1549,6137,16595,31482,42399,40514,27089,12271,3532,566,36
SAMPLE n=24 alpha=15 par=0,1,2,3,4,5,6,4,4,4,3,11,1,13,14,15,16,14,13,19,19,19,1,23 poly=1,24,253,1553,6210,17163,33985,49368,53432,43427,26467,11938,3870,852,114,7
SAMPLE n=24 alpha=14 par=0,1,2,3,4,5,6,4,4,2,10,2,12,1,14,15,16,17,1,19,20,20,19,19 poly=1,24,253,1551,6173,16872,32686,45691,46478,34411,18360,6880,1716,255,17
SAMPLE n=24 alpha=14 par=0,1,2,3,4,5,6,4,3,9,10,11,9,2,14,15,14,14,1,19,20,21,22,23 poly=1,24,253,1547,6104,16364,30583,40259,37292,24038,10544,3032,537,52,2
SAMPLE n=24 alpha=14 par=0,1,2,3,4,5,6,4,3,2,10,11,1,13,14,15,16,17,14,14,14,13,13,1 poly=1,24,253,1553,6206,17102,33581,47849,49851,37879,20688,7868,1962,285,18
SAMPLE n=24 alpha=15 par=0,1,2,3,4,5,6,4,3,2,10,10,10,1,14,15,16,17,14,19,1,21,1,1 poly=1,24,253,1553,6205,17097,33604,48103,50754,39627,22754,9410,2684,488,49,2
SAMPLE n=24 alpha=13 par=0,1,2,3,4,5,6,4,2,9,10,9,2,13,14,13,1,17,18,19,20,21,18,1 poly=1,24,253,1548,6119,16459,30918,40990,38326,24991,11086,3185,533,39
SAMPLE n=24 alpha=14 par=0,1,2,3,4,5,6,3,8,8,8,2,12,1,14,15,16,17,18,14,20,21,22,14 poly=1,24,253,1548,6124,16532,31367,42507,41416,28932,14270,4799,1027,122,6
SAMPLE n=24 alpha=14 par=0,1,2,3,4,5,6,3,8,8,8,2,1,13,14,15,16,17,14,13,20,21,1,23 poly=1,24,253,1548,6122,16502,31180,41874,40134,27306,12948,4112,810,86,4
SAMPLE n=24 alpha=13 par=0,1,2,3,4,5,6,3,1,9,10,11,12,13,1,15,16,17,16,15,15,1,22,22 poly=1,24,253,1549,6136,16583,31425,42267,40380,27108,12452,3708,640,48
SAMPLE n=24 alpha=16 par=0,1,2,3,4,5,5,5,5,5,5,5,4,3,14,1,16,17,18,19,18,16,1,1 poly=1,24,253,1568,6465,19016,41642,69600,89891,90014,69620,41134,18192,5817,1266,167,10
SAMPLE n=24 alpha=17 par=0,1,2,3,4,5,5,5,5,5,5,2,2,1,14,15,16,15,15,15,15,1,22,1 poly=1,24,253,1571,6528,19549,44177,77488,107225,117948,103197,71388,38538,15880,4819,1014,132,8
SAMPLE n=24 alpha=18 par=0,1,2,3,4,5,5,5,5,5,4,2,2,2,2,2,1,17,18,19,18,17,17,17 poly=1,24,253,1573,6561,19798,45326,81130,115642,132609,122790,91626,54677,25723,9322,2508,471,55,3
SAMPLE n=24 alpha=17 par=0,1,2,3,4,5,5,5,5,5,4,1,12,13,14,15,15,14,18,18,1,1,1,1 poly=1,24,253,1564,6408,18671,40472,67199,87010,88669,71253,44937,21988,8186,2247,431,52,3
SAMPLE n=24 alpha=16 par=0,1,2,3,4,5,5,5,5,5,3,2,12,12,2,1,16,17,18,18,17,21,21,17 poly=1,24,253,1560,6336,18119,38052,60292,73195,68460,49168,26802,10859,3159,622,74,4
SAMPLE n=24 alpha=15 par=0,1,2,3,4,5,5,5,5,5,3,1,12,13,14,13,12,17,17,12,20,12,1,23 poly=1,24,253,1560,6329,18025,37527,58611,69656,63195,43440,22210,8177,2049,313,22
SAMPLE n=24 alpha=17 par=0,1,2,3,4,5,5,5,5,5,2,2,1,13,14,15,16,15,15,15,15,15,14,14 poly=1,24,253,1571,6523,19483,43813,76339,104845,114486,99548,68575,36963,15255,4652,987,130,8
SAMPLE n=24 alpha=16 par=0,1,2,3,4,5,5,5,5,5,1,11,12,13,12,11,16,16,1,19,20,1,22,22 poly=1,24,253,1557,6282,17713,36346,55726,64808,57441,38643,19504,7241,1917,344,38,2
SAMPLE n=24 alpha=15 par=0,1,2,3,4,5,5,5,5,4,10,10,4,2,14,2,16,1,18,19,20,18,18,1 poly=1,24,253,1557,6276,17625,35801,53847,60779,51717,33011,15549,5233,1187,162,10
SAMPLE n=24 alpha=16 par=0,1,2,3,4,5,5,5,5,4,10,4,12,3,1,15,16,17,18,16,20,1,1,1 poly=1,24,253,1557,6279,17673,36130,55122,63887,56756,38632,19938,7625,2077,378,41,2
SAMPLE n=24 alpha=15 par=0,1,2,3,4,5,5,5,5,4,10,4,4,3,14,1,16,17,18,19,19,19,1,23 poly=1,24,253,1557,6277,17644,35940,54400,62147,53964,35541,17517,6273,1542,232,16
SAMPLE n=24 alpha=15 par=0,1,2,3,4,5,5,5,5,4,10,4,4,3,2,15,1,17,18,19,20,18,17,17 poly=1,24,253,1558,6291,17721,36152,54675,62125,53280,34322,16330,5546,1262,170,10
SAMPLE n=24 alpha=16 par=0,1,2,3,4,5,5,5,5,4,3,11,11,2,14,14,2,2,2,1,20,21,22,1 poly=1,24,253,1561,6341,18088,37715,58986,70300,64335,45216,24221,9722,2835,568,70,4
SAMPLE n=24 alpha=14 par=0,1,2,3,4,5,5,5,5,4,1,11,12,13,12,15,11,17,18,17,11,21,22,1 poly=1,24,253,1553,6207,17114,33647,48058,50251,38333,20957,7896,1900,250,12
SAMPLE n=24 alpha=16 par=0,1,2,3,4,5,5,5,5,4,1,11,12,13,12,11,1,17,17,1,1,1,1,1 poly=1,24,253,1571,6504,19228,42317,71122,92624,94042,74327,45293,20864,7018,1623,230,15
SAMPLE n=24 alpha=16 par=0,1,2,3,4,5,5,5,5,3,10,10,2,2,1,15,16,17,18,16,16,15,22,15 poly=1,24,253,1557,6284,17744,36548,56485,66677,60629,42475,22749,9156,2685,543,68,4
SAMPLE n=24 alpha=16 par=0,1,2,3,4,5,5,5,5,3,2,11,2,1,14,15,16,17,16,16,16,15,1,1 poly=1,24,253,1560,6335,18106,37986,60134,73070,68723,50031,27952,11761,3606,761,99,6
SAMPLE n=24 alpha=15 par=0,1,2,3,4,5,5,5,5,2,2,1,12,13,14,15,15,14,14,13,20,21,20,1 poly=1,24,253,1556,6268,17627,36020,54862,63174,55228,36439,17832,6263,1489,214,14
SAMPLE n=24 alpha=16 par=0,1,2,3,4,5,5,5,4,9,9,3,1,13,14,15,13,17,18,13,20,20,20,1 poly=1,24,253,1553,6209,17152,33948,49371,53763,44418,28006,13433,4826,1255,221,23,1
SAMPLE n=24 alpha=17 par=0,1,2,3,4,5,5,5,4,9,9,3,1,13,14,15,1,17,18,1,1,1,1,1 poly=1,24,253,1567,6443,18836,40885,67734,87087,87706,69482,43269,21031,7848,2179,425,52,3
SAMPLE n=24 alpha=15 par=0,1,2,3,4,5,5,5,4,9,4,4,2,13,14,1,16,17,18,19,1,21,21,1 poly=1,24,253,1554,6223,17223,34063,49064,51936,40435,22980,9359,2635,479,49,2
SAMPLE n=24 alpha=13 par=0,1,2,3,4,5,5,5,4,9,4,3,12,1,14,15,16,17,16,19,16,15,1,23 poly=1,24,253,1552,6189,16970,32977,46079,46412,33385,16735,5560,1101,98
SAMPLE n=24 alpha=16 par=0,1,2,3,4,5,5,5,4,9,3,11,11,11,3,1,16,17,18,18,17,21,21,17 poly=1,24,253,1555,6244,17406,34955,51799,57522,48269,30644,14615,5144,1292,218,22,1
SAMPLE n=24 alpha=16 par=0,1,2,3,4,5,5,5,4,9,3,3,2,13,14,14,2,1,18,19,20,21,21,20 poly=1,24,253,1553,6211,17179,34085,49712,54194,44620,27846,13113,4591,1160,200,21,1
SAMPLE n=24 alpha=17 par=0,1,2,3,4,5,5,5,4,4,4,3,3,3,3,3,1,17,18,19,19,17,22,22 poly=1,24,253,1567,6441,18815,40793,67535,86920,87842,69952,43785,21346,7962,2202,427,52,3
SAMPLE n=24 alpha=16 par=0,1,2,3,4,5,5,5,4,4,4,3,3,3,1,15,16,17,17,15,20,1,22,22 poly=1,24,253,1559,6310,17881,36930,57102,67279,61021,42738,23013,9396,2829,596,79,5
SAMPLE n=24 alpha=15 par=0,1,2,3,4,5,5,5,4,4,4,2,12,13,12,2,16,17,1,19,20,21,20,20 poly=1,24,253,1556,6262,17543,35529,53274,59987,51030,32719,15610,5386,1271,183,12
SAMPLE n=24 alpha=16 par=0,1,2,3,4,5,5,5,4,4,3,11,11,2,14,14,2,17,17,1,20,21,22,20 poly=1,24,253,1554,6224,17249,34288,50050,54491,44663,27643,12864,4440,1106,189,20,1
SAMPLE n=24 alpha=16 par=0,1,2,3,4,5,5,5,4,4,3,2,12,12,1,15,16,17,17,16,15,15,15,15 poly=1,24,253,1561,6349,18192,38301,60892,74313,70136,51156,28584,12012,3675,773,100,6
SAMPLE n=24 alpha=16 par=0,1,2,3,4,5,5,5,4,3,10,2,2,1,14,15,16,17,17,14,20,20,14,14 poly=1,24,253,1556,6264,17576,35758,54153,62090,54387,36444,18548,7042,1928,358,40,2
SAMPLE n=24 alpha=15 par=0,1,2,3,4,5,5,5,4,3,10,1,12,13,14,14,13,17,12,19,19,12,1,1 poly=1,24,253,1554,6225,17256,34292,49940,53986,43528,26072,11426,3550,737,91,5
SAMPLE n=24 alpha=16 par=0,1,2,3,4,5,5,5,4,2,10,10,2,2,2,1,16,17,18,16,1,21,1,1 poly=1,24,253,1562,6351,18116,37664,58443,68623,61332,41662,21307,8045,2166,391,42,2
SAMPLE n=24 alpha=16 par=0,1,2,3,4,5,5,5,4,2,2,1,12,13,14,15,14,14,14,12,1,21,1,1 poly=1,24,253,1560,6331,18049,37637,58910,70308,64467,45412,24378,9796,2854,570,70,4
SAMPLE n=24 alpha=14 par=0,1,2,3,4,5,5,5,4,1,10,11,12,12,11,10,16,16,10,19,10,21,10,23 poly=1,24,253,1557,6264,17454,34764,50298,53132,40783,22386,8510,2111,304,19
SAMPLE n=24 alpha=15 par=0,1,2,3,4,5,5,5,4,1,10,11,12,12,10,1,16,17,18,17,20,17,22,16 poly=1,24,253,1551,6175,16893,32770,45849,46600,34381,18248,6827,1733,279,25,1
SAMPLE n=24 alpha=15 par=0,1,2,3,4,5,5,5,4,1,10,11,12,11,11,10,1,17,18,17,17,17,1,1 poly=1,24,253,1560,6326,17983,37260,57656,67577,60334,40921,20816,7728,1987,318,24
SAMPLE n=24 alpha=15 par=0,1,2,3,4,5,5,5,3,9,10,3,2,1,14,15,16,17,15,19,19,14,22,23 poly=1,24,253,1550,6160,16809,32573,45819,47466,36475,20741,8595,2514,490,57,3
SAMPLE n=24 alpha=17 par=0,1,2,3,4,5,5,5,3,9,10,1,12,13,14,14,13,17,17,12,12,12,12,12 poly=1,24,253,1562,6366,18333,39012,63220,79500,78364,60772,36998,17526,6345,1700,318,37,2
SAMPLE n=24 alpha=15 par=0,1,2,3,4,5,5,5,3,9,3,11,3,3,1,15,16,17,17,15,20,21,20,23 poly=1,24,253,1556,6261,17533,35494,53226,59984,51066,32665,15408,5162,1147,148,8
SAMPLE n=24 alpha=16 par=0,1,2,3,4,5,5,5,3,9,2,2,2,1,14,15,16,16,15,15,1,21,22,1 poly=1,24,253,1557,6279,17674,36128,55061,63634,56279,38159,19719,7650,2166,425,52,3
SAMPLE n=24 alpha=16 par=0,1,2,3,4,5,5,5,3,3,3,2,1,13,14,15,16,14,18,13,13,13,13,1 poly=1,24,253,1562,6365,18310,38836,62543,77940,75937,57968,34439,15643,5253,1228,178,12
SAMPLE n=24 alpha=17 par=0,1,2,3,4,5,5,5,3,3,2,2,2,2,1,15,16,17,18,17,1,1,1,1 poly=1,24,253,1567,6441,18821,40866,67939,88234,90633,74051,48082,24606,9747,2892,606,80,5
SAMPLE n=24 alpha=16 par=0,1,2,3,4,5,5,5,3,1,10,11,12,13,11,15,16,10,18,18,18,10,10,1 poly=1,24,253,1555,6242,17387,34889,51714,57591,48670,31285,15188,5462,1402,240,24,1
SAMPLE n=24 alpha=17 par=0,1,2,3,4,5,5,5,2,9,9,9,9,1,14,15,16,1,18,1,1,1,1,1 poly=1,24,253,1571,6511,19346,43110,74116,100003,106861,90662,60836,31929,12837,3816,789,101,6
SAMPLE n=24 alpha=16 par=0,1,2,3,4,5,5,5,2,2,1,11,12,13,14,14,13,17,17,13,13,12,22,11 poly=1,24,253,1556,6262,17547,35583,53566,60846,52602,34653,17287,6432,1735,322,37,2
SAMPLE n=24 alpha=16 par=0,1,2,3,4,5,5,4,8,8,4,11,11,3,2,15,16,16,2,1,20,21,22,22 poly=1,24,253,1552,6190,17001,33269,47438,50097,39666,23731,10741,3649,911,160,18,1
SAMPLE n=24 alpha=16 par=0,1,2,3,4,5,5,4,8,8,4,11,11,3,1,15,16,17,18,18,1,21,1,1 poly=1,24,253,1554,6225,17256,34301,50047,54495,44839,28131,13513,4948,1354,264,33,2
SAMPLE n=24 alpha=15 par=0,1,2,3,4,5,5,4,8,8,4,11,11,3,1,15,16,17,18,16,20,16,15,15 poly=1,24,253,1553,6204,17071,33403,47349,49149,37573,21178,8754,2607,535,68,4
SAMPLE n=24 alpha=15 par=0,1,2,3,4,5,5,4,8,8,4,11,4,4,3,1,16,17,18,19,17,16,16,1 poly=1,24,253,1558,6283,17600,35383,51934,55995,44211,25246,10184,2791,487,48,2
SAMPLE n=24 alpha=14 par=0,1,2,3,4,5,5,4,8,8,4,11,3,13,13,3,16,2,18,1,20,21,22,21 poly=1,24,253,1551,6165,16760,32025,43530,42150,28865,13747,4407,890,98,4
SAMPLE n=24 alpha=16 par=0,1,2,3,4,5,5,4,8,8,3,3,1,13,14,15,16,14,14,1,20,21,20,20 poly=1,24,253,1553,6213,17207,34256,50314,55556,46724,30149,14924,5605,1553,300,36,2
SAMPLE n=24 alpha=14 par=0,1,2,3,4,5,5,4,8,4,4,3,2,2,1,15,16,17,18,17,17,16,22,16 poly=1,24,253,1557,6274,17586,35505,52640,57766,46804,27610,11511,3207,534,40
SAMPLE n=24 alpha=13 par=0,1,2,3,4,5,5,4,8,4,4,1,12,13,14,15,14,17,14,13,1,21,22,21 poly=1,24,253,1553,6207,17102,33497,47303,48207,35024,17624,5810,1123,96
SAMPLE n=24 alpha=15 par=0,1,2,3,4,5,5,4,8,4,4,1,12,13,14,15,12,17,17,17,12,12,1,23 poly=1,24,253,1557,6273,17576,35475,52654,58080,47725,29051,12901,4056,853,107,6
SAMPLE n=24 alpha=15 par=0,1,2,3,4,5,5,4,8,4,3,1,12,13,14,14,12,1,18,19,19,18,18,1 poly=1,24,253,1554,6224,17236,34135,49294,52410,41097,23621,9793,2839,543,61,3
SAMPLE n=24 alpha=15 par=0,1,2,3,4,5,5,4,8,4,2,2,1,13,14,15,16,15,1,19,20,21,21,21 poly=1,24,253,1552,6197,17093,33762,48846,52447,41992,24962,10841,3326,676,80,4
SAMPLE n=24 alpha=15 par=0,1,2,3,4,5,5,4,8,4,1,11,12,13,13,12,1,17,18,1,20,21,1,1 poly=1,24,253,1556,6258,17486,35183,52076,57326,47016,28507,12536,3862,785,94,5
SAMPLE n=24 alpha=14 par=0,1,2,3,4,5,5,4,8,3,10,3,2,1,14,15,16,15,18,15,20,15,15,14 poly=1,24,253,1557,6268,17498,34963,50770,53739,41135,22327,8298,1989,274,16
SAMPLE n=24 alpha=15 par=0,1,2,3,4,5,5,4,8,3,10,3,2,1,14,15,16,14,1,19,20,20,20,19 poly=1,24,253,1552,6190,16993,33166,46880,48428,36608,20114,7901,2153,386,41,2
SAMPLE n=24 alpha=15 par=0,1,2,3,4,5,5,4,8,3,3,2,12,13,13,2,16,17,1,19,20,21,21,1 poly=1,24,253,1551,6172,16864,32679,45816,47057,35628,19858,8059,2323,453,54,3
SAMPLE n=24 alpha=17 par=0,1,2,3,4,5,5,4,8,3,3,1,12,13,14,15,13,13,12,12,12,1,1,1 poly=1,24,253,1560,6325,17978,37303,58098,69284,64138,46447,26339,11616,3918,980,172,19,1
SAMPLE n=24 alpha=15 par=0,1,2,3,4,5,5,4,8,2,10,10,10,2,2,2,1,17,18,19,20,20,1,23 poly=1,24,253,1557,6272,17578,35563,53166,59568,50337,32022,15150,5188,1220,177,12
SAMPLE n=24 alpha=17 par=0,1,2,3,4,5,5,4,8,2,2,1,12,13,14,1,1,1,1,1,1,1,1,1 poly=1,24,253,1590,6782,21036,49319,89340,126606,141241,124181,85678,45884,18697,5604,1165,150,9
SAMPLE n=24 alpha=16 par=0,1,2,3,4,5,5,4,4,4,4,4,2,13,2,1,16,17,18,17,1,21,22,1 poly=1,24,253,1563,6377,18356,38826,61877,75316,70318,50175,27058,10812,3100,604,72,4
SAMPLE n=24 alpha=15 par=0,1,2,3,4,5,5,4,4,4,3,11,3,13,3,3,3,2,18,1,20,21,22,21 poly=1,24,253,1564,6373,18205,37779,58127,66952,57765,37012,17265,5654,1218,152,8
SAMPLE n=24 alpha=16 par=0,1,2,3,4,5,5,4,4,3,10,11,3,3,3,3,3,1,18,19,20,18,22,23 poly=1,24,253,1566,6413,18537,39319,62626,75763,69757,48585,25241,9552,2534,442,45,2
SAMPLE n=24 alpha=16 par=0,1,2,3,4,5,5,4,4,1,10,11,12,13,13,10,10,10,1,19,20,19,19,19 poly=1,24,253,1558,6300,17853,36962,57472,68281,62511,44108,23787,9623,2825,568,70,4
SAMPLE n=24 alpha=15 par=0,1,2,3,4,5,5,4,4,1,10,11,12,13,11,15,11,17,11,10,20,21,10,10 poly=1,24,253,1556,6252,17402,34692,50482,54124,42839,24906,10493,3118,620,74,4
SAMPLE n=24 alpha=14 par=0,1,2,3,4,5,5,4,3,9,10,9,3,1,14,15,16,17,16,16,15,1,22,23 poly=1,24,253,1551,6174,16879,32685,45543,45875,33225,17024,5990,1376,188,12
SAMPLE n=24 alpha=15 par=0,1,2,3,4,5,5,4,3,9,10,3,12,3,3,2,2,2,1,19,20,21,20,23 poly=1,24,253,1559,6297,17702,35860,53420,59120,48686,29611,13045,4008,800,90,4
SAMPLE n=24 alpha=15 par=0,1,2,3,4,5,5,4,3,9,10,3,12,3,2,2,2,1,18,19,20,19,1,1 poly=1,24,253,1558,6283,17619,35586,52868,58438,48241,29631,13372,4320,950,128,8
SAMPLE n=24 alpha=14 par=0,1,2,3,4,5,5,4,3,9,1,11,12,13,14,13,16,11,18,19,19,11,22,22 poly=1,24,253,1549,6140,16636,31723,43202,42196,29402,14373,4762,999,115,5
SAMPLE n=24 alpha=15 par=0,1,2,3,4,5,5,4,3,2,10,11,11,11,11,10,1,17,18,19,20,18,22,22 poly=1,24,253,1553,6213,17201,34170,49806,53903,43392,25736,10983,3226,601,60,2
SAMPLE n=24 alpha=14 par=0,1,2,3,4,5,5,4,3,2,10,11,11,11,10,1,16,17,18,19,18,17,22,16 poly=1,24,253,1551,6176,16909,32874,46207,47314,35227,18825,7016,1725,250,16
SAMPLE n=24 alpha=15 par=0,1,2,3,4,5,5,4,3,1,10,11,12,13,13,11,16,11,11,11,10,21,1,23 poly=1,24,253,1556,6258,17492,35258,52462,58419,48923,30669,14159,4660,1030,136,8
SAMPLE n=24 alpha=15 par=0,1,2,3,4,5,5,4,2,9,10,1,12,13,14,14,12,1,18,19,20,20,18,1 poly=1,24,253,1550,6158,16779,32375,45081,45784,34056,18513,7274,2013,372,41,2
SAMPLE n=24 alpha=15 par=0,1,2,3,4,5,5,4,2,9,9,9,1,13,14,15,15,1,18,19,18,18,1,1 poly=1,24,253,1556,6260,17524,35460,53153,59893,51039,32793,15663,5398,1269,182,12
SAMPLE n=24 alpha=16 par=0,1,2,3,4,5,5,4,2,9,9,1,12,13,14,15,12,17,18,18,18,18,12,12 poly=1,24,253,1556,6270,17670,36369,56345,66974,61602,43771,23737,9591,2773,536,61,3
SAMPLE n=24 alpha=14 par=0,1,2,3,4,5,5,3,8,9,8,1,12,13,14,15,15,13,12,1,20,21,22,23 poly=1,24,253,1547,6108,16422,30938,41458,39750,27216,13154,4368,942,117,6
SAMPLE n=24 alpha=16 par=0,1,2,3,4,5,5,3,8,9,3,11,3,1,14,15,16,16,14,19,19,14,1,1 poly=1,24,253,1555,6243,17400,34968,52006,58303,49856,32669,16338,6143,1684,318,37,2
SAMPLE n=24 alpha=16 par=0,1,2,3,4,5,5,3,8,9,3,3,3,1,14,15,16,15,14,1,20,20,20,20 poly=1,24,253,1560,6334,18105,38049,60529,74224,70790,52551,30131,13102,4180,923,126,8
SAMPLE n=24 alpha=14 par=0,1,2,3,4,5,5,3,8,8,8,2,12,13,13,1,16,17,18,16,20,1,22,1 poly=1,24,253,1551,6175,16905,32910,46512,48278,36899,20596,8200,2216,366,28
SAMPLE n=24 alpha=15 par=0,1,2,3,4,5,5,3,8,8,3,2,1,13,14,15,16,15,15,13,20,21,20,23 poly=1,24,253,1551,6176,16911,32901,46355,47760,36057,19828,7815,2140,385,41,2
SAMPLE n=24 alpha=16 par=0,1,2,3,4,5,5,3,8,8,2,11,12,12,11,15,2,1,18,19,20,20,18,18 poly=1,24,253,1552,6195,17077,33755,49164,53895,45154,29131,14444,5430,1503,290,35,2
SAMPLE n=24 alpha=14 par=0,1,2,3,4,5,5,3,8,3,10,3,2,1,14,15,16,14,18,14,20,1,1,1 poly=1,24,253,1557,6268,17515,35156,51705,56273,45365,26836,11370,3283,582,48
SAMPLE n=24 alpha=14 par=0,1,2,3,4,5,5,3,8,3,10,2,12,2,1,15,16,17,18,16,16,16,15,1 poly=1,24,253,1555,6239,17334,34510,50229,53984,42876,24911,10317,2890,491,38
SAMPLE n=24 alpha=13 par=0,1,2,3,4,5,5,3,8,3,10,2,12,2,1,15,16,17,16,15,20,15,1,1 poly=1,24,253,1554,6216,17126,33489,47144,47891,34788,17646,5956,1208,112
SAMPLE n=24 alpha=16 par=0,1,2,3,4,5,5,3,8,3,3,3,3,3,2,15,1,17,18,19,18,21,17,1 poly=1,24,253,1566,6417,18587,39595,63516,77632,72457,51346,27254,10579,2881,511,51,2
SAMPLE n=24 alpha=16 par=0,1,2,3,4,5,5,3,8,3,3,1,12,13,14,15,14,14,14,13,12,1,1,1 poly=1,24,253,1561,6351,18223,38507,61693,76372,73827,55875,32914,14846,4970,1167,172,12
SAMPLE n=24 alpha=14 par=0,1,2,3,4,5,5,3,8,3,2,11,11,1,14,15,16,17,16,1,20,21,22,22 poly=1,24,253,1549,6142,16672,31985,44229,44614,33001,17839,6923,1846,306,24
SAMPLE n=24 alpha=15 par=0,1,2,3,4,5,5,3,8,3,1,11,12,13,14,14,1,17,18,19,17,21,21,17 poly=1,24,253,1550,6159,16792,32450,45334,46324,34797,19166,7639,2138,396,43,2
SAMPLE n=24 alpha=13 par=0,1,2,3,4,5,5,3,8,2,10,11,10,2,2,1,16,17,18,17,20,1,22,1 poly=1,24,253,1553,6200,17021,33111,46307,46683,33615,16869,5609,1111,99
SAMPLE n=24 alpha=17 par=0,1,2,3,4,5,5,3,3,3,3,1,12,13,14,15,13,17,1,19,19,1,1,1 poly=1,24,253,1563,6384,18471,39619,64970,83041,83523,66205,41125,19765,7191,1911,349,39,2
SAMPLE n=24 alpha=14 par=0,1,2,3,4,5,5,3,3,3,1,11,12,13,14,13,12,17,18,17,12,21,12,23 poly=1,24,253,1555,6239,17334,34520,50321,54333,43584,25747,10906,3135,548,44
SAMPLE n=24 alpha=15 par=0,1,2,3,4,5,5,3,3,3,1,11,12,13,14,13,11,1,18,19,20,1,22,1 poly=1,24,253,1555,6245,17430,35145,52551,59255,50756,32909,15885,5522,1303,186,12
SAMPLE n=24 alpha=14 par=0,1,2,3,4,5,5,3,3,2,10,11,10,2,14,2,16,2,1,19,20,21,19,23 poly=1,24,253,1556,6245,17314,34210,48971,51122,38872,21331,8267,2158,340,24
SAMPLE n=24 alpha=15 par=0,1,2,3,4,5,5,3,2,9,10,11,9,13,9,9,9,2,1,19,20,21,20,23 poly=1,24,253,1556,6253,17421,34820,50925,55018,43931,25687,10761,3101,570,57,2
SAMPLE n=24 alpha=13 par=0,1,2,3,4,5,5,3,2,9,10,11,9,13,2,1,16,17,18,19,16,21,22,1 poly=1,24,253,1548,6119,16459,30918,40991,38334,25016,11126,3220,549,42
SAMPLE n=24 alpha=16 par=0,1,2,3,4,5,5,3,2,9,2,2,2,2,1,15,16,17,18,15,20,20,20,15 poly=1,24,253,1563,6376,18347,38793,61828,75379,70757,51115,28208,11702,3544,743,97,6
SAMPLE n=24 alpha=15 par=0,1,2,3,4,5,5,3,2,9,2,1,12,13,14,15,13,17,13,13,1,21,1,1 poly=1,24,253,1557,6274,17601,35679,53506,60210,51151,32721,15550,5334,1251,180,12
SAMPLE n=24 alpha=14 par=0,1,2,3,4,5,5,3,1,9,10,11,12,11,14,11,16,11,10,9,20,21,20,1 poly=1,24,253,1552,6188,16960,32939,46031,46524,33933,17715,6514,1626,250,18
SAMPLE n=24 alpha=13 par=0,1,2,3,4,5,5,3,1,9,10,11,12,9,14,15,14,9,1,19,20,21,1,23 poly=1,24,253,1549,6136,16584,31440,42358,40677,27684,13132,4182,817,75
SAMPLE n=24 alpha=13 par=0,1,2,3,4,5,5,2,8,9,10,10,2,13,14,15,2,1,18,19,20,1,22,23 poly=1,24,253,1549,6138,16615,31633,42983,41811,28833,13724,4273,780,63
SAMPLE n=24 alpha=15 par=0,1,2,3,4,5,5,2,8,9,9,9,8,13,13,13,1,17,18,19,20,19,18,17 poly=1,24,253,1552,6197,17101,33868,49417,54105,44912,28278,13339,4574,1075,154,10
SAMPLE n=24 alpha=15 par=0,1,2,3,4,5,5,2,8,9,2,2,2,1,14,15,16,17,1,19,20,1,22,1 poly=1,24,253,1557,6265,17486,35041,51463,55984,45186,26842,11509,3441,676,78,4
SAMPLE n=24 alpha=13 par=0,1,2,3,4,5,5,2,8,8,1,11,12,13,14,13,16,12,18,11,1,21,22,21 poly=1,24,253,1548,6121,16485,31059,41408,39074,25835,11696,3464,608,48
SAMPLE n=24 alpha=14 par=0,1,2,3,4,5,5,2,8,2,1,11,12,13,12,15,11,17,18,17,11,21,22,11 poly=1,24,253,1552,6186,16940,32866,45918,46478,33975,17688,6368,1498,205,12
SAMPLE n=24 alpha=14 par=0,1,2,3,4,5,5,1,8,9,10,11,9,13,8,1,16,17,17,17,16,1,22,1 poly=1,24,253,1553,6205,17092,33540,47765,49784,37949,20921,8127,2114,332,24
SAMPLE n=24 alpha=13 par=0,1,2,3,4,5,4,7,4,9,4,3,2,13,13,2,2,1,18,19,20,21,20,1 poly=1,24,253,1556,6251,17381,34508,49625,51739,38622,20039,6825,1361,119
SAMPLE n=24 alpha=14 par=0,1,2,3,4,5,4,7,4,4,2,11,12,11,1,15,16,17,15,19,19,19,15,23 poly=1,24,253,1554,6225,17248,34192,49422,52504,40908,23053,9112,2380,364,24
SAMPLE n=24 alpha=13 par=0,1,2,3,4,5,4,7,4,3,10,1,12,13,14,15,14,13,18,19,13,21,13,1 poly=1,24,253,1552,6186,16929,32746,45366,45074,31796,15540,5013,964,84
SAMPLE n=24 alpha=13 par=0,1,2,3,4,5,4,7,4,3,10,1,12,13,14,15,1,17,18,19,19,18,1,23 poly=1,24,253,1549,6138,16603,31493,42318,40135,26375,11560,3151,468,28
SAMPLE n=24 alpha=14 par=0,1,2,3,4,5,4,7,4,3,2,11,2,2,2,1,16,17,18,16,20,1,22,22 poly=1,24,253,1557,6268,17519,35187,51787,56319,45164,26339,10841,2977,488,36
SAMPLE n=24 alpha=16 par=0,1,2,3,4,5,4,7,4,2,2,2,2,2,2,2,1,17,18,19,18,17,22,1 poly=1,24,253,1574,6550,19544,43559,74170,97468,98999,77297,45794,20109,6289,1307,158,8
SAMPLE n=24 alpha=16 par=0,1,2,3,4,5,4,7,4,2,2,2,2,2,1,15,16,17,18,17,16,1,1,1 poly=1,24,253,1566,6424,18687,40222,65847,83381,82327,63374,37710,17024,5640,1293,183,12
SAMPLE n=24 alpha=15 par=0,1,2,3,4,5,4,7,4,2,2,2,2,2,1,15,16,17,18,1,20,21,22,22 poly=1,24,253,1560,6328,18022,37534,58625,69552,62787,42777,21597,7828,1927,289,20
SAMPLE n=24 alpha=14 par=0,1,2,3,4,5,4,7,3,9,10,9,3,13,14,3,2,17,17,17,1,21,22,23 poly=1,24,253,1552,6183,16904,32686,45432,45709,33248,17282,6235,1471,202,12
SAMPLE n=24 alpha=15 par=0,1,2,3,4,5,4,7,3,3,3,1,12,13,14,15,14,12,1,19,20,20,19,1 poly=1,24,253,1554,6226,17270,34370,50175,54412,43999,26358,11468,3488,694,80,4
SAMPLE n=24 alpha=13 par=0,1,2,3,4,5,4,7,2,9,10,11,10,10,1,15,16,17,18,17,17,16,22,16 poly=1,24,253,1551,6175,16891,32743,45690,46072,33307,16868,5701,1160,108
SAMPLE n=24 alpha=16 par=0,1,2,3,4,5,4,4,4,4,4,4,3,3,1,15,16,17,18,16,15,21,22,21 poly=1,24,253,1567,6436,18727,40157,64940,80108,75557,54201,29199,11565,3258,619,72,4
SAMPLE n=24 alpha=16 par=0,1,2,3,4,5,4,4,4,4,3,2,12,12,2,1,16,17,18,16,20,20,16,16 poly=1,24,253,1562,6362,18256,38438,60920,73766,68667,49059,26638,10777,3139,620,74,4
SAMPLE n=24 alpha=16 par=0,1,2,3,4,5,4,4,4,4,1,11,12,13,12,12,11,17,1,19,20,20,20,1 poly=1,24,253,1560,6336,18124,38113,60607,74158,70434,51990,29626,12817,4079,902,124,8
SAMPLE n=24 alpha=16 par=0,1,2,3,4,5,4,4,4,3,1,11,12,13,12,12,11,17,17,17,1,21,22,1 poly=1,24,253,1557,6280,17687,36210,55380,64464,57772,40039,21376,8660,2580,533,68,4
SAMPLE n=24 alpha=16 par=0,1,2,3,4,5,4,4,4,3,1,11,12,13,12,12,11,17,17,1,20,21,21,1 poly=1,24,253,1556,6263,17562,35682,53950,61835,54388,36949,19379,7764,2313,485,64,4
SAMPLE n=24 alpha=14 par=0,1,2,3,4,5,4,4,3,9,10,1,12,13,14,12,1,17,18,18,1,21,1,23 poly=1,24,253,1552,6186,16936,32820,45698,45905,33078,16807,5818,1284,158,8
SAMPLE n=24 alpha=15 par=0,1,2,3,4,5,4,4,3,9,3,1,12,13,14,15,14,14,13,1,20,1,1,1 poly=1,24,253,1560,6329,18020,37449,58178,68412,61052,41050,20410,7250,1732,248,16
SAMPLE n=24 alpha=14 par=0,1,2,3,4,5,4,4,2,9,10,10,9,1,14,15,16,17,16,1,20,21,21,1 poly=1,24,253,1551,6178,16944,33116,47094,49263,37965,21360,8566,2331,388,30
SAMPLE n=24 alpha=14 par=0,1,2,3,4,5,4,3,8,9,8,3,2,13,13,2,2,1,18,19,20,21,1,1 poly=1,24,253,1555,6231,17230,33918,48287,49928,37259,19704,7134,1664,223,13
SAMPLE n=24 alpha=13 par=0,1,2,3,4,5,4,3,8,9,3,11,12,1,14,15,16,17,14,1,20,21,22,1 poly=1,24,253,1548,6119,16457,30895,40878,38027,24521,10654,2968,483,36
SAMPLE n=24 alpha=13 par=0,1,2,3,4,5,4,3,8,9,3,11,11,1,14,15,16,17,14,1,20,21,20,20 poly=1,24,253,1550,6154,16716,31962,43587,42454,29234,13877,4319,795,66
SAMPLE n=24 alpha=15 par=0,1,2,3,4,5,4,3,8,8,3,11,3,1,14,15,16,17,15,1,20,20,20,1 poly=1,24,253,1555,6239,17335,34518,50266,54122,43254,25592,11097,3450,735,97,6
SAMPLE n=24 alpha=14 par=0,1,2,3,4,5,4,3,8,8,2,11,12,13,1,15,16,17,18,16,16,15,22,23 poly=1,24,253,1548,6122,16501,31171,41847,40118,27387,13150,4320,919,113,6
SAMPLE n=24 alpha=14 par=0,1,2,3,4,5,4,3,8,3,10,2,12,12,12,12,1,17,18,19,1,21,22,23 poly=1,24,253,1552,6189,16987,33168,46966,48634,36667,19669,7127,1572,165,2
SAMPLE n=24 alpha=15 par=0,1,2,3,4,5,4,3,3,3,1,11,12,13,14,1,16,17,18,16,16,1,22,1 poly=1,24,253,1556,6256,17463,35077,51825,57016,46882,28650,12791,4038,851,107,6
SAMPLE n=24 alpha=14 par=0,1,2,3,4,5,4,3,3,2,1,11,12,13,14,1,16,17,18,16,20,20,16,16 poly=1,24,253,1553,6204,17072,33391,47185,48438,35972,19043,6980,1679,238,15
SAMPLE n=24 alpha=14 par=0,1,2,3,4,5,4,3,2,9,10,1,12,13,14,12,16,16,12,19,19,12,1,23 poly=1,24,253,1552,6182,16880,32490,44621,43750,30318,14525,4629,920,102,5
SAMPLE n=24 alpha=14 par=0,1,2,3,4,5,4,3,2,9,9,9,2,13,13,2,1,17,18,19,20,19,17,23 poly=1,24,253,1554,6219,17174,33805,48286,50423,38416,21076,8088,2051,306,20
SAMPLE n=24 alpha=15 par=0,1,2,3,4,5,4,3,2,9,9,1,12,13,14,15,13,13,1,19,20,21,20,1 poly=1,24,253,1551,6176,16919,33000,46872,49258,38720,22863,10067,3221,709,96,6
SAMPLE n=24 alpha=13 par=0,1,2,3,4,5,4,3,2,9,1,11,12,13,14,13,11,1,18,19,20,18,22,18 poly=1,24,253,1549,6137,16593,31461,42316,40366,27001,12354,3689,652,52
SAMPLE n=24 alpha=16 par=0,1,2,3,4,5,4,2,8,9,8,8,2,2,2,2,2,1,18,19,20,18,1,23 poly=1,24,253,1567,6425,18606,39582,63375,77383,72354,51603,27754,11037,3144,608,72,4
SAMPLE n=24 alpha=13 par=0,1,2,3,4,5,4,2,8,9,8,1,12,13,14,15,1,17,18,19,19,17,22,22 poly=1,24,253,1547,6106,16394,30770,40887,38527,25488,11531,3378,572,42
SAMPLE n=24 alpha=16 par=0,1,2,3,4,5,4,2,8,8,2,1,12,13,14,12,16,17,12,1,20,20,20,20 poly=1,24,253,1555,6244,17422,35130,52604,59591,51600,34210,17241,6495,1774,332,38,2
SAMPLE n=24 alpha=15 par=0,1,2,3,4,5,4,1,8,9,10,11,8,13,14,14,14,8,1,19,20,20,20,19 poly=1,24,253,1552,6197,17100,33847,49269,53590,43875,26964,12246,3972,862,110,6
SAMPLE n=24 alpha=14 par=0,1,2,3,4,5,3,7,7,7,2,1,12,13,14,15,12,1,18,19,20,18,22,18 poly=1,24,253,1550,6156,16750,32204,44538,44735,32714,17296,6467,1631,251,18
SAMPLE n=24 alpha=13 par=0,1,2,3,4,5,3,7,7,7,2,1,12,13,14,15,12,1,18,19,20,1,22,1 poly=1,24,253,1552,6186,16938,32840,45778,46063,33216,16784,5659,1145,105
SAMPLE n=24 alpha=14 par=0,1,2,3,4,5,3,7,7,3,2,1,12,13,14,12,16,12,18,12,20,12,12,1 poly=1,24,253,1561,6327,17877,36370,54130,59152,47113,26819,10523,2670,388,24
SAMPLE n=24 alpha=14 par=0,1,2,3,4,5,3,7,3,9,1,11,12,13,14,12,16,12,11,19,20,19,19,19 poly=1,24,253,1553,6206,17098,33536,47643,49341,37118,19971,7440,1808,256,16
SAMPLE n=24 alpha=16 par=0,1,2,3,4,5,3,7,3,3,3,3,3,1,14,15,16,14,1,19,20,21,19,1 poly=1,24,253,1566,6421,18634,39823,64116,78566,73305,51688,27123,10327,2739,473,47,2
SAMPLE n=24 alpha=15 par=0,1,2,3,4,5,3,7,1,9,10,11,12,10,10,1,16,17,18,19,17,1,22,22 poly=1,24,253,1549,6141,16657,31892,43920,44014,32301,17360,6768,1868,347,39,2
SAMPLE n=24 alpha=14 par=0,1,2,3,4,5,3,7,1,9,10,11,12,10,9,9,1,17,18,19,17,21,21,1 poly=1,24,253,1550,6153,16706,31925,43539,42518,29554,14380,4742,998,119,6
SAMPLE n=24 alpha=13 par=0,1,2,3,4,5,3,7,1,9,10,11,12,9,14,15,14,17,9,1,20,1,22,1 poly=1,24,253,1551,6164,16742,31886,42937,40627,26438,11353,2992,424,24
SAMPLE n=24 alpha=14 par=0,1,2,3,4,5,3,3,2,9,2,1,12,13,14,15,12,17,18,18,18,17,12,23 poly=1,24,253,1553,6207,17116,33666,48145,50509,38860,21685,8551,2264,363,27
SAMPLE n=24 alpha=14 par=0,1,2,3,4,5,3,2,1,9,10,11,12,1,14,15,16,16,15,15,14,21,14,14 poly=1,24,253,1553,6202,17047,33255,46758,47578,34810,17978,6329,1427,183,10
SAMPLE n=24 alpha=15 par=0,1,2,3,4,5,3,1,8,9,10,1,12,13,13,13,12,17,17,12,1,21,22,22 poly=1,24,253,1552,6189,16991,33225,47310,49795,39094,22939,9979,3146,685,93,6
SAMPLE n=24 alpha=15 par=0,1,2,3,4,5,2,7,8,8,8,8,8,1,14,15,16,17,1,19,20,21,19,1 poly=1,24,253,1555,6248,17467,35320,52920,59424,49945,30988,13818,4240,832,91,4
SAMPLE n=24 alpha=14 par=0,1,2,3,4,5,2,2,2,1,10,11,12,13,1,15,16,17,18,1,20,21,1,23 poly=1,24,253,1552,6181,16875,32506,44803,44336,31284,15417,5088,1046,119,6
SAMPLE n=24 alpha=17 par=0,1,2,3,4,4,4,4,4,4,3,11,11,3,2,15,16,16,2,2,1,21,22,1 poly=1,24,253,1567,6441,18823,40871,67842,87549,88541,70262,43547,20842,7546,1995,362,40,2
SAMPLE n=24 alpha=17 par=0,1,2,3,4,4,4,4,4,4,3,3,3,3,2,1,16,17,18,16,20,21,1,1 poly=1,24,253,1570,6487,19124,42026,70841,93234,96655,78999,50558,24950,9249,2468,441,46,2
SAMPLE n=24 alpha=17 par=0,1,2,3,4,4,4,4,4,4,3,2,2,2,1,15,16,17,17,15,20,20,20,1 poly=1,24,253,1568,6471,19112,42305,72257,96886,102880,86698,57756,30096,12032,3571,743,97,6
SAMPLE n=24 alpha=17 par=0,1,2,3,4,4,4,4,4,3,10,10,1,13,14,15,1,17,17,17,17,17,1,1 poly=1,24,253,1568,6468,19070,42081,71637,95883,101932,86306,57954,30497,12308,3676,765,99,6
SAMPLE n=24 alpha=17 par=0,1,2,3,4,4,4,4,4,3,10,2,12,1,14,15,15,15,15,14,14,14,14,1 poly=1,24,253,1569,6481,19134,42237,71819,95874,101552,85649,57328,30121,12166,3645,762,99,6
SAMPLE n=24 alpha=17 par=0,1,2,3,4,4,4,4,4,3,10,2,1,13,14,13,13,13,13,1,20,21,20,20 poly=1,24,253,1566,6435,18833,41080,68819,90219,93479,76743,49696,25086,9670,2753,547,68,4
SAMPLE n=24 alpha=18 par=0,1,2,3,4,4,4,4,4,3,3,3,3,1,14,15,16,16,16,1,20,20,20,1 poly=1,24,253,1569,6485,19200,42675,73509,100244,109663,96854,69074,39542,17937,6308,1660,308,36,2
SAMPLE n=24 alpha=16 par=0,1,2,3,4,4,4,4,4,3,3,3,2,1,14,15,15,14,1,19,20,19,1,23 poly=1,24,253,1563,6373,18304,38550,61083,73938,68806,49098,26523,10570,2970,543,55,2
SAMPLE n=24 alpha=15 par=0,1,2,3,4,4,4,4,4,3,2,11,12,12,1,15,16,17,1,19,20,20,19,1 poly=1,24,253,1558,6298,17824,36778,56777,66527,59419,40234,20320,7420,1852,283,20
SAMPLE n=24 alpha=18 par=0,1,2,3,4,4,4,4,4,3,2,1,12,13,14,14,14,13,18,12,12,12,12,12 poly=1,24,253,1571,6522,19486,43939,77123,107415,119992,107947,78072,45064,20476,7161,1859,337,38,2
SAMPLE n=24 alpha=18 par=0,1,2,3,4,4,4,4,4,2,10,10,10,10,2,15,1,17,18,19,19,19,19,19 poly=1,24,253,1569,6499,19385,43714,76887,107519,120823,109524,79915,46554,21327,7499,1948,351,39,2
SAMPLE n=24 alpha=18 par=0,1,2,3,4,4,4,4,3,3,3,2,12,1,14,15,16,16,16,16,15,15,15,1 poly=1,24,253,1566,6432,18786,40800,67949,88670,92004,76570,51267,27530,11735,3892,970,171,19,1
SAMPLE n=24 alpha=14 par=0,1,2,3,4,4,4,4,3,2,10,2,12,1,14,15,16,14,18,19,1,21,22,23 poly=1,24,253,1552,6189,16982,33111,46695,47940,35637,18787,6736,1529,195,11
SAMPLE n=24 alpha=16 par=0,1,2,3,4,4,4,4,2,9,10,2,12,1,14,15,16,15,15,15,14,21,14,14 poly=1,24,253,1561,6347,18169,38198,60674,74154,70402,51989,29645,12828,4081,902,124,8
SAMPLE n=24 alpha=15 par=0,1,2,3,4,4,4,4,2,9,10,2,1,13,14,15,14,17,14,14,13,21,22,1 poly=1,24,253,1557,6280,17685,36178,55168,63674,55923,37180,18390,6548,1585,234,16
SAMPLE n=24 alpha=16 par=0,1,2,3,4,4,4,3,8,8,8,3,3,3,1,15,16,17,17,16,15,21,22,15 poly=1,24,253,1561,6339,18053,37486,58192,68622,62020,43060,22851,9134,2671,541,68,4
SAMPLE n=24 alpha=16 par=0,1,2,3,4,4,4,3,8,8,8,1,12,13,14,14,14,12,1,19,19,1,22,1 poly=1,24,253,1558,6298,17826,36816,57057,67605,61900,43922,24014,9952,3028,638,83,5
SAMPLE n=24 alpha=15 par=0,1,2,3,4,4,4,3,8,3,2,11,2,13,1,15,16,17,17,17,16,16,16,15 poly=1,24,253,1559,6307,17825,36526,55524,63447,54795,35681,17311,6097,1482,224,16
SAMPLE n=24 alpha=15 par=0,1,2,3,4,4,4,3,8,1,10,11,12,11,14,10,16,16,10,10,1,21,22,1 poly=1,24,253,1555,6236,17296,34304,49602,52806,41468,23861,9883,2849,539,60,3
SAMPLE n=24 alpha=16 par=0,1,2,3,4,4,4,3,8,1,10,11,12,11,11,11,10,17,10,10,10,1,1,1 poly=1,24,253,1566,6418,18605,39751,64302,80113,77599,58565,34250,15288,5058,1175,172,12
SAMPLE n=24 alpha=17 par=0,1,2,3,4,4,4,3,3,1,10,11,12,12,12,11,10,17,17,17,17,17,10,1 poly=1,24,253,1564,6401,18584,40015,65812,84248,84831,67429,42191,20583,7688,2131,415,51,3
SAMPLE n=24 alpha=15 par=0,1,2,3,4,4,4,3,3,1,10,11,12,10,14,1,16,17,16,19,16,16,1,1 poly=1,24,253,1559,6304,17792,36363,55050,62553,53658,34698,16743,5888,1438,220,16
SAMPLE n=24 alpha=15 par=0,1,2,3,4,4,4,3,2,9,10,10,10,2,14,1,16,17,16,1,20,20,20,1 poly=1,24,253,1557,6277,17652,36027,54799,63182,55681,37478,19041,7106,1847,300,23
SAMPLE n=24 alpha=16 par=0,1,2,3,4,4,4,3,2,9,9,9,2,2,1,15,16,17,16,19,16,16,15,15 poly=1,24,253,1562,6360,18230,38304,60571,73317,68592,49752,27863,11888,3760,837,118,8
SAMPLE n=24 alpha=16 par=0,1,2,3,4,4,4,3,2,1,10,11,12,12,11,15,10,1,18,19,1,1,1,1 poly=1,24,253,1563,6371,18280,38406,60543,72602,66584,46598,24635,9644,2701,510,58,3
SAMPLE n=24 alpha=16 par=0,1,2,3,4,4,4,2,8,9,8,11,8,8,2,15,2,2,1,19,20,20,19,19 poly=1,24,253,1563,6372,18303,38605,61462,75207,71450,52823,30189,13104,4179,923,126,8
SAMPLE n=24 alpha=16 par=0,1,2,3,4,4,4,2,8,2,1,11,12,13,13,12,11,11,1,19,19,19,1,23 poly=1,24,253,1557,6275,17627,35906,54521,62939,55943,38486,20423,8242,2455,510,66,4
SAMPLE n=24 alpha=15 par=0,1,2,3,4,4,4,2,1,9,10,11,10,13,10,10,10,9,18,18,9,1,22,23 poly=1,24,253,1559,6306,17825,36584,55853,64337,56231,37170,18321,6533,1591,236,16
SAMPLE n=24 alpha=15 par=0,1,2,3,4,4,4,1,8,9,10,9,9,9,8,15,16,8,18,19,1,21,21,1 poly=1,24,253,1556,6257,17483,35223,52371,58218,48562,30201,13743,4412,935,115,6
SAMPLE n=24 alpha=18 par=0,1,2,3,4,4,4,1,8,9,1,11,11,11,11,11,1,17,17,17,1,1,1,1 poly=1,24,253,1577,6587,19777,44635,78028,107777,119066,105809,75629,43222,19502,6799,1768,323,37,2
SAMPLE n=24 alpha=15 par=0,1,2,3,4,4,3,7,7,2,10,10,2,13,13,1,16,17,18,16,20,21,16,1 poly=1,24,253,1552,6186,16945,32934,46303,47664,36165,20222,8243,2385,465,55,3
SAMPLE n=24 alpha=17 par=0,1,2,3,4,4,3,7,7,2,2,2,1,13,14,14,1,17,1,19,1,1,1,1 poly=1,24,253,1571,6489,19057,41472,68724,88320,89072,70940,44646,22066,8433,2419,493,64,4
SAMPLE n=24 alpha=14 par=0,1,2,3,4,4,3,7,3,9,3,11,3,3,2,1,16,17,17,16,20,1,22,1 poly=1,24,253,1562,6340,17950,36604,54610,59831,47827,27420,10933,2875,450,32
SAMPLE n=24 alpha=16 par=0,1,2,3,4,4,3,7,3,9,2,11,11,1,14,15,14,14,14,14,14,1,1,1 poly=1,24,253,1567,6434,18712,40153,65258,81638,79267,59795,34800,15359,4977,1117,155,10
SAMPLE n=24 alpha=15 par=0,1,2,3,4,4,3,7,3,3,3,2,12,1,14,15,14,14,14,1,20,1,22,1 poly=1,24,253,1564,6381,18300,38285,59722,70256,62484,41750,20606,7274,1732,248,16
SAMPLE n=24 alpha=17 par=0,1,2,3,4,4,3,3,3,2,2,2,2,1,14,15,15,1,18,18,18,1,22,1 poly=1,24,253,1567,6430,18674,40009,65008,81591,79992,61560,37137,17416,6240,1656,308,36,2
SAMPLE n=24 alpha=16 par=0,1,2,3,4,4,3,3,2,9,10,9,9,9,9,9,1,17,18,19,19,1,22,1 poly=1,24,253,1564,6395,18509,39582,64256,80392,77964,58480,33594,14500,4551,981,130,8
SAMPLE n=24 alpha=15 par=0,1,2,3,4,4,3,2,8,8,8,2,12,12,12,1,16,17,18,16,1,21,22,23 poly=1,24,253,1553,6205,17105,33698,48562,51984,41651,24926,10976,3441,722,90,5
SAMPLE n=24 alpha=15 par=0,1,2,3,4,4,3,2,8,8,2,1,12,13,14,12,12,1,18,19,19,1,22,22 poly=1,24,253,1554,6220,17197,33996,49107,52522,41835,24754,10737,3317,691,87,5
SAMPLE n=24 alpha=14 par=0,1,2,3,4,4,3,2,8,1,10,11,10,13,1,15,16,15,1,19,20,19,1,1 poly=1,24,253,1556,6242,17274,33976,48173,49360,36250,18693,6518,1438,177,9
SAMPLE n=24 alpha=17 par=0,1,2,3,4,4,3,2,8,1,10,11,10,10,10,10,1,17,17,17,17,1,1,1 poly=1,24,253,1569,6463,18915,41033,67843,87041,87556,69311,43050,20752,7597,2033,372,41,2
SAMPLE n=24 alpha=13 par=0,1,2,3,4,4,3,2,1,9,10,11,11,1,14,15,16,15,1,19,20,21,19,23 poly=1,24,253,1549,6138,16611,31587,42774,41328,28216,13275,4090,742,60
SAMPLE n=24 alpha=15 par=0,1,2,3,4,4,2,7,8,7,7,2,12,12,12,2,16,1,18,19,18,21,1,1 poly=1,24,253,1557,6263,17463,34936,51232,55791,45379,27495,12235,3877,825,105,6
SAMPLE n=24 alpha=14 par=0,1,2,3,4,4,2,7,8,7,2,1,12,13,14,13,13,12,12,1,20,21,20,23 poly=1,24,253,1553,6205,17091,33531,47737,49763,38026,21143,8385,2270,380,30
SAMPLE n=24 alpha=15 par=0,1,2,3,4,4,2,7,8,2,10,2,2,1,14,15,14,17,1,19,20,19,22,1 poly=1,24,253,1556,6246,17332,34337,49446,52180,40353,22667,9056,2473,431,43,2
SAMPLE n=24 alpha=15 par=0,1,2,3,4,4,2,7,2,2,1,11,12,11,14,11,11,11,1,19,20,1,22,1 poly=1,24,253,1563,6360,18139,37625,58047,67433,59221,39148,19202,6788,1636,240,16
SAMPLE n=24 alpha=13 par=0,1,2,3,4,4,2,7,1,9,10,11,11,1,14,15,16,1,18,19,18,21,18,1 poly=1,24,253,1552,6184,16915,32728,45472,45537,32613,16318,5429,1082,98
SAMPLE n=24 alpha=14 par=0,1,2,3,4,4,1,7,8,9,8,11,7,13,14,13,13,7,18,19,1,21,22,23 poly=1,24,253,1549,6134,16557,31283,41838,39586,26171,11749,3392,571,48,2
SAMPLE n=24 alpha=17 par=0,1,2,3,4,3,6,3,3,3,3,3,3,3,3,2,1,17,18,1,20,20,1,1 poly=1,24,253,1593,6828,21332,50442,92202,131788,148050,130680,90103,47927,19250,5637,1134,140,8
SAMPLE n=24 alpha=14 par=0,1,2,3,4,3,6,2,8,9,2,11,2,13,1,15,16,17,16,16,16,15,22,15 poly=1,24,253,1556,6250,17369,34466,49617,52048,39544,21374,7942,1908,264,16
SAMPLE n=24 alpha=15 par=0,1,2,3,4,3,3,3,3,2,10,11,1,13,14,15,14,13,13,13,13,1,22,23 poly=1,24,253,1563,6376,18343,38756,61661,74871,69633,49305,26120,10013,2616,415,30
SAMPLE n=24 alpha=13 par=0,1,2,3,4,3,2,7,1,9,10,11,10,9,1,15,16,16,15,19,15,21,15,23 poly=1,24,253,1552,6180,16847,32255,43696,41550,27043,11464,2880,349,10
SAMPLE n=24 alpha=16 par=0,1,2,3,3,3,3,3,3,3,3,1,12,13,12,15,1,17,1,19,1,21,1,23 poly=1,24,253,1579,6634,20139,46015,80870,110303,116833,95567,59621,27733,9257,2076,276,16
SAMPLE n=24 alpha=17 par=0,1,2,3,3,3,3,2,8,2,1,11,12,12,12,12,11,11,1,19,20,20,19,19 poly=1,24,253,1563,6381,18418,39240,63507,79562,78025,60169,36417,17146,6169,1644,307,36,2
SAMPLE n=24 alpha=17 par=0,1,2,3,3,3,1,7,8,8,1,11,12,11,11,11,11,11,1,19,20,1,22,22 poly=1,24,253,1566,6419,18638,40024,65402,82787,81987,63748,38814,18330,6590,1746,322,37,2
SAMPLE n=24 alpha=15 par=0,1,2,3,3,2,6,6,2,2,2,2,1,13,14,13,16,13,18,1,20,21,1,23 poly=1,24,253,1563,6354,18051,37067,56021,62735,51889,31267,13358,3858,692,65,2
TOP5 rank=0 n=24 alpha=22 k=11 q=15 num=79441872228 den=497665346116 par=0,1,2,2,2,2,2,2,2,2,2,2,2,1,1,1,1,1,1,1,1,1,1,1 poly=1,24,253,1650,7645,26994,75537,171468,320430,497750,646756,705454,646648,497420,319770,170544,74613,26334,7315,1540,231,22,1
TOP5 rank=1 n=24 alpha=21 k=10 q=14 num=20919959424 den=128681473284 par=0,1,2,2,2,2,2,2,2,1,10,10,10,10,10,10,10,1,1,1,1,1,1,1 poly=1,24,253,1610,7098,23387,60305,125310,213793,302940,358722,355719,295022,203763,116322,54267,20349,5985,1330,210,21,1
TOP5 rank=2 n=24 alpha=21 k=10 q=14 num=21149753743 den=129916272721 par=0,1,2,2,2,2,2,2,2,1,10,10,10,10,10,10,1,1,1,1,1,1,1,1 poly=1,24,253,1612,7118,23486,60626,126060,215101,304663,360439,357006,295737,204049,116400,54280,20350,5985,1330,210,21,1
TOP5 rank=3 n=24 alpha=21 k=10 q=14 num=20822284172 den=127760494096 par=0,1,2,3,3,3,3,3,3,3,3,2,2,2,2,2,2,1,18,18,18,18,18,18 poly=1,24,253,1604,7042,23142,59640,124064,212099,301231,357436,355004,294736,203685,116309,54266,20349,5985,1330,210,21,1
TOP5 rank=4 n=24 alpha=21 k=10 q=14 num=21052513236 den=128990159104 par=0,1,2,3,3,3,3,3,3,3,3,2,2,2,2,2,2,2,1,19,19,19,19,19 poly=1,24,253,1606,7061,23235,59946,124794,213392,302948,359152,356291,295451,203971,116387,54279,20350,5985,1330,210,21,1
TOP5 rank=5 n=24 alpha=21 k=10 q=14 num=21052869527 den=128990159104 par=0,1,2,3,3,3,3,3,3,3,3,2,2,2,2,2,1,17,17,17,17,17,17,17 poly=1,24,253,1604,7050,23210,59916,124774,213385,302947,359152,356291,295451,203971,116387,54279,20350,5985,1330,210,21,1
TOP5 rank=6 n=24 alpha=21 k=10 q=14 num=21054645261 den=128989440801 par=0,1,2,3,3,3,3,3,3,3,1,11,11,11,11,11,11,1,1,1,1,1,1,1 poly=1,24,253,1604,7048,23199,59891,124744,213365,302940,359151,356291,295451,203971,116387,54279,20350,5985,1330,210,21,1
TOP5 rank=7 n=24 alpha=21 k=10 q=14 num=21491578616 den=131610053961 par=0,1,2,3,3,3,3,3,3,3,3,3,1,13,13,13,13,13,13,1,1,1,1,1 poly=1,24,253,1606,7085,23439,60752,126759,216691,306965,362781,358733,296661,204400,116490,54294,20351,5985,1330,210,21,1
TOP5 rank=8 n=24 alpha=21 k=10 q=14 num=20815927305 den=127406877481 par=0,1,2,3,3,3,3,3,3,3,3,1,12,13,13,13,13,13,13,1,1,1,1,1 poly=1,24,253,1598,6986,22932,59150,123273,211175,300439,356941,354784,294670,203673,116308,54266,20349,5985,1330,210,21,1
TOP5 rank=9 n=24 alpha=21 k=10 q=14 num=20728653803 den=126841397904 par=0,1,2,2,2,2,2,2,2,1,10,10,10,10,10,10,10,1,18,18,18,18,18,18 poly=1,24,253,1598,6978,22870,58925,122763,210369,299509,356148,354289,294450,203607,116296,54265,20349,5985,1330,210,21,1
TOP5 rank=10 n=24 alpha=21 k=10 q=14 num=21045854573 den=128634843649 par=0,1,2,3,3,3,3,3,3,3,3,1,12,13,13,13,13,13,13,13,1,1,1,1 poly=1,24,253,1599,7001,23019,59452,124002,212468,302156,358657,356071,295385,203959,116386,54279,20350,5985,1330,210,21,1
TOP5 rank=11 n=24 alpha=21 k=10 q=14 num=21963075241 den=134239433769 par=0,1,2,2,2,2,2,2,2,1,10,10,10,10,10,1,1,1,1,1,1,1,1,1 poly=1,24,253,1616,7165,23749,61552,128341,219238,310334,366387,361792,298674,205402,116854,54385,20365,5986,1330,210,21,1
TOP4 rank=0 n=24 alpha=22 k=11 q=15 num=79441872228 den=497665346116 par=0,1,2,2,2,2,2,2,2,2,2,2,2,1,1,1,1,1,1,1,1,1,1,1 poly=1,24,253,1650,7645,26994,75537,171468,320430,497750,646756,705454,646648,497420,319770,170544,74613,26334,7315,1540,231,22,1
TOP4 rank=1 n=24 alpha=21 k=10 q=14 num=20919959424 den=128681473284 par=0,1,2,2,2,2,2,2,2,1,10,10,10,10,10,10,10,1,1,1,1,1,1,1 poly=1,24,253,1610,7098,23387,60305,125310,213793,302940,358722,355719,295022,203763,116322,54267,20349,5985,1330,210,21,1
TOP4 rank=2 n=24 alpha=21 k=10 q=14 num=21149753743 den=129916272721 par=0,1,2,2,2,2,2,2,2,1,10,10,10,10,10,10,1,1,1,1,1,1,1,1 poly=1,24,253,1612,7118,23486,60626,126060,215101,304663,360439,357006,295737,204049,116400,54280,20350,5985,1330,210,21,1
TOP4 rank=3 n=24 alpha=21 k=10 q=14 num=20822284172 den=127760494096 par=0,1,2,3,3,3,3,3,3,3,3,2,2,2,2,2,2,1,18,18,18,18,18,18 poly=1,24,253,1604,7042,23142,59640,124064,212099,301231,357436,355004,294736,203685,116309,54266,20349,5985,1330,210,21,1
TOP4 rank=4 n=24 alpha=21 k=10 q=14 num=21052513236 den=128990159104 par=0,1,2,3,3,3,3,3,3,3,3,2,2,2,2,2,2,2,1,19,19,19,19,19 poly=1,24,253,1606,7061,23235,59946,124794,213392,302948,359152,356291,295451,203971,116387,54279,20350,5985,1330,210,21,1
TOP4 rank=5 n=24 alpha=21 k=10 q=14 num=21052869527 den=128990159104 par=0,1,2,3,3,3,3,3,3,3,3,2,2,2,2,2,1,17,17,17,17,17,17,17 poly=1,24,253,1604,7050,23210,59916,124774,213385,302947,359152,356291,295451,203971,116387,54279,20350,5985,1330,210,21,1
TOP4 rank=6 n=24 alpha=21 k=10 q=14 num=21054645261 den=128989440801 par=0,1,2,3,3,3,3,3,3,3,1,11,11,11,11,11,11,1,1,1,1,1,1,1 poly=1,24,253,1604,7048,23199,59891,124744,213365,302940,359151,356291,295451,203971,116387,54279,20350,5985,1330,210,21,1
TOP4 rank=7 n=24 alpha=21 k=10 q=14 num=21491578616 den=131610053961 par=0,1,2,3,3,3,3,3,3,3,3,3,1,13,13,13,13,13,13,1,1,1,1,1 poly=1,24,253,1606,7085,23439,60752,126759,216691,306965,362781,358733,296661,204400,116490,54294,20351,5985,1330,210,21,1
TOP4 rank=8 n=24 alpha=21 k=10 q=14 num=20815927305 den=127406877481 par=0,1,2,3,3,3,3,3,3,3,3,1,12,13,13,13,13,13,13,1,1,1,1,1 poly=1,24,253,1598,6986,22932,59150,123273,211175,300439,356941,354784,294670,203673,116308,54266,20349,5985,1330,210,21,1
TOP4 rank=9 n=24 alpha=21 k=10 q=14 num=20728653803 den=126841397904 par=0,1,2,2,2,2,2,2,2,1,10,10,10,10,10,10,10,1,18,18,18,18,18,18 poly=1,24,253,1598,6978,22870,58925,122763,210369,299509,356148,354289,294450,203607,116296,54265,20349,5985,1330,210,21,1
TOP4 rank=10 n=24 alpha=21 k=10 q=14 num=21045854573 den=128634843649 par=0,1,2,3,3,3,3,3,3,3,3,1,12,13,13,13,13,13,13,13,1,1,1,1 poly=1,24,253,1599,7001,23019,59452,124002,212468,302156,358657,356071,295385,203959,116386,54279,20350,5985,1330,210,21,1
TOP4 rank=11 n=24 alpha=21 k=10 q=14 num=21963075241 den=134239433769 par=0,1,2,2,2,2,2,2,2,1,10,10,10,10,10,1,1,1,1,1,1,1,1,1 poly=1,24,253,1616,7165,23749,61552,128341,219238,310334,366387,361792,298674,205402,116854,54385,20365,5986,1330,210,21,1
VDMIN_FLOAT n=24 value=0.688835356761 k=9 alpha=13 q=9 lambda=2.43372593721 V=1.7203883003 delta=0.400395280904 par=0,1,2,3,4,3,6,3,8,3,10,2,12,13,12,15,1,17,18,19,1,21,1,23 poly=1,24,253,1551,6161,16695,31573,41781,38031,22789,8188,1409,43,1
PERK n=24 alpha=22 k=5 q=15 num=151195671 den=728676036 par=0,1,2,2,2,2,2,2,2,2,2,2,2,1,1,1,1,1,1,1,1,1,1,1
PERK n=24 alpha=22 k=6 q=15 num=1077231177 den=5705838369 par=0,1,2,2,2,2,2,2,2,2,2,2,2,1,1,1,1,1,1,1,1,1,1,1
PERK n=24 alpha=22 k=7 q=15 num=5196954114 den=29401275024 par=0,1,2,2,2,2,2,2,2,2,2,2,2,1,1,1,1,1,1,1,1,1,1,1
PERK n=24 alpha=22 k=8 q=15 num=17327187900 den=102675384900 par=0,1,2,2,2,2,2,2,2,2,2,2,2,1,1,1,1,1,1,1,1,1,1,1
PERK n=24 alpha=22 k=9 q=15 num=40515037420 den=247755062500 par=0,1,2,2,2,2,2,2,2,2,2,2,2,1,1,1,1,1,1,1,1,1,1,1
PERK n=24 alpha=22 k=10 q=15 num=67153595036 den=418293323536 par=0,1,2,2,2,2,2,2,2,2,2,2,2,1,1,1,1,1,1,1,1,1,1,1
PERK n=24 alpha=22 k=11 q=15 num=79441872228 den=497665346116 par=0,1,2,2,2,2,2,2,2,2,2,2,2,1,1,1,1,1,1,1,1,1,1,1
PERK n=24 alpha=22 k=12 q=15 num=67246707224 den=418153635904 par=0,1,2,2,2,2,2,2,2,2,2,2,2,1,1,1,1,1,1,1,1,1,1,1
PERK n=24 alpha=22 k=13 q=15 num=40648025440 den=247426656400 par=0,1,2,2,2,2,2,2,2,2,2,2,2,1,1,1,1,1,1,1,1,1,1,1
PERK n=24 alpha=22 k=14 q=15 num=17420856420 den=102252852900 par=0,1,2,2,2,2,2,2,2,2,2,2,2,1,1,1,1,1,1,1,1,1,1,1
PERK n=24 alpha=22 k=15 q=15 num=5226256926 den=29085255936 par=0,1,2,2,2,2,2,2,2,2,2,2,2,1,1,1,1,1,1,1,1,1,1,1
PERALPHA n=24 alpha=12 k=6 q=8 num=397174156 den=1447498116 par=0,1,2,3,4,5,4,1,8,9,10,1,12,1,14,1,16,1,18,1,20,1,22,1
PERALPHA n=24 alpha=13 k=7 q=9 num=1072136857 den=4196577961 par=0,1,2,3,4,3,6,3,8,3,10,3,3,3,1,15,16,15,18,15,20,15,22,15
PERALPHA n=24 alpha=14 k=7 q=9 num=1233006544 den=5188032784 par=0,1,2,3,3,3,3,3,1,9,1,11,1,13,1,15,1,17,1,19,1,21,1,23
PERALPHA n=24 alpha=15 k=8 q=10 num=1643715247 den=7341233761 par=0,1,2,3,4,3,6,3,8,3,10,1,12,13,14,13,16,13,13,13,1,1,1,1
PERALPHA n=24 alpha=16 k=8 q=11 num=2095458953 den=9980209801 par=0,1,2,3,2,5,2,7,2,9,2,1,12,13,12,12,12,12,1,19,19,19,19,19
PERALPHA n=24 alpha=17 k=9 q=11 num=1928686062 den=9816251929 par=0,1,2,3,4,5,5,5,5,3,3,3,1,13,14,15,14,17,14,19,14,1,1,1
PERALPHA n=24 alpha=18 k=10 q=12 num=1247468610 den=6748786801 par=0,1,2,3,4,4,4,3,8,8,8,2,2,2,1,15,16,15,15,15,1,21,21,21
PERALPHA n=24 alpha=19 k=10 q=13 num=2100374152 den=12109681936 par=0,1,2,2,2,2,1,7,7,7,7,1,12,12,12,12,1,17,17,17,1,21,21,21
PERALPHA n=24 alpha=20 k=10 q=13 num=6394628913 den=38388173041 par=0,1,2,2,2,2,2,1,8,8,8,8,8,1,14,14,14,14,14,1,20,20,20,20
PERALPHA n=24 alpha=21 k=10 q=14 num=20919959424 den=128681473284 par=0,1,2,2,2,2,2,2,2,1,10,10,10,10,10,10,10,1,1,1,1,1,1,1
PERALPHA n=24 alpha=22 k=11 q=15 num=79441872228 den=497665346116 par=0,1,2,2,2,2,2,2,2,2,2,2,2,1,1,1,1,1,1,1,1,1,1,1
TOPQ n=24 alpha=22 k=15 q=15 num=5226256926 den=29085255936 par=0,1,2,2,2,2,2,2,2,2,2,2,2,1,1,1,1,1,1,1,1,1,1,1
NEWTON n=24 alpha=18 k=12 q=12 num=8708150815 den=9263840659 par=0,1,2,3,4,4,4,2,2,1,10,11,12,12,12,10,1,17,17,17,1,21,21,21
NEWTONFAIL_DIST n=24 q_minus_k=0 trees=58088
NEWTONFAIL_DIST n=24 q_minus_k=1 trees=19029
NEWTONFAIL_DIST n=24 q_minus_k=2 trees=6849
NEWTONFAIL_DIST n=24 q_minus_k=3 trees=3031
NEWTONFAIL_DIST n=24 q_minus_k=4 trees=1494
NEWTONFAIL_DIST n=24 q_minus_k=5 trees=731
NEWTONFAIL_DIST n=24 q_minus_k=6 trees=275
NEWTONFAIL_DIST n=24 q_minus_k=7 trees=102
NEWTONFAIL_DIST n=24 q_minus_k=8 trees=40
NEWTONFAIL_DIST n=24 q_minus_k=9 trees=12
NEWTONFAIL_DIST n=24 q_minus_k=10 trees=1
VDBIN_FLOAT n=24 bin_lo=0 value=0.688835356761 k=9 alpha=13 q=9 lambda=2.43372593721 V=1.7203883003 delta=0.400395280904 par=0,1,2,3,4,3,6,3,8,3,10,2,12,13,12,15,1,17,18,19,1,21,1,23
VDBIN_FLOAT n=24 bin_lo=2 value=0.726402868934 k=9 alpha=13 q=9 lambda=2.04642186759 V=2.00436479631 delta=0.362410510438 par=0,1,2,3,4,3,6,3,8,3,10,1,12,13,14,12,1,17,1,19,1,21,1,23
VDBIN_FLOAT n=24 bin_lo=4 value=0.81962423955 k=12 alpha=18 q=12 lambda=2.14862732898 V=4.17606951793 delta=0.196266905048 par=0,1,2,3,4,4,4,2,2,1,10,11,12,12,12,10,1,17,17,17,1,21,21,21
STATS n=24 trees=7955655 viol5=0 viol4=0 zero5=0 zero4=0 nonunimodal=0 sampled=393 newton_fail_trees=89652
