SAMPLE n=24 alpha=13 par=0,1,2,3,4,5,6,7,8,9,5,11,5,13,1,15,16,17,18,19,20,21,1,1 poly=1,24,253,1546,6089,16265,30203,39322,35755,22353,9314,2435,350,20
SAMPLE n=24 alpha=15 par=0,1,2,3,4,5,6,7,8,8,8,7,12,12,6,2,1,17,18,19,20,21,22,20 poly=1,24,253,1548,6127,16577,31658,43579,43904,32720,18103,7376,2160,432,53,3
SAMPLE n=24 alpha=13 par=0,1,2,3,4,5,6,7,8,8,8,7,5,13,1,15,16,17,18,19,20,21,17,23 poly=1,24,253,1546,6091,16295,30388,39931,36921,23685,10215,2785,423,26
SAMPLE n=24 alpha=14 par=0,1,2,3,4,5,6,7,8,8,8,2,12,12,1,15,16,17,18,19,20,1,22,23 poly=1,24,253,1546,6092,16315,30548,40605,38569,26120,12420,3999,813,91,4
SAMPLE n=24 alpha=13 par=0,1,2,3,4,5,6,7,8,8,7,5,2,13,2,15,2,1,18,19,20,21,22,23 poly=1,24,253,1549,6140,16632,31668,42895,41282,27804,12676,3675,600,41
SAMPLE n=24 alpha=14 par=0,1,2,3,4,5,6,7,8,8,5,3,1,13,14,15,16,17,18,17,20,1,22,22 poly=1,24,253,1546,6092,16312,30510,40413,38065,25363,11738,3623,687,67,2
SAMPLE n=24 alpha=12 par=0,1,2,3,4,5,6,7,8,7,10,3,2,13,1,15,16,17,18,19,20,17,22,17 poly=1,24,253,1546,6088,16247,30072,38813,34584,20696,7881,1715,162
SAMPLE n=24 alpha=14 par=0,1,2,3,4,5,6,7,8,6,10,10,4,1,14,15,16,17,18,19,17,14,1,1 poly=1,24,253,1548,6126,16556,31481,42783,41779,29181,14335,4786,1019,122,6
SAMPLE n=24 alpha=13 par=0,1,2,3,4,5,6,7,8,5,4,3,12,2,2,1,16,17,18,19,20,21,22,17 poly=1,24,253,1547,6106,16391,30736,40732,38156,24974,11103,3167,516,36
SAMPLE n=24 alpha=15 par=0,1,2,3,4,5,6,7,7,7,7,5,3,13,2,1,16,17,18,19,20,16,22,22 poly=1,24,253,1551,6182,17003,33491,48437,52240,42221,25370,11082,3375,665,73,3
SAMPLE n=24 alpha=14 par=0,1,2,3,4,5,6,7,7,7,5,11,5,13,1,15,16,17,18,19,16,21,22,1 poly=1,24,253,1548,6126,16560,31534,43068,42594,30539,15695,5612,1323,186,12
SAMPLE n=24 alpha=15 par=0,1,2,3,4,5,6,7,7,7,5,4,12,3,1,15,16,17,18,19,20,19,17,17 poly=1,24,253,1550,6164,16865,32900,46878,49607,39360,23427,10343,3296,718,96,6
SAMPLE n=24 alpha=14 par=0,1,2,3,4,5,6,7,7,7,5,2,1,13,14,15,16,17,14,19,14,21,1,23 poly=1,24,253,1549,6143,16680,31994,44122,44091,31852,16350,5707,1228,128,2
SAMPLE n=24 alpha=14 par=0,1,2,3,4,5,6,7,7,6,10,5,4,2,14,1,16,17,18,19,20,19,19,18 poly=1,24,253,1549,6141,16645,31745,43173,41944,28849,13750,4370,866,94,4
SAMPLE n=24 alpha=14 par=0,1,2,3,4,5,6,7,7,6,5,11,12,1,14,15,16,17,18,16,16,14,22,14 poly=1,24,253,1549,6143,16681,32010,44223,44432,32545,17244,6448,1611,240,16
SAMPLE n=24 alpha=13 par=0,1,2,3,4,5,6,7,7,6,5,5,4,3,14,15,1,17,18,19,20,21,20,23 poly=1,24,253,1548,6122,16496,31103,41473,39027,25532,11247,3141,493,32
SAMPLE n=24 alpha=14 par=0,1,2,3,4,5,6,7,7,6,5,5,4,3,1,15,16,17,18,19,20,20,16,15 poly=1,24,253,1550,6160,16801,32466,45239,45787,33586,17624,6432,1547,220,14
SAMPLE n=24 alpha=14 par=0,1,2,3,4,5,6,7,7,6,5,1,12,13,14,15,16,13,13,12,20,1,22,22 poly=1,24,253,1549,6141,16651,31819,43543,42929,30383,15191,5179,1123,134,6
SAMPLE n=24 alpha=14 par=0,1,2,3,4,5,6,7,7,6,4,3,12,3,14,3,3,1,18,19,20,21,22,22 poly=1,24,253,1554,6222,17208,33956,48620,50789,38518,20866,7819,1909,269,16
SAMPLE n=24 alpha=14 par=0,1,2,3,4,5,6,7,7,6,1,11,12,13,14,15,15,12,18,19,20,1,22,22 poly=1,24,253,1546,6092,16312,30507,40379,37916,25037,11352,3369,596,51,1
SAMPLE n=24 alpha=14 par=0,1,2,3,4,5,6,7,7,6,1,11,12,13,14,15,14,13,18,18,12,1,22,1 poly=1,24,253,1549,6142,16664,31890,43768,43412,31140,16053,5849,1449,222,16
SAMPLE n=24 alpha=13 par=0,1,2,3,4,5,6,7,7,5,10,11,10,4,14,4,1,17,18,19,20,21,21,1 poly=1,24,253,1548,6125,16545,31432,42662,41578,28917,14046,4545,885,79
SAMPLE n=24 alpha=15 par=0,1,2,3,4,5,6,7,7,5,10,4,12,12,1,15,16,17,18,19,15,15,15,1 poly=1,24,253,1551,6177,16927,33008,46743,48600,37192,20804,8349,2321,420,44,2
SAMPLE n=24 alpha=16 par=0,1,2,3,4,5,6,7,7,5,5,4,1,13,14,15,16,17,17,14,14,14,14,1 poly=1,24,253,1557,6287,17788,36816,57389,68604,63453,45465,25084,10497,3237,697,94,6
SAMPLE n=24 alpha=15 par=0,1,2,3,4,5,6,7,7,5,4,11,11,2,1,15,16,17,18,19,18,21,15,15 poly=1,24,253,1549,6145,16712,32210,44936,46003,34807,19436,7896,2257,425,46,2
SAMPLE n=24 alpha=13 par=0,1,2,3,4,5,6,7,7,4,3,11,12,12,11,3,1,17,18,19,20,21,22,17 poly=1,24,253,1548,6124,16529,31325,42274,40742,27804,13121,4075,750,62
SAMPLE n=24 alpha=13 par=0,1,2,3,4,5,6,7,7,4,3,2,12,1,14,15,16,17,18,19,18,21,17,23 poly=1,24,253,1546,6088,16249,30098,38947,34941,21230,8336,1930,215,6
SAMPLE n=24 alpha=14 par=0,1,2,3,4,5,6,7,7,3,10,11,12,12,2,1,16,17,18,19,20,19,19,17 poly=1,24,253,1548,6129,16603,31787,43874,44152,32500,17382,6611,1706,270,20
SAMPLE n=24 alpha=14 par=0,1,2,3,4,5,6,7,7,2,1,11,12,13,14,15,13,11,18,11,1,21,22,1 poly=1,24,253,1549,6138,16611,31594,42847,41636,28905,14170,4784,1058,138,8
SAMPLE n=24 alpha=13 par=0,1,2,3,4,5,6,7,6,9,6,6,2,13,1,15,16,17,18,19,18,15,15,1 poly=1,24,253,1552,6193,17026,33299,47085,48307,35628,18410,6325,1297,120
SAMPLE n=24 alpha=14 par=0,1,2,3,4,5,6,7,6,9,4,11,12,13,1,15,16,17,18,19,17,17,17,15 poly=1,24,253,1549,6144,16697,32115,44593,45199,33504,17958,6754,1685,251,17
SAMPLE n=24 alpha=13 par=0,1,2,3,4,5,6,7,6,9,4,11,3,13,2,1,16,17,18,19,20,21,17,16 poly=1,24,253,1546,6087,16235,30015,38678,34432,20679,8038,1894,242,12
SAMPLE n=24 alpha=13 par=0,1,2,3,4,5,6,7,6,9,4,11,2,13,2,2,1,17,18,19,20,21,22,18 poly=1,24,253,1549,6141,16649,31785,43323,42197,28983,13580,4060,675,44
SAMPLE n=24 alpha=15 par=0,1,2,3,4,5,6,7,6,9,4,4,1,13,14,15,16,17,18,16,16,16,14,13 poly=1,24,253,1552,6198,17109,33875,49292,53511,43592,26517,11828,3731,779,95,5
SAMPLE n=24 alpha=15 par=0,1,2,3,4,5,6,7,6,6,6,6,5,3,3,1,16,17,18,19,20,18,16,23 poly=1,24,253,1556,6264,17569,35664,53633,60501,51364,32640,15285,5118,1159,159,10
SAMPLE n=24 alpha=14 par=0,1,2,3,4,5,6,7,6,6,4,11,12,13,4,2,1,17,18,19,20,21,19,18 poly=1,24,253,1549,6144,16697,32113,44577,45157,33479,18022,6869,1754,267,18
SAMPLE n=24 alpha=13 par=0,1,2,3,4,5,6,7,6,5,10,11,4,3,14,1,16,17,18,19,20,18,22,18 poly=1,24,253,1547,6104,16357,30503,39881,36326,22573,9186,2272,295,14
SAMPLE n=24 alpha=13 par=0,1,2,3,4,5,6,7,6,5,10,11,2,2,1,15,16,17,18,19,20,18,22,16 poly=1,24,253,1547,6108,16418,30888,41198,39007,25927,11754,3427,570,40
SAMPLE n=24 alpha=13 par=0,1,2,3,4,5,6,7,6,5,10,10,3,13,2,15,1,17,18,19,20,21,19,23 poly=1,24,253,1546,6087,16235,30017,38697,34497,20776,8089,1878,220,8
SAMPLE n=24 alpha=13 par=0,1,2,3,4,5,6,7,6,5,5,4,12,12,2,1,16,17,18,19,20,1,22,23 poly=1,24,253,1548,6122,16499,31142,41678,39596,26442,12105,3608,628,48
SAMPLE n=24 alpha=13 par=0,1,2,3,4,5,6,7,6,5,3,11,2,1,14,15,16,17,18,15,15,1,22,22 poly=1,24,253,1549,6142,16665,31896,43756,43233,30549,15074,4932,960,84
SAMPLE n=24 alpha=15 par=0,1,2,3,4,5,6,7,6,4,2,1,12,13,14,15,16,17,12,19,19,1,1,1 poly=1,24,253,1551,6175,16902,32876,46357,47908,36396,20210,8069,2245,411,44,2
SAMPLE n=24 alpha=13 par=0,1,2,3,4,5,6,7,6,3,10,11,3,3,1,15,16,17,18,19,20,18,22,17 poly=1,24,253,1549,6141,16649,31792,43393,42477,29565,14266,4525,845,70
SAMPLE n=24 alpha=15 par=0,1,2,3,4,5,6,7,5,9,9,9,5,3,2,1,16,17,18,19,20,18,17,1 poly=1,24,253,1551,6176,16910,32890,46306,47642,35888,19683,7747,2129,388,42,2
SAMPLE n=24 alpha=15 par=0,1,2,3,4,5,6,7,5,9,9,5,1,13,14,15,16,17,15,15,14,13,22,1 poly=1,24,253,1550,6157,16756,32192,44345,44053,31503,16076,5760,1412,227,22,1
SAMPLE n=24 alpha=13 par=0,1,2,3,4,5,6,7,5,9,3,11,11,1,14,15,16,17,18,19,14,21,14,14 poly=1,24,253,1549,6141,16648,31776,43297,42191,29097,13832,4301,786,64
SAMPLE n=24 alpha=13 par=0,1,2,3,4,5,6,7,5,4,10,11,12,4,3,2,1,17,18,19,20,21,19,1 poly=1,24,253,1548,6121,16483,31032,41257,38621,25043,10874,2972,454,29
SAMPLE n=24 alpha=16 par=0,1,2,3,4,5,6,7,5,4,10,10,4,2,2,2,2,2,1,19,20,21,22,23 poly=1,24,253,1560,6330,18045,37644,58905,69944,63049,42769,21456,7739,1919,304,27,1
SAMPLE n=24 alpha=14 par=0,1,2,3,4,5,6,7,5,4,10,3,2,13,2,1,16,17,18,19,20,21,19,16 poly=1,24,253,1548,6122,16498,31130,41624,39484,26352,12146,3740,727,81,4
SAMPLE n=24 alpha=14 par=0,1,2,3,4,5,6,7,5,3,1,11,12,13,14,15,16,13,18,19,19,18,22,12 poly=1,24,253,1546,6089,16269,30257,39618,36617,23821,10833,3393,704,88,5
SAMPLE n=24 alpha=14 par=0,1,2,3,4,5,6,7,2,1,10,11,12,13,14,15,1,17,18,19,19,19,19,19 poly=1,24,253,1552,6199,17123,33939,49359,53156,42184,24190,9666,2531,387,26
SAMPLE n=24 alpha=16 par=0,1,2,3,4,5,6,6,6,6,6,6,4,1,14,15,16,17,18,18,17,21,16,23 poly=1,24,253,1559,6319,18002,37601,59113,70849,64853,45066,23473,8965,2419,432,45,2
SAMPLE n=24 alpha=15 par=0,1,2,3,4,5,6,6,6,6,6,6,3,1,14,15,16,17,18,14,20,21,21,20 poly=1,24,253,1559,6320,18012,37624,59037,70334,63576,43160,21562,7654,1816,256,16
SAMPLE n=24 alpha=16 par=0,1,2,3,4,5,6,6,6,6,6,6,3,1,14,15,16,17,18,1,20,21,1,1 poly=1,24,253,1562,6372,18400,39306,63845,80014,77775,58521,33767,14657,4626,1000,132,8
SAMPLE n=24 alpha=15 par=0,1,2,3,4,5,6,6,6,6,5,11,11,5,14,4,2,1,18,19,20,21,20,19 poly=1,24,253,1554,6225,17259,34329,50135,54552,44521,27179,12241,3959,877,121,8
SAMPLE n=24 alpha=16 par=0,1,2,3,4,5,6,6,6,6,5,11,11,5,5,3,1,17,18,19,20,19,22,18 poly=1,24,253,1556,6258,17490,35238,52387,58297,48896,30896,14582,5049,1244,207,21,1
SAMPLE n=24 alpha=14 par=0,1,2,3,4,5,6,6,6,6,5,11,5,2,14,15,16,17,1,19,20,21,22,23 poly=1,24,253,1550,6158,16775,32326,44823,45006,32563,16629,5725,1216,134,5
SAMPLE n=24 alpha=15 par=0,1,2,3,4,5,6,6,6,6,5,11,4,3,1,15,16,17,18,17,20,17,15,1 poly=1,24,253,1554,6230,17323,34666,51095,56183,46220,28208,12484,3841,764,86,4
SAMPLE n=24 alpha=15 par=0,1,2,3,4,5,6,6,6,6,5,4,1,13,14,15,16,16,15,19,14,1,22,23 poly=1,24,253,1552,6196,17078,33676,48590,51983,41417,24446,10522,3212,663,84,5
SAMPLE n=24 alpha=16 par=0,1,2,3,4,5,6,6,6,6,5,3,1,13,14,15,16,17,17,17,16,16,14,13 poly=1,24,253,1556,6269,17641,36110,55221,64151,57097,38973,20264,7898,2240,438,53,3
SAMPLE n=24 alpha=15 par=0,1,2,3,4,5,6,6,6,6,5,2,12,1,14,15,16,17,18,15,15,14,14,14 poly=1,24,253,1557,6282,17709,36299,55519,64363,56936,38337,19387,7154,1823,287,21
SAMPLE n=24 alpha=14 par=0,1,2,3,4,5,6,6,6,6,4,11,12,11,14,2,16,1,18,19,20,21,20,23 poly=1,24,253,1550,6162,16832,32664,45923,47189,35328,18899,6934,1630,219,13
SAMPLE n=24 alpha=15 par=0,1,2,3,4,5,6,6,6,6,4,3,2,13,14,1,16,17,18,19,19,18,18,1 poly=1,24,253,1554,6234,17383,35042,52406,59039,50358,32333,15344,5200,1185,162,10
SAMPLE n=24 alpha=14 par=0,1,2,3,4,5,6,6,6,6,4,2,12,1,14,15,16,17,14,19,20,19,22,19 poly=1,24,253,1552,6197,17094,33779,48940,52675,42219,24915,10514,3003,522,42
SAMPLE n=24 alpha=15 par=0,1,2,3,4,5,6,6,6,6,3,11,3,13,3,1,16,17,18,19,20,20,19,1 poly=1,24,253,1555,6250,17489,35418,53182,59983,50963,32374,15081,4972,1090,141,8
SAMPLE n=24 alpha=14 par=0,1,2,3,4,5,6,6,6,6,3,2,12,1,14,15,16,17,17,16,1,21,22,23 poly=1,24,253,1551,6181,16984,33341,47792,50561,39427,22309,8854,2318,356,24
SAMPLE n=24 alpha=16 par=0,1,2,3,4,5,6,6,6,5,10,10,5,1,14,15,16,17,16,16,16,16,16,15 poly=1,24,253,1563,6379,18374,38891,61996,75417,70293,49987,26769,10532,2916,526,53,2
SAMPLE n=24 alpha=15 par=0,1,2,3,4,5,6,6,6,5,10,5,4,13,4,4,2,2,1,19,20,21,22,22 poly=1,24,253,1556,6260,17525,35483,53319,60477,52233,34341,16990,6156,1549,243,18
SAMPLE n=24 alpha=14 par=0,1,2,3,4,5,6,6,6,5,10,3,12,1,14,15,16,17,14,14,14,1,22,1 poly=1,24,253,1554,6226,17268,34348,50064,54084,43385,25602,10839,3127,552,45
SAMPLE n=24 alpha=15 par=0,1,2,3,4,5,6,6,6,5,10,2,1,13,14,15,16,16,1,19,1,21,1,1 poly=1,24,253,1556,6257,17468,35057,51613,56318,45639,27296,11845,3606,723,84,4
SAMPLE n=24 alpha=15 par=0,1,2,3,4,5,6,6,6,5,10,2,1,13,14,15,16,1,18,18,18,1,22,1 poly=1,24,253,1554,6222,17211,34009,48955,51868,40547,23233,9570,2724,497,50,2
SAMPLE n=24 alpha=16 par=0,1,2,3,4,5,6,6,6,5,5,3,12,12,12,3,1,17,18,19,20,19,19,17 poly=1,24,253,1556,6267,17615,35971,54822,63478,56434,38668,20346,8114,2387,492,64,4
SAMPLE n=24 alpha=15 par=0,1,2,3,4,5,6,6,6,5,4,11,4,13,4,3,1,17,18,19,20,20,18,1 poly=1,24,253,1554,6225,17257,34300,49975,54108,43840,26596,11990,3937,901,130,9
SAMPLE n=24 alpha=14 par=0,1,2,3,4,5,6,6,6,5,4,3,2,1,14,15,16,17,18,18,16,21,15,1 poly=1,24,253,1551,6178,16939,33064,46874,48755,37239,20674,8126,2143,339,24
SAMPLE n=24 alpha=16 par=0,1,2,3,4,5,6,6,6,5,4,2,12,12,1,15,16,17,18,18,15,15,15,15 poly=1,24,253,1558,6304,17909,37290,58531,70401,65338,46727,25502,10411,3069,614,74,4
SAMPLE n=24 alpha=15 par=0,1,2,3,4,5,6,6,6,5,3,11,12,2,1,15,16,17,18,19,19,16,1,1 poly=1,24,253,1551,6180,16972,33288,47706,50656,40084,23560,10135,3092,630,76,4
SAMPLE n=24 alpha=15 par=0,1,2,3,4,5,6,6,6,5,3,1,12,13,14,15,14,17,14,14,14,13,22,1 poly=1,24,253,1557,6278,17649,35916,54139,61214,52117,33256,15677,5310,1229,176,12
SAMPLE n=24 alpha=15 par=0,1,2,3,4,5,6,6,6,5,2,11,11,1,14,15,16,17,17,1,20,21,22,1 poly=1,24,253,1550,6161,16820,32613,45853,47332,36063,20232,8256,2387,465,55,3
SAMPLE n=24 alpha=15 par=0,1,2,3,4,5,6,6,6,5,2,11,1,13,14,15,16,17,16,19,15,15,13,1 poly=1,24,253,1551,6177,16922,32949,46467,47916,36183,19858,7760,2071,348,31,1
SAMPLE n=24 alpha=15 par=0,1,2,3,4,5,6,6,6,5,1,11,12,13,14,14,13,13,13,12,11,21,1,23 poly=1,24,253,1554,6227,17277,34368,50023,53803,42792,24938,10419,2995,549,55,2
SAMPLE n=24 alpha=15 par=0,1,2,3,4,5,6,6,6,5,1,11,12,13,14,12,16,16,12,12,1,21,1,23 poly=1,24,253,1554,6227,17279,34394,50164,54226,43574,25875,11161,3381,676,79,4
SAMPLE n=24 alpha=16 par=0,1,2,3,4,5,6,6,6,5,1,11,12,13,14,12,1,17,17,1,20,1,1,1 poly=1,24,253,1561,6339,18052,37457,57982,67874,60427,40852,20780,7804,2093,378,41,2
SAMPLE n=24 alpha=15 par=0,1,2,3,4,5,6,6,6,4,10,10,3,3,1,15,16,17,18,16,15,15,1,23 poly=1,24,253,1553,6213,17206,34236,50156,54909,45163,27770,12547,4026,862,109,6
SAMPLE n=24 alpha=15 par=0,1,2,3,4,5,6,6,6,4,10,2,1,13,14,15,16,17,16,14,20,21,1,1 poly=1,24,253,1550,6163,16850,32801,46500,48691,37902,21878,9238,2775,564,70,4
SAMPLE n=24 alpha=17 par=0,1,2,3,4,5,6,6,6,4,4,4,3,3,3,3,1,17,18,19,20,21,21,18 poly=1,24,253,1561,6349,18208,38487,61846,77195,75865,59062,36361,17515,6459,1756,330,38,2
SAMPLE n=24 alpha=17 par=0,1,2,3,4,5,6,6,6,4,4,4,3,3,3,1,16,17,18,19,17,17,16,16 poly=1,24,253,1561,6350,18211,38456,61618,76488,74540,57386,34863,16557,6027,1625,306,36,2
SAMPLE n=24 alpha=14 par=0,1,2,3,4,5,6,6,6,4,4,3,12,13,12,15,12,1,18,19,20,21,22,19 poly=1,24,253,1551,6178,16947,33163,47383,50183,39657,23255,9881,2885,518,43
SAMPLE n=24 alpha=14 par=0,1,2,3,4,5,6,6,6,3,10,3,12,2,1,15,16,17,18,16,20,16,22,1 poly=1,24,253,1551,6174,16878,32674,45494,45744,32973,16667,5646,1173,124,4
SAMPLE n=24 alpha=15 par=0,1,2,3,4,5,6,6,6,3,10,2,2,1,14,15,16,17,15,15,14,21,22,23 poly=1,24,253,1551,6179,16958,33207,47450,50162,39466,23044,9847,2988,608,74,4
SAMPLE n=24 alpha=15 par=0,1,2,3,4,5,6,6,6,3,1,11,12,13,14,15,15,12,18,19,18,18,11,1 poly=1,24,253,1551,6181,16987,33379,47998,51206,40723,24023,10338,3141,635,76,4
SAMPLE n=24 alpha=15 par=0,1,2,3,4,5,6,6,6,3,1,11,12,13,14,15,14,11,18,19,19,19,11,1 poly=1,24,253,1552,6201,17157,34188,50400,55921,47061,29964,14222,4873,1134,159,10
SAMPLE n=24 alpha=15 par=0,1,2,3,4,5,6,6,6,2,2,1,12,13,14,15,16,14,13,13,12,1,22,1 poly=1,24,253,1554,6227,17282,34427,50317,54626,44235,26601,11698,3644,757,93,5
SAMPLE n=24 alpha=15 par=0,1,2,3,4,5,6,6,6,1,10,11,12,13,13,1,16,17,18,1,20,21,21,21 poly=1,24,253,1550,6166,16900,33145,47788,51618,42191,26092,12062,4052,937,134,9
SAMPLE n=24 alpha=14 par=0,1,2,3,4,5,6,6,6,1,10,11,12,13,12,15,11,1,18,19,20,19,18,1 poly=1,24,253,1550,6160,16802,32480,45321,46039,34024,18064,6684,1626,233,15
SAMPLE n=24 alpha=15 par=0,1,2,3,4,5,6,6,5,9,9,5,5,3,3,1,16,17,18,19,18,17,17,16 poly=1,24,253,1556,6261,17525,35406,52821,58949,49441,31038,14372,4763,1068,145,9
SAMPLE n=24 alpha=15 par=0,1,2,3,4,5,6,6,5,9,9,5,3,13,2,15,15,1,18,19,20,21,21,19 poly=1,24,253,1550,6159,16789,32415,45167,45896,34147,18557,7285,2014,372,41,2
SAMPLE n=24 alpha=13 par=0,1,2,3,4,5,6,6,5,9,9,5,2,13,14,2,16,1,18,19,20,21,22,19 poly=1,24,253,1549,6139,16617,31580,42634,40863,27455,12572,3719,638,48
SAMPLE n=24 alpha=14 par=0,1,2,3,4,5,6,6,5,9,9,5,2,13,14,1,16,17,18,19,20,18,16,1 poly=1,24,253,1549,6140,16633,31690,43059,41880,29023,14144,4729,1036,135,8
SAMPLE n=24 alpha=13 par=0,1,2,3,4,5,6,6,5,9,5,11,3,13,1,15,16,17,18,19,18,16,22,15 poly=1,24,253,1548,6121,16478,30974,40980,37908,23956,9863,2409,282,7
SAMPLE n=24 alpha=15 par=0,1,2,3,4,5,6,6,5,9,4,4,2,13,1,15,16,17,18,18,15,1,1,1 poly=1,24,253,1554,6227,17284,34458,50501,55201,45313,27901,12744,4210,957,135,9
SAMPLE n=24 alpha=15 par=0,1,2,3,4,5,6,6,5,9,2,11,2,2,1,15,16,17,18,19,17,17,16,23 poly=1,24,253,1552,6193,17029,33341,47336,49139,37317,20597,8141,2239,405,43,2
SAMPLE n=24 alpha=15 par=0,1,2,3,4,5,6,6,5,5,5,5,4,13,1,15,16,17,18,19,19,1,22,22 poly=1,24,253,1555,6243,17392,34859,51398,56436,46303,28220,12563,3957,833,105,6
SAMPLE n=24 alpha=15 par=0,1,2,3,4,5,6,6,5,5,5,4,12,3,1,15,16,17,18,19,17,17,15,23 poly=1,24,253,1553,6210,17159,33933,49095,52662,42123,25062,10942,3402,711,89,5
SAMPLE n=24 alpha=16 par=0,1,2,3,4,5,6,6,5,5,5,2,1,13,14,15,16,16,1,19,1,1,1,1 poly=1,24,253,1564,6395,18486,39347,63240,77873,73921,54021,30119,12577,3809,791,101,6
SAMPLE n=24 alpha=15 par=0,1,2,3,4,5,6,6,5,5,4,3,2,2,1,15,16,17,18,18,17,1,1,1 poly=1,24,253,1557,6278,17648,35901,54058,60982,51703,32756,15252,5055,1125,150,9
SAMPLE n=24 alpha=14 par=0,1,2,3,4,5,6,6,5,5,4,2,12,13,1,15,16,17,18,17,15,21,1,23 poly=1,24,253,1549,6139,16618,31592,42691,41009,27688,12827,3918,743,80,4
SAMPLE n=24 alpha=15 par=0,1,2,3,4,5,6,6,5,5,1,11,12,13,14,15,13,17,13,13,1,21,22,1 poly=1,24,253,1553,6212,17181,34020,49228,52606,41599,24190,10184,3018,599,72,4
SAMPLE n=24 alpha=13 par=0,1,2,3,4,5,6,6,5,4,10,11,4,13,13,1,16,17,18,19,20,19,1,23 poly=1,24,253,1548,6121,16483,31034,41278,38708,25227,11087,3106,496,34
SAMPLE n=24 alpha=15 par=0,1,2,3,4,5,6,6,5,4,10,4,4,4,2,1,16,17,18,19,20,19,19,17 poly=1,24,253,1557,6279,17670,36082,54825,62919,54857,36208,17831,6358,1552,232,16
SAMPLE n=24 alpha=14 par=0,1,2,3,4,5,6,6,5,4,10,4,3,13,1,15,16,17,18,17,20,16,16,15 poly=1,24,253,1551,6171,16833,32396,44553,43811,30473,14637,4654,911,96,4
SAMPLE n=24 alpha=14 par=0,1,2,3,4,5,6,6,5,3,10,11,11,11,10,2,1,17,18,19,20,21,19,23 poly=1,24,253,1549,6143,16679,31977,44017,43772,31324,15873,5505,1225,154,8
SAMPLE n=24 alpha=14 par=0,1,2,3,4,5,6,6,5,3,10,11,2,1,14,15,16,17,16,15,20,20,15,1 poly=1,24,253,1550,6157,16756,32185,44272,43744,30806,15152,5014,1046,122,6
SAMPLE n=24 alpha=15 par=0,1,2,3,4,5,6,6,5,3,10,10,10,2,2,1,16,17,18,19,20,18,16,1 poly=1,24,253,1552,6195,17068,33636,48511,51933,41540,24782,10891,3431,736,97,6
SAMPLE n=24 alpha=15 par=0,1,2,3,4,5,6,6,5,3,10,3,2,1,14,15,16,17,15,19,20,15,15,14 poly=1,24,253,1553,6208,17126,33705,48223,50605,38971,21849,8754,2422,435,45,2
SAMPLE n=24 alpha=15 par=0,1,2,3,4,5,6,6,5,3,2,11,11,1,14,15,16,17,18,17,16,21,21,1 poly=1,24,253,1549,6142,16665,31905,43857,43693,31672,16697,6366,1728,321,37,2
SAMPLE n=24 alpha=14 par=0,1,2,3,4,5,6,6,5,1,10,11,12,13,13,11,16,16,16,10,20,21,20,10 poly=1,24,253,1551,6177,16931,33050,46921,48995,37684,21124,8396,2240,359,26
SAMPLE n=24 alpha=14 par=0,1,2,3,4,5,6,6,5,1,10,11,12,13,12,15,10,17,1,19,20,1,22,23 poly=1,24,253,1547,6103,16345,30444,39731,36128,22482,9278,2425,378,32,1
SAMPLE n=24 alpha=17 par=0,1,2,3,4,5,6,6,5,1,10,11,12,13,10,10,10,10,1,1,1,1,1,1 poly=1,24,253,1573,6531,19413,43152,73764,98616,103947,86425,56299,28319,10733,2946,548,61,3
SAMPLE n=24 alpha=14 par=0,1,2,3,4,5,6,6,4,9,10,3,12,1,14,15,16,17,16,15,15,15,14,1 poly=1,24,253,1552,6191,17006,33238,47096,48799,36951,20209,7767,1988,304,21
SAMPLE n=24 alpha=14 par=0,1,2,3,4,5,6,6,4,9,4,1,12,13,14,15,16,14,18,18,12,21,21,1 poly=1,24,253,1549,6143,16681,32009,44214,44399,32485,17194,6442,1629,251,18
SAMPLE n=24 alpha=14 par=0,1,2,3,4,5,6,6,4,9,1,11,12,13,14,15,14,13,18,11,11,11,1,23 poly=1,24,253,1551,6176,16913,32923,46450,47952,36198,19707,7490,1866,268,16
SAMPLE n=24 alpha=14 par=0,1,2,3,4,5,6,6,4,9,1,11,12,13,14,15,13,17,18,13,12,21,12,23 poly=1,24,253,1548,6119,16456,30889,40881,38132,24849,11117,3304,610,61,2
SAMPLE n=24 alpha=14 par=0,1,2,3,4,5,6,6,4,3,10,11,12,2,1,15,16,17,18,17,1,21,21,1 poly=1,24,253,1549,6140,16637,31731,43226,42234,29451,14445,4845,1053,132,7
SAMPLE n=24 alpha=14 par=0,1,2,3,4,5,6,6,4,3,10,11,1,13,14,15,16,15,18,1,20,21,22,23 poly=1,24,253,1545,6072,16145,29744,38280,34309,21140,8741,2320,361,28,1
SAMPLE n=24 alpha=14 par=0,1,2,3,4,5,6,6,4,3,10,10,1,13,14,15,16,17,17,14,20,21,20,1 poly=1,24,253,1548,6127,16575,31627,43384,43258,31471,16609,6228,1584,247,18
SAMPLE n=24 alpha=14 par=0,1,2,3,4,5,6,6,4,3,2,11,12,13,14,1,16,17,18,19,20,20,17,17 poly=1,24,253,1548,6128,16589,31704,43595,43551,31625,16517,6045,1472,214,14
SAMPLE n=24 alpha=13 par=0,1,2,3,4,5,6,6,4,3,2,11,12,1,14,15,16,17,16,19,16,15,14,23 poly=1,24,253,1549,6139,16618,31592,42691,41010,27690,12816,3878,695,56
SAMPLE n=24 alpha=15 par=0,1,2,3,4,5,6,6,4,2,10,10,2,1,14,15,16,17,16,15,20,20,20,1 poly=1,24,253,1552,6195,17067,33631,48518,52025,41793,25149,11220,3620,803,110,7
SAMPLE n=24 alpha=15 par=0,1,2,3,4,5,6,6,3,9,10,10,3,3,2,2,1,17,18,19,20,21,20,17 poly=1,24,253,1553,6211,17181,34102,49757,54205,44452,27452,12647,4244,988,144,10
SAMPLE n=24 alpha=13 par=0,1,2,3,4,5,6,6,3,9,10,9,2,13,14,15,15,1,18,19,20,21,22,21 poly=1,24,253,1546,6091,16298,30424,40107,37379,24383,10860,3142,532,40
SAMPLE n=24 alpha=14 par=0,1,2,3,4,5,6,6,3,9,10,9,1,13,14,15,16,15,18,15,15,14,1,1 poly=1,24,253,1553,6211,17169,33957,49026,52164,40906,23389,9498,2597,428,32
SAMPLE n=24 alpha=15 par=0,1,2,3,4,5,6,6,3,3,3,1,12,13,14,15,16,14,18,13,1,21,1,1 poly=1,24,253,1555,6249,17485,35463,53575,61314,53514,35477,17582,6310,1548,232,16
SAMPLE n=24 alpha=16 par=0,1,2,3,4,5,6,6,3,2,10,10,10,10,2,2,2,1,18,19,20,21,18,18 poly=1,24,253,1561,6342,18112,37918,59890,72770,68812,50830,29185,12819,4173,950,135,9
SAMPLE n=24 alpha=15 par=0,1,2,3,4,5,6,6,3,2,10,2,2,1,14,15,16,17,15,19,20,15,14,14 poly=1,24,253,1554,6225,17255,34277,49859,53765,43185,25758,11264,3516,745,97,6
SAMPLE n=24 alpha=15 par=0,1,2,3,4,5,6,6,3,1,10,11,12,13,13,1,16,17,18,19,16,16,16,16 poly=1,24,253,1554,6230,17333,34772,51550,57237,47724,29653,13465,4311,913,113,6
SAMPLE n=24 alpha=13 par=0,1,2,3,4,5,6,6,3,1,10,11,12,13,12,11,10,17,10,1,20,21,22,1 poly=1,24,253,1550,6155,16733,32076,43992,43307,30350,14787,4763,911,78
SAMPLE n=24 alpha=13 par=0,1,2,3,4,5,6,6,2,9,10,9,1,13,14,15,16,13,18,19,18,18,13,23 poly=1,24,253,1549,6138,16607,31542,42566,40812,27465,12619,3755,651,50
SAMPLE n=24 alpha=16 par=0,1,2,3,4,5,6,6,2,9,2,2,2,2,2,1,16,17,18,19,16,21,22,22 poly=1,24,253,1564,6392,18460,39242,62923,77095,72531,52337,28764,11863,3571,745,97,6
SAMPLE n=24 alpha=14 par=0,1,2,3,4,5,6,6,2,9,2,1,12,13,14,15,16,15,18,14,20,14,12,23 poly=1,24,253,1549,6140,16634,31700,43097,41951,29094,14185,4746,1042,136,8
SAMPLE n=24 alpha=16 par=0,1,2,3,4,5,6,6,2,2,2,1,12,13,14,15,14,14,1,19,20,20,20,19 poly=1,24,253,1555,6250,17495,35493,53584,61222,53411,35628,18046,6821,1862,346,39,2
SAMPLE n=24 alpha=14 par=0,1,2,3,4,5,6,6,1,9,10,11,12,13,12,12,1,17,18,19,20,20,19,23 poly=1,24,253,1547,6110,16447,31063,41784,40236,27637,13353,4407,939,115,6
SAMPLE n=24 alpha=14 par=0,1,2,3,4,5,6,6,1,9,10,11,12,13,11,9,16,17,18,19,16,16,9,1 poly=1,24,253,1549,6140,16641,31781,43482,42933,30568,15530,5493,1289,182,12
SAMPLE n=24 alpha=14 par=0,1,2,3,4,5,6,6,1,9,10,11,12,13,10,15,16,16,16,15,20,9,9,1 poly=1,24,253,1550,6159,16793,32457,45340,46253,34518,18676,7145,1835,284,20
SAMPLE n=24 alpha=14 par=0,1,2,3,4,5,6,6,1,9,10,11,12,13,10,15,10,9,18,19,19,9,22,22 poly=1,24,253,1549,6138,16615,31641,43068,42174,29640,14743,5027,1103,137,7
SAMPLE n=24 alpha=13 par=0,1,2,3,4,5,6,5,8,5,10,5,12,2,1,15,16,17,18,19,17,21,1,1 poly=1,24,253,1551,6170,16812,32223,43814,41968,27640,11912,3045,365,6
SAMPLE n=24 alpha=13 par=0,1,2,3,4,5,6,5,8,5,10,5,4,4,4,1,16,17,18,19,16,21,16,23 poly=1,24,253,1555,6234,17257,34012,48434,49969,37020,19228,6656,1375,126
SAMPLE n=24 alpha=14 par=0,1,2,3,4,5,6,5,8,5,10,4,2,1,14,15,16,17,18,1,20,21,22,22 poly=1,24,253,1547,6104,16357,30501,39869,36314,22628,9346,2440,376,31,1
SAMPLE n=24 alpha=13 par=0,1,2,3,4,5,6,5,8,5,10,2,12,13,2,15,1,17,18,19,20,18,22,18 poly=1,24,253,1549,6137,16582,31329,41665,38640,24315,9853,2338,268,8
SAMPLE n=24 alpha=15 par=0,1,2,3,4,5,6,5,8,5,10,1,12,13,14,15,16,15,13,1,1,1,1,1 poly=1,24,253,1560,6331,18050,37636,58816,69733,62803,42604,21391,7718,1898,286,20
SAMPLE n=24 alpha=14 par=0,1,2,3,4,5,6,5,8,5,10,1,12,13,14,15,16,14,18,12,20,21,21,21 poly=1,24,253,1548,6125,16540,31378,42435,41098,28357,13662,4378,843,79,2
SAMPLE n=24 alpha=14 par=0,1,2,3,4,5,6,5,8,5,5,3,3,2,14,15,14,1,18,19,20,21,18,18 poly=1,24,253,1554,6229,17312,34615,50958,55936,45900,27900,12252,3694,688,60
SAMPLE n=24 alpha=13 par=0,1,2,3,4,5,6,5,8,5,5,1,12,13,14,15,14,1,18,19,18,1,22,1 poly=1,24,253,1554,6223,17213,33940,48430,50114,37193,19257,6586,1332,120
SAMPLE n=24 alpha=14 par=0,1,2,3,4,5,6,5,8,5,4,11,3,3,3,2,1,17,18,19,20,19,1,1 poly=1,24,253,1555,6241,17365,34701,50862,55253,44500,26261,11034,3118,528,40
SAMPLE n=24 alpha=15 par=0,1,2,3,4,5,6,5,8,5,4,11,3,3,3,1,16,17,18,19,20,16,1,1 poly=1,24,253,1554,6226,17273,34407,50362,54929,44868,27282,12091,3746,754,86,4
SAMPLE n=24 alpha=13 par=0,1,2,3,4,5,6,5,8,5,2,1,12,13,14,15,16,15,14,13,12,21,21,12 poly=1,24,253,1551,6174,16876,32645,45324,45218,32024,15630,4961,911,72
SAMPLE n=24 alpha=14 par=0,1,2,3,4,5,6,5,8,4,10,11,10,10,10,2,1,17,18,19,20,18,22,1 poly=1,24,253,1551,6174,16881,32704,45607,45947,33140,16686,5581,1131,116,4
SAMPLE n=24 alpha=15 par=0,1,2,3,4,5,6,5,8,4,10,4,4,1,14,15,16,17,15,19,20,15,15,15 poly=1,24,253,1557,6275,17606,35671,53371,59682,49991,31099,14069,4459,929,113,6
SAMPLE n=24 alpha=14 par=0,1,2,3,4,5,6,5,8,4,3,11,12,12,11,3,16,1,18,19,20,21,19,1 poly=1,24,253,1549,6137,16594,31476,42408,40672,27607,13088,4228,883,105,5
SAMPLE n=24 alpha=13 par=0,1,2,3,4,5,6,5,8,3,1,11,12,13,14,15,14,11,11,1,20,21,22,21 poly=1,24,253,1548,6125,16541,31381,42398,40851,27743,12897,3874,670,50
SAMPLE n=24 alpha=14 par=0,1,2,3,4,5,6,5,8,2,10,11,11,10,2,15,16,2,2,1,20,21,22,23 poly=1,24,253,1553,6202,17049,33277,46857,47814,35129,18215,6406,1420,172,8
SAMPLE n=24 alpha=14 par=0,1,2,3,4,5,6,5,8,1,10,11,12,13,11,15,16,10,18,18,10,21,10,10 poly=1,24,253,1553,6198,16988,32888,45485,44848,31034,14584,4391,766,65,2
SAMPLE n=24 alpha=13 par=0,1,2,3,4,5,6,5,8,1,10,11,12,13,11,10,1,17,18,17,20,1,22,1 poly=1,24,253,1550,6149,16643,31511,42049,39282,25154,10622,2774,400,24
SAMPLE n=24 alpha=16 par=0,1,2,3,4,5,6,5,5,5,3,3,2,13,2,2,1,17,18,19,20,18,18,17 poly=1,24,253,1559,6314,17928,37155,57693,68230,61984,43305,23110,9265,2706,545,68,4
SAMPLE n=24 alpha=14 par=0,1,2,3,4,5,6,5,5,5,2,11,11,2,14,2,1,17,18,19,20,19,18,18 poly=1,24,253,1557,6279,17655,35897,53884,60246,50078,30524,13243,3866,679,54
SAMPLE n=24 alpha=15 par=0,1,2,3,4,5,6,5,5,4,10,11,4,4,3,1,16,17,18,19,17,16,22,22 poly=1,24,253,1553,6204,17072,33400,47267,48756,36660,19956,7749,2090,373,40,2
SAMPLE n=24 alpha=13 par=0,1,2,3,4,5,6,5,5,4,10,11,3,13,3,2,16,1,18,19,20,21,20,19 poly=1,24,253,1550,6154,16714,31935,43438,42013,28462,13050,3784,602,36
SAMPLE n=24 alpha=14 par=0,1,2,3,4,5,6,5,5,4,10,11,3,13,1,15,16,17,18,19,17,17,1,1 poly=1,24,253,1551,6178,16942,33100,47046,49186,37872,21255,8472,2278,372,28
SAMPLE n=24 alpha=15 par=0,1,2,3,4,5,6,5,5,4,10,4,12,3,2,15,15,15,15,1,20,21,22,23 poly=1,24,253,1554,6224,17241,34192,49558,53052,41971,24257,9966,2775,485,47,2
SAMPLE n=24 alpha=14 par=0,1,2,3,4,5,6,5,5,4,4,3,12,12,3,1,16,17,18,19,20,18,22,18 poly=1,24,253,1553,6206,17097,33524,47580,49161,36821,19687,7289,1768,252,16
SAMPLE n=24 alpha=14 par=0,1,2,3,4,5,6,5,5,4,4,1,12,13,14,15,16,15,14,13,1,21,22,1 poly=1,24,253,1552,6193,17029,33341,47329,49077,37095,20176,7679,1939,292,20
SAMPLE n=24 alpha=16 par=0,1,2,3,4,5,6,5,5,4,3,3,3,3,1,15,16,17,18,15,20,20,20,1 poly=1,24,253,1559,6315,17950,37330,58397,69904,64546,45951,24993,10184,3002,602,73,4
SAMPLE n=24 alpha=13 par=0,1,2,3,4,5,6,5,5,4,1,11,12,13,14,15,14,13,18,19,18,12,1,23 poly=1,24,253,1549,6140,16631,31662,42895,41359,28041,13009,3924,696,56
SAMPLE n=24 alpha=13 par=0,1,2,3,4,5,6,5,5,4,1,11,12,13,14,15,1,17,18,19,19,18,17,23 poly=1,24,253,1548,6123,16509,31173,41676,39372,25881,11450,3202,500,32
SAMPLE n=24 alpha=15 par=0,1,2,3,4,5,6,5,5,3,10,10,3,1,14,15,16,17,14,19,14,21,1,1 poly=1,24,253,1553,6208,17130,33752,48456,51249,40068,23048,9599,2794,528,55,2
SAMPLE n=24 alpha=15 par=0,1,2,3,4,5,6,5,5,2,2,2,2,1,14,15,16,17,15,19,19,15,22,14 poly=1,24,253,1558,6298,17817,36701,56425,65609,57873,38471,18946,6700,1610,236,16
SAMPLE n=24 alpha=14 par=0,1,2,3,4,5,6,5,5,2,1,11,12,13,14,15,13,1,18,18,1,21,21,1 poly=1,24,253,1553,6205,17085,33463,47413,48893,36560,19532,7234,1757,251,16
SAMPLE n=24 alpha=15 par=0,1,2,3,4,5,6,5,5,2,1,11,12,13,14,15,11,11,1,19,20,21,19,19 poly=1,24,253,1551,6177,16932,33069,47059,49512,38815,22665,9740,2988,615,75,4
SAMPLE n=24 alpha=14 par=0,1,2,3,4,5,6,5,4,9,10,3,2,2,2,2,1,17,18,19,20,21,1,23 poly=1,24,253,1554,6221,17201,33955,48730,51169,39087,21270,7899,1847,231,10
SAMPLE n=24 alpha=13 par=0,1,2,3,4,5,6,5,4,9,10,1,12,13,14,15,16,14,18,19,12,1,22,1 poly=1,24,253,1547,6104,16357,30501,39866,36287,22541,9215,2342,339,23
SAMPLE n=24 alpha=14 par=0,1,2,3,4,5,6,5,4,9,3,1,12,13,14,15,13,17,17,17,13,21,12,23 poly=1,24,253,1550,6153,16701,31877,43348,42103,28999,13884,4434,873,92,4
SAMPLE n=24 alpha=14 par=0,1,2,3,4,5,6,5,4,9,3,1,12,13,14,15,12,17,1,19,20,20,20,19 poly=1,24,253,1549,6140,16635,31710,43133,41996,29051,13989,4504,899,96,4
SAMPLE n=24 alpha=14 par=0,1,2,3,4,5,6,5,4,9,2,2,1,13,14,15,16,17,15,15,14,21,22,22 poly=1,24,253,1550,6161,16819,32601,45787,47116,35607,19594,7661,2022,324,24
SAMPLE n=24 alpha=12 par=0,1,2,3,4,5,6,5,4,3,2,11,12,11,2,15,16,1,18,19,20,21,1,23 poly=1,24,253,1548,6116,16413,30619,39913,35968,21756,8327,1790,160
SAMPLE n=24 alpha=15 par=0,1,2,3,4,5,6,5,4,1,10,11,12,13,14,12,11,17,18,11,11,11,1,1 poly=1,24,253,1556,6260,17521,35433,53047,59631,50563,32145,15033,4985,1098,142,8
SAMPLE n=24 alpha=13 par=0,1,2,3,4,5,6,5,3,9,10,9,9,1,14,15,16,17,16,1,20,21,21,20 poly=1,24,253,1549,6142,16662,31854,43523,42563,29448,14005,4326,774,60
SAMPLE n=24 alpha=14 par=0,1,2,3,4,5,6,5,3,9,10,9,9,1,14,15,16,17,14,19,20,14,1,1 poly=1,24,253,1551,6174,16882,32719,45700,46262,33788,17524,6257,1455,198,12
SAMPLE n=24 alpha=14 par=0,1,2,3,4,5,6,5,3,9,1,11,12,13,14,12,16,16,16,16,11,11,1,23 poly=1,24,253,1553,6211,17179,34079,49631,53766,43425,25860,11034,3191,560,45
SAMPLE n=24 alpha=15 par=0,1,2,3,4,5,6,5,3,3,2,1,12,13,14,15,12,17,18,12,20,20,20,20 poly=1,24,253,1554,6227,17287,34488,50612,55386,45409,27751,12430,3948,838,106,6
SAMPLE n=24 alpha=14 par=0,1,2,3,4,5,6,5,2,9,10,2,12,1,14,15,16,17,14,14,14,1,22,22 poly=1,24,253,1552,6190,17002,33270,47374,49687,38494,21821,8812,2403,397,30
SAMPLE n=24 alpha=14 par=0,1,2,3,4,5,6,5,1,9,10,11,12,13,11,15,11,9,18,19,18,18,1,1 poly=1,24,253,1551,6176,16912,32905,46335,47594,35585,19099,7137,1752,252,16
SAMPLE n=24 alpha=14 par=0,1,2,3,4,5,6,5,1,9,10,11,12,13,10,9,16,17,17,16,16,1,22,1 poly=1,24,253,1550,6156,16748,32171,44332,44084,31552,16068,5686,1335,188,12
SAMPLE n=24 alpha=14 par=0,1,2,3,4,5,6,4,8,9,4,11,11,2,1,15,16,17,18,16,20,16,15,1 poly=1,24,253,1550,6154,16713,31933,43475,42239,29040,13861,4447,911,109,6
SAMPLE n=24 alpha=14 par=0,1,2,3,4,5,6,4,8,9,3,11,12,1,14,15,16,17,15,14,20,14,14,1 poly=1,24,253,1550,6152,16685,31763,42890,40989,27328,12356,3615,634,58,2
SAMPLE n=24 alpha=14 par=0,1,2,3,4,5,6,4,8,9,2,11,2,2,1,15,16,17,18,15,20,15,15,1 poly=1,24,253,1554,6222,17213,34017,48917,51556,39693,21990,8505,2177,334,24
SAMPLE n=24 alpha=15 par=0,1,2,3,4,5,6,4,8,8,8,4,3,2,1,15,16,17,18,19,16,16,15,15 poly=1,24,253,1554,6226,17267,34341,50054,54137,43652,26156,11498,3610,769,100,6
SAMPLE n=24 alpha=14 par=0,1,2,3,4,5,6,4,8,8,4,3,12,13,2,15,1,17,18,19,20,21,19,19 poly=1,24,253,1549,6139,16623,31657,43037,41997,29348,14516,4947,1099,142,8
SAMPLE n=24 alpha=13 par=0,1,2,3,4,5,6,4,8,8,3,11,3,13,3,1,16,17,18,19,16,21,21,16 poly=1,24,253,1552,6187,16946,32856,45735,45792,32641,16139,5255,1012,87
SAMPLE n=24 alpha=13 par=0,1,2,3,4,5,6,4,8,3,10,3,12,3,2,2,2,1,18,19,20,21,19,23 poly=1,24,253,1554,6215,17116,33450,47073,47844,34818,17705,5975,1200,108
SAMPLE n=24 alpha=14 par=0,1,2,3,4,5,6,4,4,4,4,3,2,1,14,15,16,17,18,15,14,21,22,21 poly=1,24,253,1555,6243,17392,34859,51378,56276,45770,27253,11514,3257,551,42
SAMPLE n=24 alpha=13 par=0,1,2,3,4,5,6,4,3,9,10,9,3,13,2,15,16,1,18,19,20,21,18,23 poly=1,24,253,1547,6099,16290,30126,38720,34195,20204,7649,1753,229,14
SAMPLE n=24 alpha=14 par=0,1,2,3,4,5,6,4,3,9,10,2,1,13,14,15,16,17,13,19,20,20,20,1 poly=1,24,253,1548,6125,16546,31449,42773,41947,29609,14817,5073,1111,137,7
SAMPLE n=24 alpha=14 par=0,1,2,3,4,5,6,4,3,9,3,11,3,1,14,15,16,17,18,16,14,21,14,1 poly=1,24,253,1552,6187,16944,32833,45635,45586,32458,16167,5457,1183,148,8
SAMPLE n=24 alpha=13 par=0,1,2,3,4,5,6,3,8,9,10,3,2,13,1,15,16,17,18,19,16,1,22,22 poly=1,24,253,1547,6104,16365,30597,40331,37462,24210,10552,2912,446,27
SAMPLE n=24 alpha=13 par=0,1,2,3,4,5,6,3,8,9,2,11,12,12,1,15,16,17,18,19,15,21,15,1 poly=1,24,253,1547,6104,16363,30571,40197,37112,23716,10175,2762,419,26
SAMPLE n=24 alpha=17 par=0,1,2,3,4,5,5,5,5,5,5,4,12,3,3,1,16,17,18,18,16,21,1,1 poly=1,24,253,1564,6402,18604,40167,66397,85573,86795,69492,43799,21526,8096,2254,438,53,3
SAMPLE n=24 alpha=15 par=0,1,2,3,4,5,5,5,5,5,4,11,3,13,14,13,3,2,1,19,20,21,22,1 poly=1,24,253,1557,6277,17646,35950,54366,61776,52769,33484,15388,4911,1016,120,6
SAMPLE n=24 alpha=16 par=0,1,2,3,4,5,5,5,5,5,4,11,3,13,3,3,3,3,2,1,20,21,22,23 poly=1,24,253,1567,6441,18816,40789,67431,86332,86083,66635,39561,17615,5671,1242,165,10
SAMPLE n=24 alpha=15 par=0,1,2,3,4,5,5,5,5,5,4,11,3,13,3,2,1,17,18,19,20,19,22,17 poly=1,24,253,1557,6279,17672,36099,54868,62885,54461,35312,16789,5651,1268,169,10
SAMPLE n=24 alpha=16 par=0,1,2,3,4,5,5,5,5,5,3,2,1,13,14,15,16,16,13,19,20,21,20,20 poly=1,24,253,1557,6290,17829,37044,58079,69883,64962,46557,25458,10406,3069,614,74,4
SAMPLE n=24 alpha=15 par=0,1,2,3,4,5,5,5,5,5,3,2,1,13,14,15,16,15,1,19,20,1,22,22 poly=1,24,253,1557,6283,17726,36410,55880,64970,57356,38112,18688,6537,1539,218,14
SAMPLE n=24 alpha=16 par=0,1,2,3,4,5,5,5,5,5,2,11,12,12,11,15,15,11,1,19,20,21,21,21 poly=1,24,253,1559,6322,18043,37851,60056,73298,69320,50751,28503,12048,3706,782,101,6
SAMPLE n=24 alpha=16 par=0,1,2,3,4,5,5,5,5,5,2,11,2,2,2,1,16,17,18,19,17,21,21,16 poly=1,24,253,1563,6389,18521,39793,65152,82589,81610,62799,37295,16780,5538,1267,180,12
SAMPLE n=24 alpha=16 par=0,1,2,3,4,5,5,5,5,4,10,10,10,4,14,14,14,4,1,19,20,21,19,1 poly=1,24,253,1560,6322,17947,37164,57706,68424,62570,44191,23924,9746,2887,585,72,4
SAMPLE n=24 alpha=16 par=0,1,2,3,4,5,5,5,5,4,2,1,12,13,14,15,13,17,12,19,19,1,1,1 poly=1,24,253,1557,6280,17685,36182,55213,63894,56535,38248,19608,7466,2037,374,41,2
SAMPLE n=24 alpha=17 par=0,1,2,3,4,5,5,5,5,3,10,11,11,10,3,3,3,1,18,19,20,20,18,1 poly=1,24,253,1561,6353,18267,38853,63108,79902,79713,62814,38897,18687,6813,1819,335,38,2
SAMPLE n=24 alpha=16 par=0,1,2,3,4,5,5,5,5,3,3,1,12,13,14,14,12,17,12,19,1,21,21,1 poly=1,24,253,1557,6283,17736,36544,56637,67379,62198,44611,24659,10306,3147,661,85,5
SAMPLE n=24 alpha=14 par=0,1,2,3,4,5,5,5,5,3,1,11,12,13,12,15,1,17,18,17,20,17,22,17 poly=1,24,253,1555,6245,17417,34990,51778,57101,46979,28488,12354,3620,644,53
SAMPLE n=24 alpha=16 par=0,1,2,3,4,5,5,5,5,2,10,11,2,1,14,15,16,16,16,15,20,20,15,1 poly=1,24,253,1557,6284,17738,36475,56122,65674,58869,40359,20936,8039,2199,401,43,2
SAMPLE n=24 alpha=17 par=0,1,2,3,4,5,5,5,5,2,1,11,12,13,14,14,12,12,12,12,12,1,22,22 poly=1,24,253,1565,6426,18824,41240,69651,92328,96952,80828,53273,27451,10840,3172,649,83,5
SAMPLE n=24 alpha=14 par=0,1,2,3,4,5,5,5,5,2,1,11,12,13,14,13,12,17,18,17,11,1,22,1 poly=1,24,253,1554,6229,17308,34565,50696,55165,44466,26136,10818,2955,470,32
SAMPLE n=24 alpha=14 par=0,1,2,3,4,5,5,5,4,9,9,9,2,13,1,15,16,17,18,15,20,21,15,23 poly=1,24,253,1551,6177,16931,33060,47014,49343,38373,21927,8969,2487,418,32
SAMPLE n=24 alpha=16 par=0,1,2,3,4,5,5,5,4,9,9,4,2,1,14,15,16,15,18,15,20,14,14,14 poly=1,24,253,1557,6275,17610,35724,53678,60696,52093,33953,16650,6010,1534,258,25,1
SAMPLE n=24 alpha=16 par=0,1,2,3,4,5,5,5,4,9,9,1,12,13,14,13,13,12,18,18,18,12,12,12 poly=1,24,253,1561,6340,18071,37620,58742,70028,64413,45878,25193,10513,3238,697,94,6
SAMPLE n=24 alpha=16 par=0,1,2,3,4,5,5,5,4,9,4,4,3,2,14,14,1,17,18,19,18,18,1,1 poly=1,24,253,1558,6294,17766,36443,55769,64813,57845,39825,21078,8457,2498,514,66,4
SAMPLE n=24 alpha=15 par=0,1,2,3,4,5,5,5,4,9,4,3,12,12,12,3,16,3,1,19,20,21,21,1 poly=1,24,253,1557,6271,17567,35515,53057,59427,50233,31987,15158,5202,1226,178,12
SAMPLE n=24 alpha=15 par=0,1,2,3,4,5,5,5,4,9,4,2,12,13,2,15,2,1,18,19,20,21,20,18 poly=1,24,253,1554,6226,17270,34372,50202,54557,44416,27073,12230,3994,896,124,8
SAMPLE n=24 alpha=15 par=0,1,2,3,4,5,5,5,4,9,3,2,12,12,2,1,16,17,18,19,18,21,17,16 poly=1,24,253,1552,6191,17004,33214,46988,48557,36660,20033,7743,2024,330,29,1
SAMPLE n=24 alpha=15 par=0,1,2,3,4,5,5,5,4,9,3,1,12,13,14,12,16,17,1,19,20,19,19,1 poly=1,24,253,1552,6190,16994,33183,46987,48774,37257,20856,8422,2371,436,46,2
SAMPLE n=24 alpha=14 par=0,1,2,3,4,5,5,5,4,4,4,3,12,2,14,1,16,17,18,19,16,21,16,23 poly=1,24,253,1554,6222,17209,33982,48803,51405,39705,22273,8863,2380,386,28
SAMPLE n=24 alpha=16 par=0,1,2,3,4,5,5,5,4,4,2,11,11,11,2,15,15,1,18,19,20,20,19,23 poly=1,24,253,1555,6245,17421,35042,52074,58070,49011,31349,15086,5361,1358,230,23,1
SAMPLE n=24 alpha=15 par=0,1,2,3,4,5,5,5,4,3,10,11,11,10,10,10,1,17,18,19,17,21,17,1 poly=1,24,253,1556,6261,17526,35410,52813,58868,49221,30717,14087,4604,1013,134,8
SAMPLE n=24 alpha=14 par=0,1,2,3,4,5,5,5,4,3,10,11,11,10,2,15,16,15,1,19,20,21,22,19 poly=1,24,253,1550,6159,16791,32427,45160,45684,33463,17466,6271,1445,185,9
SAMPLE n=24 alpha=14 par=0,1,2,3,4,5,5,5,4,3,10,11,11,10,1,15,16,17,18,18,17,21,17,16 poly=1,24,253,1552,6193,17030,33354,47393,49243,37349,20414,7814,1982,298,20
SAMPLE n=24 alpha=15 par=0,1,2,3,4,5,5,5,4,3,10,11,10,13,10,10,1,17,18,19,18,21,17,17 poly=1,24,253,1555,6243,17386,34789,51061,55546,44862,26709,11511,3471,689,80,4
SAMPLE n=24 alpha=14 par=0,1,2,3,4,5,5,5,4,3,10,10,3,1,14,15,16,17,16,14,20,21,14,23 poly=1,24,253,1552,6192,17019,33306,47284,49102,37244,20372,7807,1982,298,20
SAMPLE n=24 alpha=15 par=0,1,2,3,4,5,5,5,4,3,10,2,1,13,14,15,16,15,15,14,20,14,13,13 poly=1,24,253,1555,6242,17375,34749,51021,55662,45298,27378,12111,3808,806,103,6
SAMPLE n=24 alpha=16 par=0,1,2,3,4,5,5,5,4,3,1,11,12,13,13,11,16,17,17,11,1,21,22,1 poly=1,24,253,1553,6212,17195,34195,50133,55196,46205,29587,14475,5354,1461,280,34,2
SAMPLE n=24 alpha=15 par=0,1,2,3,4,5,5,5,4,2,10,11,12,1,14,15,16,17,15,15,1,21,21,21 poly=1,24,253,1552,6198,17112,33907,49434,53868,44182,27213,12422,4085,917,126,8
SAMPLE n=24 alpha=14 par=0,1,2,3,4,5,5,5,4,2,10,2,12,1,14,15,16,14,14,1,20,21,20,23 poly=1,24,253,1552,6190,16995,33186,46959,48586,36764,20138,7783,2014,313,22
SAMPLE n=24 alpha=15 par=0,1,2,3,4,5,5,5,4,2,1,11,12,13,14,14,12,17,1,19,20,20,20,19 poly=1,24,253,1552,6198,17109,33871,49258,53403,43442,26458,11911,3854,849,114,7
SAMPLE n=24 alpha=15 par=0,1,2,3,4,5,5,5,4,2,1,11,12,13,14,13,13,12,11,19,19,11,22,22 poly=1,24,253,1554,6227,17283,34441,50389,54818,44543,26925,11935,3768,802,103,6
SAMPLE n=24 alpha=16 par=0,1,2,3,4,5,5,5,4,2,1,11,12,13,14,13,12,17,17,17,17,12,12,1 poly=1,24,253,1559,6312,17904,37036,57355,67601,61159,42506,22520,8927,2557,497,58,3
SAMPLE n=24 alpha=13 par=0,1,2,3,4,5,5,5,3,9,10,9,12,9,2,1,16,17,18,19,1,21,22,21 poly=1,24,253,1550,6158,16775,32322,44784,44854,32250,16250,5441,1082,96
SAMPLE n=24 alpha=18 par=0,1,2,3,4,5,5,5,3,9,9,9,3,3,3,3,1,17,18,19,20,20,18,1 poly=1,24,253,1564,6397,18547,39903,65792,85026,87401,72045,47742,25360,10701,3525,879,157,18,1
SAMPLE n=24 alpha=15 par=0,1,2,3,4,5,5,5,3,9,9,2,12,13,13,1,16,17,18,17,16,16,1,1 poly=1,24,253,1554,6229,17317,34674,51253,56775,47428,29783,13854,4629,1049,144,9
SAMPLE n=24 alpha=17 par=0,1,2,3,4,5,5,5,3,3,3,1,12,13,14,15,14,17,14,14,14,12,12,12 poly=1,24,253,1565,6427,18837,41331,70084,93722,99981,85437,58320,31468,13149,4107,902,124,8
SAMPLE n=24 alpha=15 par=0,1,2,3,4,5,5,5,3,2,10,2,12,1,14,15,16,17,1,19,20,21,22,1 poly=1,24,253,1550,6155,16736,32118,44239,44100,31869,16588,6102,1532,250,24,1
SAMPLE n=24 alpha=14 par=0,1,2,3,4,5,5,5,2,9,1,11,12,13,12,15,11,17,1,19,20,19,19,19 poly=1,24,253,1553,6210,17162,33954,49124,52523,41491,23898,9726,2629,416,28
SAMPLE n=24 alpha=15 par=0,1,2,3,4,5,5,5,2,1,10,11,12,13,13,12,1,17,18,17,17,1,1,1 poly=1,24,253,1559,6309,17862,36775,56414,65399,57607,38424,19131,6901,1705,258,18
SAMPLE n=24 alpha=17 par=0,1,2,3,4,5,5,5,1,9,10,11,9,13,13,9,16,16,9,1,1,1,1,1 poly=1,24,253,1566,6419,18630,39946,65066,81909,80387,61598,36656,16720,5711,1405,233,23,1
SAMPLE n=24 alpha=15 par=0,1,2,3,4,5,5,4,8,8,4,2,12,1,14,15,16,16,1,19,20,21,19,19 poly=1,24,253,1551,6175,16898,32832,46160,47441,35755,19684,7811,2171,399,43,2
SAMPLE n=24 alpha=15 par=0,1,2,3,4,5,5,4,8,8,3,11,12,3,1,15,16,17,1,19,20,20,19,19 poly=1,24,253,1551,6174,16887,32791,46125,47618,36382,20643,8653,2621,544,69,4
SAMPLE n=24 alpha=15 par=0,1,2,3,4,5,5,4,8,8,3,11,3,3,2,15,16,17,15,1,20,21,22,22 poly=1,24,253,1552,6189,16989,33205,47232,49645,38952,22897,10015,3184,699,95,6
SAMPLE n=24 alpha=15 par=0,1,2,3,4,5,5,4,8,8,3,1,12,13,14,15,13,17,12,19,20,21,19,19 poly=1,24,253,1549,6140,16639,31771,43504,43192,31321,16646,6456,1792,339,39,2
SAMPLE n=24 alpha=16 par=0,1,2,3,4,5,5,4,8,8,1,11,12,13,14,14,13,11,11,11,11,1,22,23 poly=1,24,253,1556,6263,17563,35682,53877,61375,53036,34641,16894,6016,1507,249,24,1
SAMPLE n=24 alpha=15 par=0,1,2,3,4,5,5,4,8,8,1,11,12,13,14,13,13,13,12,19,20,19,11,11 poly=1,24,253,1554,6228,17303,34601,51073,56581,47460,30133,14314,4949,1180,174,12
SAMPLE n=24 alpha=14 par=0,1,2,3,4,5,5,4,8,8,1,11,12,13,14,13,12,17,17,1,20,20,1,23 poly=1,24,253,1550,6157,16757,32201,44381,44139,31634,16194,5805,1397,205,14
SAMPLE n=24 alpha=14 par=0,1,2,3,4,5,5,4,8,4,10,2,12,12,1,15,16,17,18,17,16,21,15,15 poly=1,24,253,1551,6173,16865,32609,45339,45597,33078,17093,6121,1438,198,12
SAMPLE n=24 alpha=15 par=0,1,2,3,4,5,5,4,8,4,4,4,4,1,14,15,16,16,15,19,15,1,22,1 poly=1,24,253,1563,6375,18314,38501,60550,71983,64739,43674,21677,7647,1805,254,16
SAMPLE n=24 alpha=14 par=0,1,2,3,4,5,5,4,8,4,4,4,1,13,14,15,16,1,18,19,18,1,22,1 poly=1,24,253,1558,6288,17665,35732,52957,57795,46147,26439,10473,2684,392,24
SAMPLE n=24 alpha=14 par=0,1,2,3,4,5,5,4,8,3,10,3,12,1,14,15,16,14,18,19,1,21,21,21 poly=1,24,253,1550,6155,16733,32085,44081,43667,31129,15780,5534,1271,171,10
SAMPLE n=24 alpha=15 par=0,1,2,3,4,5,5,4,8,3,3,3,2,1,14,15,16,1,18,19,19,18,18,1 poly=1,24,253,1556,6256,17462,35069,51801,56991,46916,28787,12975,4169,903,118,7
SAMPLE n=24 alpha=14 par=0,1,2,3,4,5,5,4,8,2,10,10,1,13,14,15,16,15,18,13,20,1,22,23 poly=1,24,253,1547,6104,16360,30536,40031,36696,23120,9689,2558,390,30,1
SAMPLE n=24 alpha=16 par=0,1,2,3,4,5,5,4,4,4,4,2,12,13,14,13,12,12,1,19,20,21,21,19 poly=1,24,253,1558,6298,17819,36727,56583,66185,59218,40542,21092,8208,2320,451,54,3
SAMPLE n=24 alpha=16 par=0,1,2,3,4,5,5,4,4,4,1,11,12,13,12,15,11,17,17,11,20,11,11,11 poly=1,24,253,1564,6384,18335,38472,60331,71607,64633,44252,22740,8588,2298,409,43,2
SAMPLE n=24 alpha=14 par=0,1,2,3,4,5,5,4,4,3,10,2,12,2,14,2,1,17,18,19,18,21,18,18 poly=1,24,253,1557,6273,17572,35413,52286,56906,45440,26186,10549,2808,444,32
SAMPLE n=24 alpha=16 par=0,1,2,3,4,5,5,4,4,3,2,2,2,1,14,15,16,15,14,19,19,19,19,1 poly=1,24,253,1560,6331,18057,37729,59337,71416,66289,47420,25889,10564,3106,618,74,4
SAMPLE n=24 alpha=15 par=0,1,2,3,4,5,5,4,4,2,10,11,11,2,14,15,1,17,18,19,20,19,17,23 poly=1,24,253,1550,6160,16808,32556,45721,47205,36137,20570,8651,2626,545,69,4
SAMPLE n=24 alpha=14 par=0,1,2,3,4,5,5,4,3,9,10,10,9,3,3,2,16,1,18,19,20,1,22,1 poly=1,24,253,1554,6219,17175,33817,48348,50603,38738,21445,8361,2178,340,24
SAMPLE n=24 alpha=15 par=0,1,2,3,4,5,5,4,3,9,9,9,9,3,3,2,1,17,18,19,20,17,22,23 poly=1,24,253,1556,6255,17454,35049,51801,57080,47093,28936,13012,4137,874,109,6
SAMPLE n=24 alpha=16 par=0,1,2,3,4,5,5,4,3,9,9,2,2,2,2,1,16,17,18,19,19,16,22,22 poly=1,24,253,1557,6281,17710,36382,56005,65729,59264,41007,21573,8469,2402,465,55,3
SAMPLE n=24 alpha=15 par=0,1,2,3,4,5,5,4,3,9,9,1,12,13,14,15,12,12,1,19,20,20,20,19 poly=1,24,253,1552,6195,17066,33610,48366,51479,40666,23700,10010,2958,573,64,3
SAMPLE n=24 alpha=16 par=0,1,2,3,4,5,5,4,3,3,3,3,3,3,3,1,16,17,18,1,20,21,20,23 poly=1,24,253,1572,6516,19295,42504,71227,91697,90804,68797,39384,16656,5009,1003,118,6
SAMPLE n=24 alpha=15 par=0,1,2,3,4,5,5,4,3,2,10,11,11,2,1,15,16,17,16,19,16,16,1,1 poly=1,24,253,1556,6261,17530,35458,53051,59530,50382,32071,15159,5178,1214,176,12
SAMPLE n=24 alpha=14 par=0,1,2,3,4,5,5,4,3,2,10,11,10,2,14,1,16,17,18,17,17,17,17,16 poly=1,24,253,1558,6292,17725,36109,54287,60742,50459,30674,13235,3829,664,52
SAMPLE n=24 alpha=15 par=0,1,2,3,4,5,5,4,3,2,2,1,12,13,14,13,16,12,1,19,1,1,1,1 poly=1,24,253,1563,6364,18180,37788,58338,67503,58487,37520,17399,5590,1155,133,6
SAMPLE n=24 alpha=15 par=0,1,2,3,4,5,5,4,2,9,10,2,1,13,14,15,16,15,14,1,20,21,21,1 poly=1,24,253,1551,6175,16901,32863,46294,47765,36249,20189,8167,2344,455,54,3
SAMPLE n=24 alpha=16 par=0,1,2,3,4,5,5,4,2,1,10,11,12,11,14,11,11,11,11,10,20,1,1,1 poly=1,24,253,1565,6407,18552,39571,63747,78639,74649,54351,29996,12269,3579,697,80,4
SAMPLE n=24 alpha=14 par=0,1,2,3,4,5,5,4,2,1,10,11,12,11,14,11,10,17,1,19,19,19,1,23 poly=1,24,253,1553,6204,17075,33427,47369,48957,36852,19963,7566,1895,279,18
SAMPLE n=24 alpha=17 par=0,1,2,3,4,5,5,4,1,9,10,11,1,13,13,13,13,13,13,13,13,13,1,1 poly=1,24,253,1584,6701,20562,47697,85660,120681,134209,117920,81489,43803,17950,5420,1137,148,9
SAMPLE n=24 alpha=14 par=0,1,2,3,4,5,5,3,8,9,8,11,2,13,14,13,2,2,2,1,20,21,22,23 poly=1,24,253,1554,6219,17177,33832,48375,50534,38363,20756,7696,1820,238,12
SAMPLE n=24 alpha=14 par=0,1,2,3,4,5,5,3,8,9,8,11,2,13,13,1,16,17,18,19,18,1,22,1 poly=1,24,253,1549,6139,16625,31673,43080,42031,29314,14454,4939,1127,157,10
SAMPLE n=24 alpha=15 par=0,1,2,3,4,5,5,3,8,9,8,8,1,13,14,15,16,14,14,13,1,21,1,1 poly=1,24,253,1555,6244,17407,34951,51705,57077,47216,29149,13243,4305,950,128,8
SAMPLE n=24 alpha=15 par=0,1,2,3,4,5,5,3,8,9,8,8,1,13,14,15,16,13,18,19,19,19,19,19 poly=1,24,253,1556,6270,17662,36268,55798,65293,58336,39542,19994,7312,1830,281,20
SAMPLE n=24 alpha=13 par=0,1,2,3,4,5,5,3,8,9,8,2,12,2,14,1,16,17,18,1,20,21,20,23 poly=1,24,253,1548,6117,16429,30725,40294,36787,22847,9221,2216,263,9
SAMPLE n=24 alpha=15 par=0,1,2,3,4,5,5,3,8,9,1,11,12,13,14,12,11,1,18,19,20,20,20,1 poly=1,24,253,1550,6162,16837,32729,46275,48248,37327,21387,8973,2691,550,69,4
SAMPLE n=24 alpha=15 par=0,1,2,3,4,5,5,3,8,8,3,11,11,3,1,15,16,17,16,16,15,21,22,21 poly=1,24,253,1554,6223,17224,34082,49187,52336,41193,23881,10057,2992,597,72,4
SAMPLE n=24 alpha=16 par=0,1,2,3,4,5,5,3,8,8,3,3,2,2,2,1,16,17,18,19,17,21,16,16 poly=1,24,253,1558,6291,17732,36286,55374,64202,57221,39383,20855,8378,2480,512,66,4
SAMPLE n=24 alpha=15 par=0,1,2,3,4,5,5,3,8,8,3,2,12,13,2,15,1,17,18,19,19,17,1,1 poly=1,24,253,1553,6204,17083,33523,47848,50276,39094,22452,9416,2811,568,70,4
SAMPLE n=24 alpha=16 par=0,1,2,3,4,5,5,3,8,8,1,11,12,13,14,13,16,12,1,19,20,20,1,1 poly=1,24,253,1552,6196,17087,33785,49146,53571,44258,27804,13202,4654,1178,202,21,1
SAMPLE n=24 alpha=15 par=0,1,2,3,4,5,5,3,8,8,1,11,12,13,14,13,16,1,18,19,18,21,1,1 poly=1,24,253,1551,6174,16885,32756,45896,46837,34808,18664,7072,1823,298,27,1
SAMPLE n=24 alpha=16 par=0,1,2,3,4,5,5,3,8,8,1,11,12,13,14,12,16,11,11,11,11,11,11,1 poly=1,24,253,1566,6420,18628,39834,64320,79414,75242,54493,29823,12075,3489,676,78,4
SAMPLE n=24 alpha=14 par=0,1,2,3,4,5,5,3,8,3,10,3,2,13,2,15,2,1,18,19,20,18,18,1 poly=1,24,253,1557,6264,17464,34870,50780,54371,42777,24480,9950,2737,460,36
SAMPLE n=24 alpha=14 par=0,1,2,3,4,5,5,3,8,2,10,1,12,13,14,15,13,17,12,19,20,20,1,1 poly=1,24,253,1549,6139,16628,31715,43314,42705,30408,15485,5503,1299,184,12
SAMPLE n=24 alpha=15 par=0,1,2,3,4,5,5,3,3,3,2,11,2,13,1,15,16,17,18,17,15,21,22,15 poly=1,24,253,1554,6225,17262,34365,50320,55093,45519,28391,13220,4474,1043,150,10
SAMPLE n=24 alpha=16 par=0,1,2,3,4,5,5,3,3,3,2,2,1,13,14,15,15,13,13,1,20,1,22,1 poly=1,24,253,1560,6321,17926,37001,57059,66918,60360,42073,22597,9232,2791,592,79,5
SAMPLE n=24 alpha=15 par=0,1,2,3,4,5,5,3,3,2,10,10,1,13,14,15,16,14,13,1,20,21,22,1 poly=1,24,253,1551,6174,16894,32873,46529,48714,38188,22534,9939,3192,706,96,6
SAMPLE n=24 alpha=14 par=0,1,2,3,4,5,5,3,2,9,10,9,12,9,2,1,16,17,18,17,17,17,16,1 poly=1,24,253,1556,6257,17469,35065,51626,56263,45362,26754,11250,3209,561,46
SAMPLE n=24 alpha=15 par=0,1,2,3,4,5,5,3,2,9,10,2,2,1,14,15,16,17,16,15,20,1,22,22 poly=1,24,253,1552,6189,16982,33117,46766,48283,36524,20134,7969,2200,401,43,2
SAMPLE n=24 alpha=14 par=0,1,2,3,4,5,5,3,2,9,1,11,12,13,14,13,12,11,18,19,19,1,22,22 poly=1,24,253,1549,6141,16656,31878,43836,43738,31759,16691,6229,1579,246,18
SAMPLE n=24 alpha=14 par=0,1,2,3,4,5,5,3,2,9,1,11,12,13,14,11,11,1,18,19,20,19,19,18 poly=1,24,253,1551,6175,16901,32861,46270,47644,35919,19653,7626,2001,321,24
SAMPLE n=24 alpha=13 par=0,1,2,3,4,5,5,2,8,9,10,8,12,13,1,15,16,17,18,17,1,21,1,23 poly=1,24,253,1547,6103,16347,30463,39800,36250,22588,9305,2397,352,24
SAMPLE n=24 alpha=14 par=0,1,2,3,4,5,5,2,8,9,10,2,12,1,14,15,16,14,14,1,20,1,22,1 poly=1,24,253,1553,6197,16981,32886,45610,45382,32115,15828,5223,1071,116,4
SAMPLE n=24 alpha=14 par=0,1,2,3,4,5,5,2,8,9,9,9,8,2,1,15,16,17,18,15,1,21,22,21 poly=1,24,253,1551,6175,16904,32896,46436,48063,36537,20204,7920,2088,332,24
SAMPLE n=24 alpha=15 par=0,1,2,3,4,5,5,2,8,8,8,8,2,13,1,15,16,17,16,1,20,21,22,21 poly=1,24,253,1553,6209,17152,33919,49095,52671,42031,24773,10569,3146,616,72,4
SAMPLE n=24 alpha=15 par=0,1,2,3,4,5,5,2,8,1,10,11,12,10,10,1,16,17,17,1,20,21,20,20 poly=1,24,253,1552,6188,16977,33136,46968,48924,37590,21177,8586,2415,441,46,2
SAMPLE n=24 alpha=15 par=0,1,2,3,4,5,5,1,8,9,10,11,1,13,14,15,15,14,18,18,13,21,21,13 poly=1,24,253,1549,6139,16630,31739,43439,43078,31111,16343,6172,1625,279,27,1
SAMPLE n=24 alpha=15 par=0,1,2,3,4,5,5,1,8,9,10,8,12,12,12,12,1,17,18,17,20,1,22,23 poly=1,24,253,1552,6191,17017,33363,47688,50329,39341,22594,9346,2693,512,58,3
SAMPLE n=24 alpha=14 par=0,1,2,3,4,5,4,7,4,9,3,11,1,13,14,15,16,14,18,1,20,21,21,21 poly=1,24,253,1549,6140,16635,31715,43187,42221,29517,14499,4793,977,104,4
SAMPLE n=24 alpha=15 par=0,1,2,3,4,5,4,7,4,9,3,2,12,1,14,15,16,17,15,15,1,21,1,1 poly=1,24,253,1554,6222,17210,33995,48885,51695,40307,23025,9436,2653,473,47,2
SAMPLE n=24 alpha=13 par=0,1,2,3,4,5,4,7,4,9,2,1,12,13,14,15,14,13,12,19,19,12,12,1 poly=1,24,253,1554,6219,17161,33656,47564,48478,35200,17689,5818,1120,95
SAMPLE n=24 alpha=14 par=0,1,2,3,4,5,4,7,4,4,4,4,4,3,2,1,16,17,18,19,17,21,17,23 poly=1,24,253,1566,6416,18552,39274,62060,73663,65344,42589,19742,6140,1144,96
SAMPLE n=24 alpha=14 par=0,1,2,3,4,5,4,7,4,4,4,2,1,13,14,15,14,14,13,19,20,19,13,23 poly=1,24,253,1558,6291,17713,36062,54226,60826,50877,31355,13850,4156,760,64
SAMPLE n=24 alpha=13 par=0,1,2,3,4,5,4,7,4,4,3,11,12,2,14,2,1,17,18,19,18,1,22,22 poly=1,24,253,1553,6204,17074,33409,47238,48465,35790,18572,6441,1344,128
SAMPLE n=24 alpha=14 par=0,1,2,3,4,5,4,7,4,4,2,2,1,13,14,15,16,15,14,19,20,14,1,23 poly=1,24,253,1554,6226,17264,34300,49829,53459,42374,24551,10123,2814,472,36
SAMPLE n=24 alpha=13 par=0,1,2,3,4,5,4,7,4,3,10,11,3,1,14,15,16,17,16,19,14,21,14,1 poly=1,24,253,1551,6170,16819,32308,44233,43081,29400,13623,4054,700,55
SAMPLE n=24 alpha=15 par=0,1,2,3,4,5,4,7,4,3,10,10,10,2,14,2,16,2,2,2,1,21,22,23 poly=1,24,253,1562,6351,18123,37730,58698,69147,61919,41905,21054,7577,1828,260,16
SAMPLE n=24 alpha=15 par=0,1,2,3,4,5,4,7,4,3,3,3,3,3,2,2,1,17,18,19,20,17,22,22 poly=1,24,253,1563,6366,18214,38036,59352,70102,62911,42663,21507,7809,1929,290,20
SAMPLE n=24 alpha=14 par=0,1,2,3,4,5,4,7,4,3,3,1,12,13,14,15,12,17,18,18,18,17,22,12 poly=1,24,253,1553,6208,17128,33733,48377,51047,39697,22541,9109,2482,407,30
SAMPLE n=24 alpha=14 par=0,1,2,3,4,5,4,7,4,2,1,11,12,13,14,13,1,17,18,18,1,21,1,1 poly=1,24,253,1556,6256,17458,35009,51450,55895,44842,26256,10926,3066,520,40
SAMPLE n=24 alpha=14 par=0,1,2,3,4,5,4,7,4,2,1,11,12,13,14,12,16,16,12,19,19,12,11,23 poly=1,24,253,1553,6202,17043,33223,46663,47465,34825,18165,6538,1533,208,12
SAMPLE n=24 alpha=14 par=0,1,2,3,4,5,4,7,3,9,3,3,1,13,14,15,14,13,1,19,20,20,19,1 poly=1,24,253,1554,6222,17209,33977,48758,51228,39309,21726,8390,2133,316,20
SAMPLE n=24 alpha=14 par=0,1,2,3,4,5,4,7,3,2,10,10,2,13,2,1,16,17,18,19,18,16,16,1 poly=1,24,253,1554,6218,17155,33663,47722,49083,36401,19114,6856,1570,200,10
SAMPLE n=24 alpha=15 par=0,1,2,3,4,5,4,7,3,1,10,11,12,13,11,15,11,17,11,11,11,10,10,10 poly=1,24,253,1563,6361,18140,37576,57741,66528,57581,37152,17513,5801,1258,156,8
SAMPLE n=24 alpha=14 par=0,1,2,3,4,5,4,7,3,1,10,11,12,13,11,15,10,17,18,10,1,21,21,21 poly=1,24,253,1550,6155,16734,32095,44125,43775,31277,15873,5531,1238,156,8
SAMPLE n=24 alpha=14 par=0,1,2,3,4,5,4,7,2,9,10,11,10,2,14,1,16,17,18,16,16,16,16,1 poly=1,24,253,1556,6258,17490,35222,52221,57568,47110,28193,11946,3378,569,43
SAMPLE n=24 alpha=15 par=0,1,2,3,4,5,4,7,2,9,1,11,12,13,14,11,16,16,16,16,11,21,21,21 poly=1,24,253,1554,6225,17264,34377,50308,54830,44639,26897,11696,3493,650,60,1
SAMPLE n=24 alpha=15 par=0,1,2,3,4,5,4,4,4,4,3,11,1,13,14,15,16,14,14,1,20,21,21,20 poly=1,24,253,1557,6280,17680,36117,54865,62848,54541,35695,17353,6081,1452,211,14
SAMPLE n=24 alpha=15 par=0,1,2,3,4,5,4,4,4,3,10,11,2,2,1,15,16,17,1,19,20,20,20,1 poly=1,24,253,1556,6262,17553,35647,53844,61500,53525,35438,17623,6398,1605,249,18
SAMPLE n=24 alpha=15 par=0,1,2,3,4,5,4,4,3,3,1,11,12,13,14,12,12,1,18,19,20,18,22,22 poly=1,24,253,1552,6194,17050,33512,48070,51017,40363,23829,10412,3290,715,96,6
SAMPLE n=24 alpha=15 par=0,1,2,3,4,5,4,4,3,2,1,11,12,13,14,12,16,17,11,19,20,20,11,11 poly=1,24,253,1553,6209,17149,33897,49046,52682,42270,25255,11058,3426,702,83,4
SAMPLE n=24 alpha=13 par=0,1,2,3,4,5,4,4,2,9,10,11,10,9,14,9,16,2,18,1,20,21,22,1 poly=1,24,253,1551,6167,16785,32148,43824,42449,28760,13150,3776,584,32
SAMPLE n=24 alpha=14 par=0,1,2,3,4,5,4,4,2,9,10,10,9,13,2,15,1,17,18,19,20,19,18,17 poly=1,24,253,1551,6174,16883,32734,45797,46598,34467,18361,6894,1747,272,20
SAMPLE n=24 alpha=15 par=0,1,2,3,4,5,4,4,2,9,10,10,2,13,1,15,16,17,16,15,20,20,20,15 poly=1,24,253,1554,6228,17301,34573,50919,56133,46690,29308,13753,4712,1123,168,12
SAMPLE n=24 alpha=15 par=0,1,2,3,4,5,4,4,2,9,10,9,2,2,2,1,16,17,18,16,1,21,22,22 poly=1,24,253,1557,6274,17611,35784,53965,61318,52797,34302,16546,5736,1346,190,12
SAMPLE n=24 alpha=14 par=0,1,2,3,4,5,4,3,8,9,3,11,11,11,1,15,16,17,18,15,20,21,20,20 poly=1,24,253,1551,6172,16854,32562,45233,45437,32859,16811,5856,1286,151,6
SAMPLE n=24 alpha=12 par=0,1,2,3,4,5,4,3,8,9,3,11,1,13,14,15,14,13,18,19,1,21,1,23 poly=1,24,253,1549,6133,16533,31085,41015,37617,23318,9229,2077,198
SAMPLE n=24 alpha=16 par=0,1,2,3,4,5,4,3,8,8,8,3,12,3,3,1,16,17,18,16,16,1,1,1 poly=1,24,253,1563,6370,18264,38327,60393,72634,67284,48118,26429,10985,3356,714,95,6
SAMPLE n=24 alpha=14 par=0,1,2,3,4,5,4,3,8,8,8,3,12,3,2,1,16,17,18,16,1,21,22,23 poly=1,24,253,1553,6199,17006,33023,46042,46244,33242,16796,5757,1252,152,8
SAMPLE n=24 alpha=14 par=0,1,2,3,4,5,4,3,8,8,3,11,1,13,14,15,13,17,18,1,20,21,21,20 poly=1,24,253,1549,6136,16577,31358,41960,39631,26055,11594,3328,569,51,2
SAMPLE n=24 alpha=14 par=0,1,2,3,4,5,4,3,8,3,10,3,12,1,14,15,16,17,16,15,14,14,14,14 poly=1,24,253,1559,6305,17790,36262,54391,60363,49191,28743,11474,2847,355,10
SAMPLE n=24 alpha=14 par=0,1,2,3,4,5,4,3,8,3,10,3,1,13,14,15,16,15,13,13,13,13,1,23 poly=1,24,253,1559,6308,17841,36617,55762,63675,54487,34472,15641,4806,894,76
SAMPLE n=24 alpha=14 par=0,1,2,3,4,5,4,3,8,3,3,2,12,12,2,15,1,17,18,19,20,19,18,18 poly=1,24,253,1555,6235,17275,34137,48899,51024,38582,20800,7752,1892,273,18
SAMPLE n=24 alpha=14 par=0,1,2,3,4,5,4,3,8,2,1,11,12,13,11,15,15,11,18,11,20,1,1,1 poly=1,24,253,1556,6245,17309,34159,48739,50499,37783,20060,7297,1703,224,12
SAMPLE n=24 alpha=15 par=0,1,2,3,4,5,4,3,3,2,10,11,11,11,2,15,2,17,2,1,20,21,22,20 poly=1,24,253,1558,6285,17652,35811,53721,60453,51363,32870,15626,5357,1254,180,12
SAMPLE n=24 alpha=14 par=0,1,2,3,4,5,4,3,3,2,10,11,1,13,14,15,14,13,1,19,20,20,19,19 poly=1,24,253,1552,6189,16977,33050,46397,47178,34521,17828,6259,1396,174,9
SAMPLE n=24 alpha=14 par=0,1,2,3,4,5,4,3,3,2,10,11,1,13,14,15,13,17,18,1,20,21,20,20 poly=1,24,253,1550,6154,16719,31994,43729,42802,29762,14403,4673,955,111,6
SAMPLE n=24 alpha=14 par=0,1,2,3,4,5,4,3,2,9,2,11,2,13,2,2,1,17,18,19,20,18,1,1 poly=1,24,253,1561,6322,17824,36127,53511,58227,46368,26683,10837,2975,503,40
SAMPLE n=24 alpha=15 par=0,1,2,3,4,5,4,3,2,9,2,11,1,13,14,15,13,13,13,1,20,21,21,1 poly=1,24,253,1555,6236,17300,34342,49752,53130,41895,24228,10101,2941,564,63,3
SAMPLE n=24 alpha=14 par=0,1,2,3,4,5,4,3,2,2,2,1,12,13,14,15,13,17,13,19,13,12,1,23 poly=1,24,253,1556,6253,17411,34713,50430,53716,41775,23336,9050,2284,330,20
SAMPLE n=24 alpha=15 par=0,1,2,3,4,5,4,2,8,9,9,8,2,2,1,15,16,17,1,19,19,19,1,23 poly=1,24,253,1555,6236,17306,34413,50107,54115,43572,26056,11388,3514,716,84,4
SAMPLE n=24 alpha=15 par=0,1,2,3,4,5,4,2,8,9,9,1,12,13,14,15,13,13,13,1,20,20,1,23 poly=1,24,253,1553,6211,17180,34090,49691,53978,43923,26635,11836,3737,794,102,6
SAMPLE n=24 alpha=14 par=0,1,2,3,4,5,4,2,8,2,10,1,12,13,14,1,16,17,17,17,16,16,16,1 poly=1,24,253,1556,6252,17408,34747,50688,54527,43257,25063,10362,2916,505,41
SAMPLE n=24 alpha=13 par=0,1,2,3,4,5,4,2,8,1,10,11,12,13,11,15,11,10,18,19,1,21,22,1 poly=1,24,253,1549,6135,16567,31321,41904,39630,26162,11731,3392,569,42
SAMPLE n=24 alpha=15 par=0,1,2,3,4,5,3,7,7,3,3,3,2,1,14,15,16,17,14,19,20,19,1,1 poly=1,24,253,1557,6270,17543,35318,52220,57283,46672,28011,12139,3662,721,82,4
SAMPLE n=24 alpha=15 par=0,1,2,3,4,5,3,7,7,3,3,2,12,12,2,15,2,17,1,19,20,21,22,20 poly=1,24,253,1555,6228,17188,33675,47527,48523,35696,18711,6857,1704,272,25,1
SAMPLE n=24 alpha=14 par=0,1,2,3,4,5,3,7,2,9,10,2,12,12,2,1,16,17,18,19,16,21,21,21 poly=1,24,253,1552,6187,16954,32951,46211,47108,34852,18488,6843,1676,244,16
SAMPLE n=24 alpha=15 par=0,1,2,3,4,5,2,7,8,8,8,8,7,13,7,15,7,7,7,1,20,21,22,1 poly=1,24,253,1563,6359,18127,37565,57887,67185,58980,38960,19024,6621,1535,208,12
SAMPLE n=24 alpha=18 par=0,1,2,3,4,4,4,4,4,4,4,4,4,3,1,15,16,17,17,16,15,21,1,1 poly=1,24,253,1583,6699,20597,47922,86334,122022,136269,120540,84282,46246,19643,6313,1479,237,23,1
SAMPLE n=24 alpha=18 par=0,1,2,3,4,4,4,4,4,4,4,3,12,12,1,15,16,17,17,17,16,16,15,15 poly=1,24,253,1572,6534,19530,43909,76336,104279,112875,97109,66312,35728,15012,4823,1147,191,20,1
SAMPLE n=24 alpha=18 par=0,1,2,3,4,4,4,4,4,4,4,2,12,13,13,12,12,2,1,19,20,21,21,21 poly=1,24,253,1571,6524,19505,43950,76722,105405,114918,99740,68819,37510,15947,5175,1237,205,21,1
SAMPLE n=24 alpha=19 par=0,1,2,3,4,4,4,4,4,4,2,1,12,13,14,14,13,13,13,13,13,1,1,1 poly=1,24,253,1578,6646,20414,47950,88711,131648,158359,155117,123692,79909,41422,16962,5357,1257,206,21,1
SAMPLE n=24 alpha=18 par=0,1,2,3,4,4,4,4,4,3,10,10,2,2,1,15,16,17,15,19,20,15,15,15 poly=1,24,253,1565,6420,18748,40872,68763,91263,96806,82555,56573,30945,13329,4420,1088,187,20,1
SAMPLE n=24 alpha=15 par=0,1,2,3,4,4,4,4,4,3,10,1,12,13,13,1,16,17,16,1,20,1,22,1 poly=1,24,253,1563,6375,18328,38672,61420,74472,69245,49132,26198,10193,2742,458,36
SAMPLE n=24 alpha=16 par=0,1,2,3,4,4,4,4,4,3,3,3,2,13,14,13,16,1,18,19,18,18,1,1 poly=1,24,253,1564,6392,18460,39280,63292,78582,75879,57071,33206,14689,4783,1082,152,10
SAMPLE n=24 alpha=16 par=0,1,2,3,4,4,4,4,4,3,3,3,2,13,1,15,16,17,17,16,20,20,15,23 poly=1,24,253,1561,6343,18114,37878,59611,71877,67056,48507,27049,11450,3574,780,107,7
SAMPLE n=24 alpha=16 par=0,1,2,3,4,4,4,4,4,2,1,11,12,13,1,15,16,17,1,19,20,20,20,1 poly=1,24,253,1560,6337,18149,38319,61449,76197,73665,55523,32351,14296,4629,1034,142,9
SAMPLE n=24 alpha=17 par=0,1,2,3,4,4,4,4,3,9,9,9,3,13,2,1,16,17,18,18,17,17,17,1 poly=1,24,253,1561,6347,18172,38243,60933,74980,72097,54396,32093,14632,5040,1262,215,22,1
SAMPLE n=24 alpha=16 par=0,1,2,3,4,4,4,4,3,9,9,9,2,13,14,13,1,17,18,18,17,21,21,1 poly=1,24,253,1556,6265,17601,35975,55109,64574,58526,41119,22252,9130,2760,584,78,5
SAMPLE n=24 alpha=15 par=0,1,2,3,4,4,4,4,3,9,3,11,3,2,2,2,1,17,18,19,18,18,17,1 poly=1,24,253,1563,6369,18252,38255,60109,71840,65684,45791,23996,9176,2422,395,30
SAMPLE n=24 alpha=16 par=0,1,2,3,4,4,4,4,3,9,2,11,1,13,14,14,13,17,17,13,13,1,22,22 poly=1,24,253,1558,6292,17740,36299,55293,63723,56007,37533,19007,7136,1922,351,39,2
SAMPLE n=24 alpha=16 par=0,1,2,3,4,4,4,4,3,2,10,10,1,13,14,15,15,15,14,14,13,21,13,1 poly=1,24,253,1559,6313,17915,37085,57465,67709,61107,42218,22135,8646,2436,468,55,3
SAMPLE n=24 alpha=15 par=0,1,2,3,4,4,4,4,2,9,10,10,2,13,2,15,1,17,18,19,19,18,22,1 poly=1,24,253,1556,6262,17553,35647,53846,61494,53437,35189,17296,6160,1506,227,16
SAMPLE n=24 alpha=15 par=0,1,2,3,4,4,4,4,2,9,10,2,12,13,1,15,16,17,16,19,15,21,21,1 poly=1,24,253,1553,6211,17181,34106,49782,54226,44284,26928,11968,3764,793,101,6
SAMPLE n=24 alpha=17 par=0,1,2,3,4,4,4,4,2,9,10,1,12,13,14,14,14,12,18,18,12,21,12,12 poly=1,24,253,1561,6351,18232,38613,62224,77904,76719,59706,36618,17505,6386,1716,320,37,2
SAMPLE n=24 alpha=16 par=0,1,2,3,4,4,4,4,2,2,1,11,12,13,13,11,16,17,1,19,1,21,1,23 poly=1,24,253,1557,6274,17607,35751,53869,61222,52878,34626,16967,6071,1524,251,24,1
SAMPLE n=24 alpha=17 par=0,1,2,3,4,4,4,3,8,8,8,3,12,2,1,15,16,17,17,15,15,1,1,1 poly=1,24,253,1560,6326,17994,37407,58466,70089,65312,47649,27235,12112,4121,1039,183,20,1
SAMPLE n=24 alpha=16 par=0,1,2,3,4,4,4,3,8,8,3,11,3,3,3,3,2,2,1,19,20,1,22,22 poly=1,24,253,1570,6463,18805,40155,64406,78696,73786,53144,29231,12094,3655,764,99,6
SAMPLE n=24 alpha=15 par=0,1,2,3,4,4,4,3,8,8,3,1,12,13,14,14,14,12,1,19,20,21,1,23 poly=1,24,253,1554,6228,17300,34560,50848,55912,46246,28701,13181,4346,971,131,8
SAMPLE n=24 alpha=16 par=0,1,2,3,4,4,4,3,8,8,1,11,12,12,12,11,11,1,18,19,1,21,21,1 poly=1,24,253,1558,6291,17729,36242,55114,63364,55552,37186,18872,7134,1943,359,40,2
SAMPLE n=24 alpha=15 par=0,1,2,3,4,4,4,3,8,3,10,3,2,2,2,2,1,17,18,19,1,21,21,1 poly=1,24,253,1563,6361,18154,37728,58459,68474,60948,41068,20642,7510,1870,285,20
SAMPLE n=24 alpha=17 par=0,1,2,3,4,4,4,3,3,2,10,2,1,13,14,15,15,14,14,14,14,14,13,13 poly=1,24,253,1568,6457,18904,41023,67770,86664,86587,67790,41457,19604,7031,1850,337,38,2
SAMPLE n=24 alpha=16 par=0,1,2,3,4,4,4,3,2,9,2,2,2,2,2,1,16,17,18,17,17,1,22,23 poly=1,24,253,1569,6468,18966,41226,68103,86660,85356,64902,37697,16384,5141,1094,140,8
SAMPLE n=24 alpha=13 par=0,1,2,3,4,4,4,2,8,9,8,11,8,1,14,15,16,15,18,14,20,14,22,1 poly=1,24,253,1552,6188,16961,32949,46058,46486,33581,16918,5619,1092,92
SAMPLE n=24 alpha=16 par=0,1,2,3,4,4,4,2,8,9,2,2,2,1,14,15,15,14,1,19,20,1,22,1 poly=1,24,253,1561,6335,18021,37408,58237,69256,63550,45052,24463,9970,2942,591,72,4
SAMPLE n=24 alpha=16 par=0,1,2,3,4,4,4,2,8,1,10,11,12,10,14,10,16,10,10,10,10,1,22,22 poly=1,24,253,1567,6432,18691,40041,64853,80598,77387,57407,32662,14016,4398,954,128,8
SAMPLE n=24 alpha=17 par=0,1,2,3,4,4,4,2,2,2,2,1,12,13,13,12,16,12,12,1,20,21,20,20 poly=1,24,253,1564,6399,18576,40074,66335,86040,88464,72351,46889,23809,9279,2681,541,68,4
SAMPLE n=24 alpha=14 par=0,1,2,3,4,4,4,1,8,9,10,10,8,13,14,13,8,17,8,19,8,21,8,23 poly=1,24,253,1560,6308,17741,35867,53087,58026,46873,27741,11747,3384,596,48
SAMPLE n=24 alpha=14 par=0,1,2,3,4,4,3,7,7,2,10,11,10,2,14,15,14,2,1,19,20,19,22,19 poly=1,24,253,1554,6218,17163,33758,48199,50421,38727,21728,8764,2445,429,36
SAMPLE n=24 alpha=15 par=0,1,2,3,4,4,3,7,7,2,10,10,10,2,14,14,14,1,18,19,18,21,18,23 poly=1,24,253,1555,6240,17360,34726,51135,56250,46540,28907,13313,4429,1014,145,10
SAMPLE n=24 alpha=17 par=0,1,2,3,4,4,3,7,7,2,2,2,2,1,14,15,16,16,15,14,20,20,14,14 poly=1,24,253,1562,6363,18289,38754,62408,77941,76370,58946,35746,16875,6093,1631,306,36,2
SAMPLE n=24 alpha=15 par=0,1,2,3,4,4,3,7,2,9,9,9,9,9,2,15,1,17,18,19,19,18,17,1 poly=1,24,253,1559,6308,17856,36782,56542,65780,58125,38743,19133,6779,1629,238,16
SAMPLE n=24 alpha=18 par=0,1,2,3,4,4,3,3,3,3,3,1,12,13,14,14,12,17,18,18,12,12,12,1 poly=1,24,253,1569,6483,19161,42384,72278,96866,103224,87966,59960,32509,13848,4537,1104,188,20,1
SAMPLE n=24 alpha=16 par=0,1,2,3,4,4,3,3,3,1,10,11,12,11,10,15,10,10,10,1,20,20,20,1 poly=1,24,253,1564,6390,18429,39072,62481,76527,72305,52684,29364,12298,3748,785,101,6
SAMPLE n=24 alpha=15 par=0,1,2,3,4,4,3,3,3,1,10,11,12,10,14,15,1,17,18,19,1,21,1,1 poly=1,24,253,1558,6289,17701,36064,54431,61613,52430,33259,15388,4984,1050,125,6
SAMPLE n=24 alpha=16 par=0,1,2,3,4,4,3,3,2,1,10,11,12,12,11,1,16,17,1,19,20,1,1,1 poly=1,24,253,1562,6353,18146,37848,59061,69895,63021,43135,22143,8341,2225,396,42,2
SAMPLE n=24 alpha=15 par=0,1,2,3,4,4,3,2,8,2,10,1,12,13,14,12,16,16,16,16,16,12,22,1 poly=1,24,253,1559,6305,17807,36458,55357,63052,53888,34139,15606,4913,982,106,4
SAMPLE n=24 alpha=14 par=0,1,2,3,4,4,3,2,8,2,2,2,1,13,14,15,14,14,1,19,1,21,1,23 poly=1,24,253,1561,6329,17924,36742,55652,62897,53035,32990,14740,4488,836,72
SAMPLE n=24 alpha=14 par=0,1,2,3,4,4,3,1,8,9,10,8,12,13,8,1,16,17,16,1,20,1,22,1 poly=1,24,253,1556,6243,17285,34025,48288,49517,36389,18800,6610,1501,200,12
SAMPLE n=24 alpha=16 par=0,1,2,3,4,4,3,1,8,9,10,8,12,12,12,12,8,8,8,1,20,21,22,1 poly=1,24,253,1561,6335,18013,37314,57769,67949,61264,42403,22369,8830,2519,488,57,3
SAMPLE n=24 alpha=15 par=0,1,2,3,4,4,3,1,8,9,10,8,12,12,8,15,15,1,18,19,20,18,18,18 poly=1,24,253,1554,6224,17247,34259,49877,53915,43465,26008,11368,3518,728,90,5
SAMPLE n=24 alpha=15 par=0,1,2,3,4,4,2,7,8,7,10,7,7,7,7,7,1,17,18,17,20,17,1,1 poly=1,24,253,1569,6467,18938,40988,67064,83841,80181,58218,31534,12340,3294,536,40
SAMPLE n=24 alpha=16 par=0,1,2,3,4,4,2,7,7,7,7,7,2,13,2,15,2,2,1,19,20,21,20,19 poly=1,24,253,1568,6444,18762,40338,65816,82927,81416,62333,36923,16617,5499,1263,180,12
SAMPLE n=24 alpha=15 par=0,1,2,3,4,4,2,7,1,9,10,11,9,13,14,1,16,17,18,16,16,16,1,23 poly=1,24,253,1552,6185,16934,32879,46130,47272,35509,19444,7623,2068,367,39,2
SAMPLE n=24 alpha=16 par=0,1,2,3,4,4,2,7,1,9,10,11,9,1,14,14,14,14,1,19,19,19,19,1 poly=1,24,253,1561,6336,18042,37564,58832,70617,65598,47211,26116,10894,3309,688,87,5
SAMPLE n=24 alpha=15 par=0,1,2,3,4,4,2,2,2,2,1,11,12,13,12,12,1,17,18,17,20,17,22,17 poly=1,24,253,1561,6345,18144,38039,60025,72360,66961,47333,25161,9760,2616,435,34
SAMPLE n=24 alpha=17 par=0,1,2,3,4,4,2,1,8,9,10,8,12,12,12,12,8,17,8,8,8,8,1,1 poly=1,24,253,1572,6500,19108,41602,68904,88347,88588,69713,42907,20423,7360,1938,351,39,2
SAMPLE n=24 alpha=14 par=0,1,2,3,4,4,1,7,8,9,8,8,8,7,14,7,16,7,7,1,20,21,22,21 poly=1,24,253,1559,6298,17714,35916,53550,59259,48662,29335,12655,3714,668,56
SAMPLE n=24 alpha=14 par=0,1,2,3,4,4,1,7,8,9,7,11,7,1,14,15,15,14,18,1,20,21,1,23 poly=1,24,253,1552,6180,16861,32424,44544,43866,30815,15228,5150,1130,144,8
SAMPLE n=24 alpha=17 par=0,1,2,3,4,4,1,7,8,7,7,7,7,7,7,7,1,17,1,19,1,1,1,1 poly=1,24,253,1590,6777,21026,49552,91029,132259,152939,140711,102361,58127,25219,8072,1796,248,16
SAMPLE n=24 alpha=15 par=0,1,2,3,4,3,6,3,8,2,10,11,2,13,13,13,1,17,18,19,18,21,17,17 poly=1,24,253,1553,6202,17048,33276,46903,48073,35772,19110,7160,1811,290,26,1
SAMPLE n=24 alpha=16 par=0,1,2,3,4,3,6,3,3,2,10,10,10,2,2,2,2,2,1,19,20,19,22,1 poly=1,24,253,1572,6495,19037,41142,67124,83783,80415,59195,33047,13681,4036,790,89,4
SAMPLE n=24 alpha=13 par=0,1,2,3,4,3,6,3,2,9,10,2,12,13,2,15,2,1,18,19,20,18,22,1 poly=1,24,253,1555,6223,17119,33263,46127,45530,31498,14804,4471,780,60
SAMPLE n=24 alpha=14 par=0,1,2,3,4,3,6,3,2,9,9,9,1,13,14,15,13,17,18,1,20,21,20,20 poly=1,24,253,1552,6190,16999,33228,47137,48978,37244,20449,7851,1979,289,18
SAMPLE n=24 alpha=13 par=0,1,2,3,4,3,6,3,1,9,10,11,10,13,9,15,16,15,18,9,20,9,22,1 poly=1,24,253,1552,6178,16819,32097,43218,40700,26146,10942,2756,360,16
SAMPLE n=24 alpha=14 par=0,1,2,3,4,3,6,2,8,9,8,8,8,2,14,14,1,17,18,19,18,17,1,1 poly=1,24,253,1556,6251,17401,34747,50822,55064,44302,26256,11200,3274,591,50
SAMPLE n=24 alpha=16 par=0,1,2,3,4,3,6,1,8,9,10,9,8,13,1,15,15,15,15,15,15,15,1,1 poly=1,24,253,1570,6483,19069,41653,69287,88948,88508,68056,40026,17662,5655,1238,165,10
SAMPLE n=24 alpha=16 par=0,1,2,3,4,3,3,3,3,3,3,2,2,2,1,15,16,17,1,19,1,21,1,1 poly=1,24,253,1577,6588,19754,44291,76103,101577,105873,86017,53986,25710,9005,2195,334,24
SAMPLE n=24 alpha=16 par=0,1,2,3,4,3,3,3,3,2,10,10,2,2,2,1,16,17,1,19,19,1,22,22 poly=1,24,253,1566,6408,18483,39088,62168,75555,70754,51115,28301,11814,3605,760,99,6
SAMPLE n=24 alpha=15 par=0,1,2,3,4,3,3,3,3,2,10,2,12,2,14,1,16,17,18,17,1,21,21,1 poly=1,24,253,1561,6328,17913,36690,55508,62625,52654,32596,14470,4397,846,90,4
SAMPLE n=24 alpha=16 par=0,1,2,3,4,3,3,3,2,9,9,9,9,2,14,2,1,17,18,19,17,1,22,22 poly=1,24,253,1561,6334,18006,37303,57803,68112,61554,42700,22581,8961,2595,522,66,4
SAMPLE n=24 alpha=14 par=0,1,2,3,4,3,2,1,8,9,10,9,8,1,14,15,14,14,14,14,14,1,22,1 poly=1,24,253,1565,6395,18399,38706,60845,72147,64402,42659,20336,6593,1301,118
SAMPLE n=24 alpha=16 par=0,1,2,3,4,3,1,7,8,9,7,11,7,13,7,1,16,17,1,1,1,1,1,1 poly=1,24,253,1575,6545,19406,42725,71506,92041,91355,69595,40224,17280,5330,1112,140,8
SAMPLE n=24 alpha=15 par=0,1,2,3,4,2,6,2,8,2,10,2,12,2,1,15,16,17,15,15,15,15,1,1 poly=1,24,253,1568,6437,18644,39515,62578,74790,67508,45625,22631,7949,1859,258,16
SAMPLE n=24 alpha=15 par=0,1,2,3,3,3,2,2,1,9,10,10,9,13,9,15,9,17,1,19,20,20,19,1 poly=1,24,253,1558,6281,17585,35346,51939,56222,44779,25976,10738,3039,547,54,2
TOP5 rank=0 n=24 alpha=23 k=11 q=15 num=281248448936 den=1828114918084 par=0,1,1,1,1,1,1,1,1,1,1,1,1,1,1,1,1,1,1,1,1,1,1,1 poly=1,24,253,1771,8855,33649,100947,245157,490314,817190,1144066,1352078,1352078,1144066,817190,490314,245157,100947,33649,8855,1771,253,23,1
TOP5 rank=1 n=24 alpha=21 k=10 q=14 num=20823699325 den=127759779225 par=0,1,2,3,3,3,3,3,3,3,2,2,2,2,2,2,2,1,18,18,18,18,18,18 poly=1,24,253,1604,7041,23136,59625,124044,212084,301225,357435,355004,294736,203685,116309,54266,20349,5985,1330,210,21,1
TOP5 rank=2 n=24 alpha=21 k=10 q=14 num=20824054329 den=127759779225 par=0,1,2,3,3,3,3,3,3,3,2,2,2,2,2,2,1,17,17,17,17,17,17,17 poly=1,24,253,1603,7035,23121,59605,124029,212078,301224,357435,355004,294736,203685,116309,54266,20349,5985,1330,210,21,1
TOP5 rank=3 n=24 alpha=21 k=10 q=14 num=21476040456 den=131729798916 par=0,1,2,2,2,2,2,2,2,2,2,1,12,12,12,12,12,12,1,1,1,1,1,1 poly=1,24,253,1612,7130,23594,61077,127220,217153,307295,362946,358788,296672,204401,116490,54294,20351,5985,1330,210,21,1
TOP5 rank=4 n=24 alpha=21 k=10 q=14 num=21478112121 den=131642706276 par=0,1,2,3,3,3,3,3,3,3,3,3,3,2,2,2,2,2,1,19,19,19,19,19 poly=1,24,253,1610,7115,23539,60947,127005,216900,307085,362826,358743,296662,204400,116490,54294,20351,5985,1330,210,21,1
TOP5 rank=5 n=24 alpha=21 k=10 q=14 num=21142407744 den=129559683136 par=0,1,2,3,3,3,3,3,3,3,2,2,2,2,2,2,2,2,1,19,19,19,19,19 poly=1,24,253,1607,7073,23301,60166,125289,214184,303872,359944,356786,295671,204037,116399,54280,20350,5985,1330,210,21,1
TOP5 rank=6 n=24 alpha=21 k=10 q=14 num=21142764530 den=129559683136 par=0,1,2,3,3,3,3,3,3,2,2,2,2,2,2,2,2,1,18,18,18,18,18,18 poly=1,24,253,1606,7067,23286,60146,125274,214178,303871,359944,356786,295671,204037,116399,54280,20350,5985,1330,210,21,1
TOP5 rank=7 n=24 alpha=21 k=10 q=14 num=21484887366 den=131616584100 par=0,1,2,3,3,3,3,3,3,2,2,2,2,2,2,2,2,2,1,19,19,19,19,19 poly=1,24,253,1610,7111,23513,60873,126884,216775,307001,362790,358734,296661,204400,116490,54294,20351,5985,1330,210,21,1
TOP5 rank=8 n=24 alpha=21 k=10 q=14 num=20817696912 den=127406163600 par=0,1,2,3,3,3,3,3,3,1,10,11,11,11,11,11,11,1,1,1,1,1,1,1 poly=1,24,253,1598,6984,22921,59125,123243,211155,300432,356940,354784,294670,203673,116308,54266,20349,5985,1330,210,21,1
TOP5 rank=9 n=24 alpha=21 k=10 q=14 num=21153908861 den=129446685369 par=0,1,2,2,2,2,2,2,2,2,2,1,12,12,12,12,12,12,1,19,19,19,19,19 poly=1,24,253,1602,7030,23159,59877,124883,213772,303569,359787,356732,295660,204036,116399,54280,20350,5985,1330,210,21,1
TOP5 rank=10 n=24 alpha=21 k=10 q=14 num=21158444370 den=129440928841 par=0,1,2,3,3,3,3,3,3,1,10,11,11,11,11,11,1,1,1,1,1,1,1,1 poly=1,24,253,1601,7022,23131,59821,124813,213716,303541,359779,356731,295660,204036,116399,54280,20350,5985,1330,210,21,1
TOP5 rank=11 n=24 alpha=21 k=10 q=14 num=21969453375 den=134232838884 par=0,1,2,2,2,2,2,2,2,2,2,1,12,12,12,12,12,1,1,1,1,1,1,1 poly=1,24,253,1614,7150,23700,61461,128236,219161,310299,366378,361791,298674,205402,116854,54385,20365,5986,1330,210,21,1
TOP4 rank=0 n=24 alpha=23 k=11 q=15 num=281248448936 den=1828114918084 par=0,1,1,1,1,1,1,1,1,1,1,1,1,1,1,1,1,1,1,1,1,1,1,1 poly=1,24,253,1771,8855,33649,100947,245157,490314,817190,1144066,1352078,1352078,1144066,817190,490314,245157,100947,33649,8855,1771,253,23,1
TOP4 rank=1 n=24 alpha=21 k=10 q=14 num=20823699325 den=127759779225 par=0,1,2,3,3,3,3,3,3,3,2,2,2,2,2,2,2,1,18,18,18,18,18,18 poly=1,24,253,1604,7041,23136,59625,124044,212084,301225,357435,355004,294736,203685,116309,54266,20349,5985,1330,210,21,1
TOP4 rank=2 n=24 alpha=21 k=10 q=14 num=20824054329 den=127759779225 par=0,1,2,3,3,3,3,3,3,3,2,2,2,2,2,2,1,17,17,17,17,17,17,17 poly=1,24,253,1603,7035,23121,59605,124029,212078,301224,357435,355004,294736,203685,116309,54266,20349,5985,1330,210,21,1
TOP4 rank=3 n=24 alpha=21 k=10 q=14 num=21476040456 den=131729798916 par=0,1,2,2,2,2,2,2,2,2,2,1,12,12,12,12,12,12,1,1,1,1,1,1 poly=1,24,253,1612,7130,23594,61077,127220,217153,307295,362946,358788,296672,204401,116490,54294,20351,5985,1330,210,21,1
TOP4 rank=4 n=24 alpha=21 k=10 q=14 num=21478112121 den=131642706276 par=0,1,2,3,3,3,3,3,3,3,3,3,3,2,2,2,2,2,1,19,19,19,19,19 poly=1,24,253,1610,7115,23539,60947,127005,216900,307085,362826,358743,296662,204400,116490,54294,20351,5985,1330,210,21,1
TOP4 rank=5 n=24 alpha=21 k=10 q=14 num=21142407744 den=129559683136 par=0,1,2,3,3,3,3,3,3,3,2,2,2,2,2,2,2,2,1,19,19,19,19,19 poly=1,24,253,1607,7073,23301,60166,125289,214184,303872,359944,356786,295671,204037,116399,54280,20350,5985,1330,210,21,1
TOP4 rank=6 n=24 alpha=21 k=10 q=14 num=21142764530 den=129559683136 par=0,1,2,3,3,3,3,3,3,2,2,2,2,2,2,2,2,1,18,18,18,18,18,18 poly=1,24,253,1606,7067,23286,60146,125274,214178,303871,359944,356786,295671,204037,116399,54280,20350,5985,1330,210,21,1
TOP4 rank=7 n=24 alpha=21 k=10 q=14 num=21484887366 den=131616584100 par=0,1,2,3,3,3,3,3,3,2,2,2,2,2,2,2,2,2,1,19,19,19,19,19 poly=1,24,253,1610,7111,23513,60873,126884,216775,307001,362790,358734,296661,204400,116490,54294,20351,5985,1330,210,21,1
TOP4 rank=8 n=24 alpha=21 k=10 q=14 num=20817696912 den=127406163600 par=0,1,2,3,3,3,3,3,3,1,10,11,11,11,11,11,11,1,1,1,1,1,1,1 poly=1,24,253,1598,6984,22921,59125,123243,211155,300432,356940,354784,294670,203673,116308,54266,20349,5985,1330,210,21,1
TOP4 rank=9 n=24 alpha=21 k=10 q=14 num=21153908861 den=129446685369 par=0,1,2,2,2,2,2,2,2,2,2,1,12,12,12,12,12,12,1,19,19,19,19,19 poly=1,24,253,1602,7030,23159,59877,124883,213772,303569,359787,356732,295660,204036,116399,54280,20350,5985,1330,210,21,1
TOP4 rank=10 n=24 alpha=21 k=10 q=14 num=21158444370 den=129440928841 par=0,1,2,3,3,3,3,3,3,1,10,11,11,11,11,11,1,1,1,1,1,1,1,1 poly=1,24,253,1601,7022,23131,59821,124813,213716,303541,359779,356731,295660,204036,116399,54280,20350,5985,1330,210,21,1
TOP4 rank=11 n=24 alpha=21 k=10 q=14 num=21969453375 den=134232838884 par=0,1,2,2,2,2,2,2,2,2,2,1,12,12,12,12,12,1,1,1,1,1,1,1 poly=1,24,253,1614,7150,23700,61461,128236,219161,310299,366378,361791,298674,205402,116854,54385,20365,5986,1330,210,21,1
VDMIN_FLOAT n=24 value=0.681887503806 k=9 alpha=13 q=9 lambda=2.3717339229 V=1.71307784457 delta=0.39804817158 par=0,1,2,3,2,5,2,7,2,9,1,11,12,11,14,11,16,1,18,19,18,21,18,23 poly=1,24,253,1553,6193,16912,32389,43650,40711,25144,9348,1653,42,1
PERK n=24 alpha=23 k=5 q=15 num=238369516 den=1132255201 par=0,1,1,1,1,1,1,1,1,1,1,1,1,1,1,1,1,1,1,1,1,1,1,1
PERK n=24 alpha=23 k=6 q=15 num=1941008916 den=10190296809 par=0,1,1,1,1,1,1,1,1,1,1,1,1,1,1,1,1,1,1,1,1,1,1,1
PERK n=24 alpha=23 k=7 q=15 num=10606227291 den=60101954649 par=0,1,1,1,1,1,1,1,1,1,1,1,1,1,1,1,1,1,1,1,1,1,1,1
PERK n=24 alpha=23 k=8 q=15 num=40067969766 den=240407818596 par=0,1,1,1,1,1,1,1,1,1,1,1,1,1,1,1,1,1,1,1,1,1,1,1
PERK n=24 alpha=23 k=9 q=15 num=106847919376 den=667799496100 par=0,1,1,1,1,1,1,1,1,1,1,1,1,1,1,1,1,1,1,1,1,1,1,1
PERK n=24 alpha=23 k=10 q=15 num=203982391536 den=1308887012356 par=0,1,1,1,1,1,1,1,1,1,1,1,1,1,1,1,1,1,1,1,1,1,1,1
PERK n=24 alpha=23 k=11 q=15 num=281248448936 den=1828114918084 par=0,1,1,1,1,1,1,1,1,1,1,1,1,1,1,1,1,1,1,1,1,1,1,1
PERK n=24 alpha=23 k=12 q=15 num=281248448936 den=1828114918084 par=0,1,1,1,1,1,1,1,1,1,1,1,1,1,1,1,1,1,1,1,1,1,1,1
PERK n=24 alpha=23 k=13 q=15 num=203982391536 den=1308887012356 par=0,1,1,1,1,1,1,1,1,1,1,1,1,1,1,1,1,1,1,1,1,1,1,1
PERK n=24 alpha=23 k=14 q=15 num=106847919376 den=667799496100 par=0,1,1,1,1,1,1,1,1,1,1,1,1,1,1,1,1,1,1,1,1,1,1,1
PERK n=24 alpha=23 k=15 q=15 num=40067969766 den=240407818596 par=0,1,1,1,1,1,1,1,1,1,1,1,1,1,1,1,1,1,1,1,1,1,1,1
PERALPHA n=24 alpha=12 k=6 q=8 num=534420216 den=2008294596 par=0,1,2,1,4,1,6,1,8,1,10,1,12,1,14,1,16,1,18,1,20,1,22,1
PERALPHA n=24 alpha=13 k=6 q=9 num=606730788 den=2393557776 par=0,1,2,1,4,1,6,1,8,1,10,1,12,1,14,1,16,1,18,1,20,1,1,1
PERALPHA n=24 alpha=14 k=7 q=9 num=1335128536 den=5570233956 par=0,1,2,3,2,5,2,7,2,9,2,11,2,1,14,1,16,1,18,1,1,1,1,1
PERALPHA n=24 alpha=15 k=8 q=10 num=1549712531 den=6937390681 par=0,1,2,3,3,3,3,2,8,8,8,8,1,13,1,15,1,17,1,19,1,21,1,23
PERALPHA n=24 alpha=16 k=8 q=11 num=2110428825 den=10087189225 par=0,1,2,3,4,4,4,4,4,2,2,2,2,1,14,15,14,17,14,19,14,21,14,23
PERALPHA n=24 alpha=17 k=9 q=11 num=1945721968 den=9910799809 par=0,1,2,3,3,3,3,2,8,8,8,8,2,13,13,13,13,1,18,1,20,1,22,1
PERALPHA n=24 alpha=18 k=9 q=12 num=2765417494 den=14977843456 par=0,1,2,3,3,3,3,2,8,8,8,8,2,13,13,13,13,1,18,1,20,1,1,1
PERALPHA n=24 alpha=19 k=10 q=13 num=2081139319 den=11981272681 par=0,1,2,3,3,3,3,2,8,8,8,8,2,13,13,13,1,17,18,18,18,1,1,1
PERALPHA n=24 alpha=20 k=10 q=13 num=6613375294 den=39618115849 par=0,1,2,3,3,3,3,3,3,2,2,2,2,2,1,15,15,15,15,1,20,20,20,20
PERALPHA n=24 alpha=21 k=10 q=14 num=20823699325 den=127759779225 par=0,1,2,3,3,3,3,3,3,3,2,2,2,2,2,2,2,1,18,18,18,18,18,18
PERALPHA n=24 alpha=23 k=11 q=15 num=281248448936 den=1828114918084 par=0,1,1,1,1,1,1,1,1,1,1,1,1,1,1,1,1,1,1,1,1,1,1,1
TOPQ n=24 alpha=23 k=15 q=15 num=40067969766 den=240407818596 par=0,1,1,1,1,1,1,1,1,1,1,1,1,1,1,1,1,1,1,1,1,1,1,1
NEWTON n=24 alpha=18 k=12 q=12 num=8715130515 den=9363116419 par=0,1,2,2,2,1,6,6,6,1,10,10,10,1,14,14,14,1,18,18,18,1,22,22
NEWTONFAIL_DIST n=24 q_minus_k=0 trees=56246
NEWTONFAIL_DIST n=24 q_minus_k=1 trees=20661
NEWTONFAIL_DIST n=24 q_minus_k=2 trees=7631
NEWTONFAIL_DIST n=24 q_minus_k=3 trees=3452
NEWTONFAIL_DIST n=24 q_minus_k=4 trees=1757
NEWTONFAIL_DIST n=24 q_minus_k=5 trees=1064
NEWTONFAIL_DIST n=24 q_minus_k=6 trees=544
NEWTONFAIL_DIST n=24 q_minus_k=7 trees=150
NEWTONFAIL_DIST n=24 q_minus_k=8 trees=38
NEWTONFAIL_DIST n=24 q_minus_k=9 trees=11
VDBIN_FLOAT n=24 bin_lo=0 value=0.681887503806 k=9 alpha=13 q=9 lambda=2.3717339229 V=1.71307784457 delta=0.39804817158 par=0,1,2,3,2,5,2,7,2,9,1,11,12,11,14,11,16,1,18,19,18,21,18,23
VDBIN_FLOAT n=24 bin_lo=2 value=0.728952922908 k=9 alpha=13 q=9 lambda=1.97695903319 V=2.02571654019 delta=0.359849420412 par=0,1,2,3,4,5,4,7,4,9,4,11,4,13,4,15,4,17,1,19,20,21,19,1
VDBIN_FLOAT n=24 bin_lo=4 value=0.814601821719 k=12 alpha=18 q=12 lambda=2.15785892766 V=4.19159869371 delta=0.194341558256 par=0,1,2,2,2,1,6,6,6,1,10,10,10,1,14,14,14,1,18,18,18,1,22,22
STATS n=24 trees=7822368 viol5=0 viol4=0 zero5=0 zero4=0 nonunimodal=0 sampled=425 newton_fail_trees=91554
