SAMPLE n=24 alpha=14 par=0,1,2,3,4,5,6,7,8,8,7,11,7,13,4,4,3,1,18,19,20,21,22,23 poly=1,24,253,1548,6122,16493,31067,41300,38594,24919,10755,2936,463,36,1
SAMPLE n=24 alpha=13 par=0,1,2,3,4,5,6,7,8,8,7,11,2,13,1,15,16,17,18,19,20,15,22,15 poly=1,24,253,1546,6089,16265,30203,39319,35728,22263,9176,2335,318,16
SAMPLE n=24 alpha=14 par=0,1,2,3,4,5,6,7,8,8,7,4,12,3,3,2,1,17,18,19,20,21,22,19 poly=1,24,253,1548,6124,16525,31279,42062,40231,27102,12568,3848,723,73,3
SAMPLE n=24 alpha=14 par=0,1,2,3,4,5,6,7,8,7,10,4,1,13,14,15,16,17,18,15,20,14,14,13 poly=1,24,253,1547,6105,16372,30593,40166,36856,23186,9647,2507,376,30,1
SAMPLE n=24 alpha=14 par=0,1,2,3,4,5,6,7,8,7,3,1,12,13,14,15,16,17,15,19,15,14,14,13 poly=1,24,253,1549,6139,16619,31602,42733,41108,27834,12966,4001,771,84,4
SAMPLE n=24 alpha=13 par=0,1,2,3,4,5,6,7,8,6,5,11,3,13,14,13,13,1,18,19,20,21,22,23 poly=1,24,253,1546,6088,16251,30119,39037,35151,21534,8629,2116,283,16
SAMPLE n=24 alpha=14 par=0,1,2,3,4,5,6,7,8,5,10,3,12,12,3,1,16,17,18,19,20,21,17,17 poly=1,24,253,1548,6125,16542,31399,42521,41284,28622,13973,4671,1014,128,7
SAMPLE n=24 alpha=13 par=0,1,2,3,4,5,6,7,8,5,10,3,2,2,1,15,16,17,18,19,20,21,17,16 poly=1,24,253,1547,6107,16402,30778,40778,38044,24573,10596,2848,417,24
SAMPLE n=24 alpha=16 par=0,1,2,3,4,5,6,7,7,7,7,7,7,4,4,1,16,17,18,19,20,21,17,16 poly=1,24,253,1560,6339,18164,38306,60993,74214,69132,48990,26026,10104,2748,487,49,2
SAMPLE n=24 alpha=15 par=0,1,2,3,4,5,6,7,7,7,7,6,6,6,5,4,16,1,18,19,20,21,22,21 poly=1,24,253,1555,6242,17380,34796,51207,56068,45822,27753,12190,3711,716,72,2
SAMPLE n=24 alpha=15 par=0,1,2,3,4,5,6,7,7,7,5,5,2,1,14,15,16,17,18,18,17,16,1,1 poly=1,24,253,1553,6218,17276,34649,51537,57876,49529,32286,15830,5668,1400,213,15
SAMPLE n=24 alpha=15 par=0,1,2,3,4,5,6,7,7,7,5,4,4,4,2,1,16,17,18,19,20,21,1,23 poly=1,24,253,1552,6197,17097,33811,49089,53095,43043,26074,11637,3712,798,103,6
SAMPLE n=24 alpha=14 par=0,1,2,3,4,5,6,7,7,7,4,4,1,13,14,15,16,17,14,13,20,21,20,20 poly=1,24,253,1551,6181,16986,33368,47943,51033,40350,23480,9809,2797,490,40
SAMPLE n=24 alpha=15 par=0,1,2,3,4,5,6,7,7,7,4,3,3,1,14,15,16,17,18,14,20,14,14,14 poly=1,24,253,1557,6283,17721,36343,55536,64070,55996,36844,17927,6230,1451,200,12
SAMPLE n=24 alpha=16 par=0,1,2,3,4,5,6,7,7,7,3,3,3,1,14,15,16,17,18,18,17,21,14,1 poly=1,24,253,1553,6218,17276,34645,51500,57744,49283,32030,15699,5673,1451,245,24,1
SAMPLE n=24 alpha=14 par=0,1,2,3,4,5,6,7,7,6,10,4,12,13,3,3,2,1,18,19,20,21,22,18 poly=1,24,253,1548,6123,16513,31222,41926,40070,27057,12687,4009,811,95,5
SAMPLE n=24 alpha=14 par=0,1,2,3,4,5,6,7,7,6,10,4,2,1,14,15,16,17,18,16,20,16,15,23 poly=1,24,253,1548,6123,16511,31205,41878,40036,27137,12868,4157,870,107,6
SAMPLE n=24 alpha=16 par=0,1,2,3,4,5,6,7,7,6,6,4,4,4,4,4,1,17,18,19,20,21,1,23 poly=1,24,253,1560,6333,18087,37892,59742,71790,65879,45843,23811,8983,2350,392,35,1
SAMPLE n=24 alpha=14 par=0,1,2,3,4,5,6,7,7,6,5,5,4,4,1,15,16,17,18,19,17,1,22,1 poly=1,24,253,1552,6193,17031,33360,47396,49188,37172,20159,7612,1892,277,18
SAMPLE n=24 alpha=14 par=0,1,2,3,4,5,6,7,7,6,3,1,12,13,14,15,16,17,15,14,13,21,21,12 poly=1,24,253,1548,6125,16542,31400,42532,41330,28716,14076,4732,1032,130,7
SAMPLE n=24 alpha=13 par=0,1,2,3,4,5,6,7,7,5,10,4,4,1,14,15,16,17,18,19,16,15,14,1 poly=1,24,253,1549,6142,16664,31886,43715,43145,30447,15020,4932,971,87
SAMPLE n=24 alpha=14 par=0,1,2,3,4,5,6,7,7,4,10,11,10,1,14,15,16,17,18,19,17,17,14,23 poly=1,24,253,1547,6109,16433,30982,41525,39718,26947,12725,4017,780,77,2
SAMPLE n=24 alpha=15 par=0,1,2,3,4,5,6,7,7,4,4,4,1,13,14,15,16,17,18,16,20,15,13,13 poly=1,24,253,1552,6199,17124,33967,49599,54148,44499,27469,12575,4150,934,128,8
SAMPLE n=24 alpha=13 par=0,1,2,3,4,5,6,7,7,3,10,2,1,13,14,15,16,17,16,14,20,21,14,23 poly=1,24,253,1547,6106,16389,30714,40637,37953,24755,11005,3176,536,40
SAMPLE n=24 alpha=15 par=0,1,2,3,4,5,6,7,7,3,2,11,1,13,14,15,16,17,16,16,15,21,21,1 poly=1,24,253,1549,6142,16665,31904,43845,43638,31542,16520,6222,1659,303,35,2
SAMPLE n=24 alpha=14 par=0,1,2,3,4,5,6,7,7,3,2,11,1,13,14,15,16,17,14,13,20,21,20,20 poly=1,24,253,1548,6124,16528,31315,42238,40694,27828,13277,4283,886,107,6
SAMPLE n=24 alpha=16 par=0,1,2,3,4,5,6,7,7,2,1,11,12,13,14,15,16,13,13,13,13,13,13,13 poly=1,24,253,1570,6491,19161,42079,70311,90314,89428,68061,39439,17083,5355,1147,150,9
SAMPLE n=24 alpha=14 par=0,1,2,3,4,5,6,7,6,9,6,4,1,13,14,15,16,17,15,14,20,14,22,13 poly=1,24,253,1549,6137,16587,31396,42026,39679,26075,11658,3442,648,73,4
SAMPLE n=24 alpha=16 par=0,1,2,3,4,5,6,7,6,9,1,11,12,13,14,15,11,11,11,11,11,11,11,1 poly=1,24,253,1570,6482,19037,41343,67768,84489,79987,56958,29949,11267,2876,454,37,1
SAMPLE n=24 alpha=14 par=0,1,2,3,4,5,6,7,6,6,6,3,12,1,14,15,16,17,18,19,15,14,22,1 poly=1,24,253,1550,6160,16799,32441,45106,45391,32862,16792,5842,1304,169,10
SAMPLE n=24 alpha=14 par=0,1,2,3,4,5,6,7,6,6,5,11,5,4,2,1,16,17,18,19,20,21,16,16 poly=1,24,253,1551,6175,16897,32821,46109,47306,35518,19382,7527,1984,320,24
SAMPLE n=24 alpha=15 par=0,1,2,3,4,5,6,7,6,6,5,1,12,13,14,15,16,14,14,13,20,20,20,12 poly=1,24,253,1552,6195,17068,33647,48616,52347,42431,25944,11849,3932,896,125,8
SAMPLE n=24 alpha=13 par=0,1,2,3,4,5,6,7,6,6,3,11,12,2,14,2,1,17,18,19,20,21,18,1 poly=1,24,253,1549,6140,16634,31695,43045,41727,28572,13465,4146,749,60
SAMPLE n=24 alpha=14 par=0,1,2,3,4,5,6,7,6,6,1,11,12,13,14,15,12,12,1,19,20,21,22,20 poly=1,24,253,1548,6128,16588,31695,43571,43553,31743,16751,6264,1585,246,18
SAMPLE n=24 alpha=13 par=0,1,2,3,4,5,6,7,6,5,10,10,3,1,14,15,16,17,18,17,15,21,22,21 poly=1,24,253,1547,6107,16403,30794,40874,38334,25061,11067,3101,484,30
SAMPLE n=24 alpha=13 par=0,1,2,3,4,5,6,7,6,5,10,1,12,13,14,15,16,17,14,1,20,21,1,1 poly=1,24,253,1549,6141,16649,31792,43395,42488,29587,14286,4534,847,70
SAMPLE n=24 alpha=14 par=0,1,2,3,4,5,6,7,6,5,4,2,12,12,2,1,16,17,18,19,20,21,17,1 poly=1,24,253,1549,6140,16634,31696,43057,41786,28729,13714,4386,885,101,5
SAMPLE n=24 alpha=13 par=0,1,2,3,4,5,6,7,6,5,1,11,12,13,14,15,12,17,18,17,11,21,21,21 poly=1,24,253,1548,6124,16528,31315,42231,40634,27624,12914,3918,681,49
SAMPLE n=24 alpha=14 par=0,1,2,3,4,5,6,7,6,4,10,10,4,13,2,15,16,2,1,19,20,21,22,23 poly=1,24,253,1548,6122,16501,31165,41790,39901,26957,12666,4002,799,89,4
SAMPLE n=24 alpha=13 par=0,1,2,3,4,5,6,7,6,4,10,1,12,13,14,15,16,14,18,14,20,14,13,13 poly=1,24,253,1551,6169,16808,32263,44158,43086,29607,13940,4266,762,60
SAMPLE n=24 alpha=14 par=0,1,2,3,4,5,6,7,6,4,10,1,12,13,14,15,16,14,13,19,20,13,1,1 poly=1,24,253,1549,6142,16667,31924,43917,43737,31504,16216,5794,1356,185,11
SAMPLE n=24 alpha=13 par=0,1,2,3,4,5,6,7,6,4,10,1,12,13,14,15,16,12,18,19,20,18,22,12 poly=1,24,253,1546,6087,16237,30041,38812,34787,21201,8465,2078,280,16
SAMPLE n=24 alpha=14 par=0,1,2,3,4,5,6,7,6,4,4,3,12,2,14,2,1,17,18,19,20,21,18,17 poly=1,24,253,1550,6157,16762,32260,44664,44864,32728,17203,6372,1582,236,16
SAMPLE n=24 alpha=13 par=0,1,2,3,4,5,6,7,6,3,10,11,11,3,14,14,1,17,18,19,20,21,18,17 poly=1,24,253,1548,6124,16528,31315,42235,40667,27732,13094,4080,756,63
SAMPLE n=24 alpha=13 par=0,1,2,3,4,5,6,7,6,2,10,2,1,13,14,15,16,17,15,19,20,15,22,14 poly=1,24,253,1548,6121,16479,30988,41062,38164,24422,10373,2739,398,24
SAMPLE n=24 alpha=15 par=0,1,2,3,4,5,6,7,5,9,9,5,3,1,14,15,16,17,18,15,20,21,15,1 poly=1,24,253,1549,6142,16668,31946,44083,44361,32845,17974,7242,2106,421,52,3
SAMPLE n=24 alpha=14 par=0,1,2,3,4,5,6,7,5,9,9,2,1,13,14,15,16,17,14,19,13,13,1,1 poly=1,24,253,1550,6155,16729,32033,43804,42874,29788,14395,4662,948,107,5
SAMPLE n=24 alpha=14 par=0,1,2,3,4,5,6,7,5,9,5,4,12,13,2,1,16,17,18,19,20,21,19,17 poly=1,24,253,1547,6106,16391,30741,40784,38377,25474,11758,3671,735,84,4
SAMPLE n=24 alpha=14 par=0,1,2,3,4,5,6,7,5,4,10,11,4,1,14,15,16,17,18,14,20,21,14,23 poly=1,24,253,1547,6103,16344,30437,39720,36164,22647,9538,2623,452,45,2
SAMPLE n=24 alpha=14 par=0,1,2,3,4,5,6,7,5,4,10,10,4,3,14,14,1,17,18,19,20,21,1,23 poly=1,24,253,1548,6120,16472,30987,41182,38626,25253,11207,3216,545,45,1
SAMPLE n=24 alpha=14 par=0,1,2,3,4,5,6,7,5,3,10,11,10,2,1,15,16,17,18,19,20,1,1,1 poly=1,24,253,1550,6158,16776,32334,44845,45032,32591,16701,5842,1303,162,8
SAMPLE n=24 alpha=15 par=0,1,2,3,4,5,6,7,5,3,10,3,12,3,1,15,16,17,18,19,20,16,1,1 poly=1,24,253,1551,6176,16918,32987,46797,49009,38200,22157,9442,2867,586,72,4
SAMPLE n=24 alpha=14 par=0,1,2,3,4,5,6,7,5,1,10,11,12,13,14,15,12,12,11,10,20,21,20,1 poly=1,24,253,1548,6123,16514,31234,41983,40208,27242,12830,4078,837,103,6
SAMPLE n=24 alpha=16 par=0,1,2,3,4,5,6,6,6,6,6,6,5,13,13,5,5,4,1,19,20,21,22,22 poly=1,24,253,1564,6389,18430,39142,62848,77424,73544,53683,29777,12298,3655,737,90,5
SAMPLE n=24 alpha=16 par=0,1,2,3,4,5,6,6,6,6,6,6,5,13,4,1,16,17,18,19,18,21,17,17 poly=1,24,253,1561,6348,18179,38220,60553,73292,67996,48119,25672,10114,2841,535,60,3
SAMPLE n=24 alpha=16 par=0,1,2,3,4,5,6,6,6,6,6,6,5,1,14,15,16,17,18,16,15,15,1,23 poly=1,24,253,1561,6350,18201,38311,60728,73418,67868,47677,25080,9631,2590,455,46,2
SAMPLE n=24 alpha=15 par=0,1,2,3,4,5,6,6,6,6,5,4,12,12,4,15,4,1,18,19,20,21,20,20 poly=1,24,253,1557,6278,17654,35968,54362,61732,52820,33795,15845,5243,1146,146,8
SAMPLE n=24 alpha=15 par=0,1,2,3,4,5,6,6,6,6,5,4,4,1,14,15,16,17,16,16,15,21,15,14 poly=1,24,253,1557,6280,17678,36102,54818,62764,54429,35547,17175,5933,1379,192,12
SAMPLE n=24 alpha=15 par=0,1,2,3,4,5,6,6,6,5,10,10,10,4,3,1,16,17,18,19,20,17,22,23 poly=1,24,253,1550,6161,16826,32691,46263,48477,37946,22143,9468,2855,565,64,3
SAMPLE n=24 alpha=14 par=0,1,2,3,4,5,6,6,6,5,10,5,12,4,14,14,4,1,18,19,20,21,20,23 poly=1,24,253,1551,6169,16813,32322,44452,43895,30954,15337,5162,1105,133,7
SAMPLE n=24 alpha=15 par=0,1,2,3,4,5,6,6,6,5,10,5,5,5,3,15,16,3,2,1,20,21,22,23 poly=1,24,253,1557,6273,17586,35580,53134,59336,49807,31336,14585,4882,1113,155,10
SAMPLE n=24 alpha=15 par=0,1,2,3,4,5,6,6,6,5,10,3,1,13,14,15,16,17,17,16,20,16,14,14 poly=1,24,253,1552,6197,17093,33770,48920,52724,42558,25673,11421,3638,784,102,6
SAMPLE n=24 alpha=15 par=0,1,2,3,4,5,6,6,6,5,5,3,12,13,14,14,1,17,18,19,20,17,17,1 poly=1,24,253,1552,6197,17093,33766,48882,52580,42273,25346,11195,3545,763,100,6
SAMPLE n=24 alpha=14 par=0,1,2,3,4,5,6,6,6,5,5,2,1,13,14,15,16,15,18,15,20,13,13,1 poly=1,24,253,1554,6228,17289,34430,50210,54173,43290,25386,10668,3060,541,45
SAMPLE n=24 alpha=15 par=0,1,2,3,4,5,6,6,6,5,4,3,12,12,3,1,16,17,18,19,17,17,1,23 poly=1,24,253,1553,6212,17188,34105,49654,53784,43604,26392,11765,3749,806,104,6
SAMPLE n=24 alpha=15 par=0,1,2,3,4,5,6,6,6,5,3,11,12,3,1,15,16,17,18,15,20,1,22,1 poly=1,24,253,1551,6176,16913,32925,46474,48081,36580,20370,8180,2297,424,45,2
SAMPLE n=24 alpha=15 par=0,1,2,3,4,5,6,6,6,5,3,11,11,3,2,1,16,17,18,19,20,20,17,17 poly=1,24,253,1553,6215,17230,34346,50403,55193,45298,27723,12445,3966,845,107,6
SAMPLE n=24 alpha=15 par=0,1,2,3,4,5,6,6,6,5,1,11,12,13,14,15,13,17,17,13,13,13,12,23 poly=1,24,253,1556,6257,17473,35118,51913,57119,46943,28665,12796,4044,853,107,6
SAMPLE n=24 alpha=15 par=0,1,2,3,4,5,6,6,6,4,10,11,11,3,14,15,1,17,18,19,20,19,17,17 poly=1,24,253,1550,6165,16883,33027,47345,50617,40754,24737,11211,3700,845,120,8
SAMPLE n=24 alpha=16 par=0,1,2,3,4,5,6,6,6,4,4,4,2,13,13,13,2,17,1,19,20,21,22,19 poly=1,24,253,1556,6268,17644,36236,56004,66533,61465,44262,24671,10455,3260,706,95,6
SAMPLE n=24 alpha=15 par=0,1,2,3,4,5,6,6,6,4,4,4,1,13,14,15,16,15,14,14,13,21,22,1 poly=1,24,253,1555,6250,17498,35544,53885,62097,54859,37070,18883,7030,1806,286,21
SAMPLE n=24 alpha=15 par=0,1,2,3,4,5,6,6,6,4,4,3,1,13,14,15,16,17,15,14,20,21,21,13 poly=1,24,253,1551,6181,16990,33425,48274,52075,42345,25937,11808,3874,863,116,7
SAMPLE n=24 alpha=15 par=0,1,2,3,4,5,6,6,6,3,10,11,10,2,14,15,1,17,18,19,20,18,18,17 poly=1,24,253,1550,6161,16818,32587,45713,46919,35319,19369,7599,2063,367,39,2
SAMPLE n=24 alpha=15 par=0,1,2,3,4,5,6,6,6,3,10,10,3,3,3,1,16,17,18,19,17,21,16,1 poly=1,24,253,1557,6279,17668,36051,54642,62343,53755,34844,16709,5745,1337,188,12
SAMPLE n=24 alpha=14 par=0,1,2,3,4,5,6,6,6,3,10,3,3,2,2,1,16,17,18,19,16,21,22,1 poly=1,24,253,1554,6225,17255,34266,49748,53298,42099,24207,9844,2678,436,32
SAMPLE n=24 alpha=15 par=0,1,2,3,4,5,6,6,6,3,3,3,2,13,14,2,16,1,18,19,20,21,20,20 poly=1,24,253,1555,6246,17437,35142,52387,58581,49359,31167,14499,4805,1066,140,8
SAMPLE n=24 alpha=14 par=0,1,2,3,4,5,6,6,6,3,2,11,12,11,14,1,16,17,18,19,17,21,22,17 poly=1,24,253,1549,6143,16680,31996,44146,44202,32125,16763,6115,1482,215,14
SAMPLE n=24 alpha=14 par=0,1,2,3,4,5,6,6,6,2,10,10,1,13,14,15,16,14,18,14,13,21,22,23 poly=1,24,253,1549,6143,16681,32005,44175,44243,32141,16730,6053,1434,198,12
SAMPLE n=24 alpha=16 par=0,1,2,3,4,5,6,6,6,1,10,11,12,13,14,14,13,13,1,19,19,19,1,1 poly=1,24,253,1556,6266,17600,35879,54512,62812,55438,37579,19460,7582,2158,425,52,3
SAMPLE n=24 alpha=15 par=0,1,2,3,4,5,6,6,6,1,10,11,12,13,14,13,13,12,18,12,20,11,1,1 poly=1,24,253,1553,6211,17174,34026,49419,53369,43130,26012,11540,3654,781,101,6
SAMPLE n=24 alpha=15 par=0,1,2,3,4,5,6,6,5,9,9,5,5,4,1,15,16,17,18,18,16,16,15,1 poly=1,24,253,1555,6242,17374,34742,51012,55711,45510,27755,12487,4031,883,117,7
SAMPLE n=24 alpha=15 par=0,1,2,3,4,5,6,6,5,9,9,5,3,1,14,15,16,17,16,16,15,14,14,14 poly=1,24,253,1556,6263,17555,35592,53448,60228,51101,32430,15111,4991,1097,142,8
SAMPLE n=24 alpha=15 par=0,1,2,3,4,5,6,6,5,9,9,4,4,3,14,2,1,17,18,19,20,21,18,17 poly=1,24,253,1550,6157,16764,32293,44880,45613,34262,19156,7957,2405,502,65,4
SAMPLE n=24 alpha=16 par=0,1,2,3,4,5,6,6,5,9,9,4,4,3,2,1,16,17,18,19,18,16,16,16 poly=1,24,253,1555,6248,17470,35384,53401,61267,54111,36968,19475,7813,2324,486,64,4
SAMPLE n=24 alpha=15 par=0,1,2,3,4,5,6,6,5,9,4,11,3,13,14,14,3,3,3,1,20,21,22,23 poly=1,24,253,1554,6223,17238,34235,49886,54081,43816,26361,11556,3560,721,84,4
SAMPLE n=24 alpha=14 par=0,1,2,3,4,5,6,6,5,9,4,11,2,13,14,15,15,2,1,19,20,21,22,22 poly=1,24,253,1548,6126,16560,31531,43041,42497,30364,15536,5548,1314,186,12
SAMPLE n=24 alpha=13 par=0,1,2,3,4,5,6,6,5,9,4,11,2,13,1,15,16,17,18,19,18,18,17,1 poly=1,24,253,1549,6140,16630,31651,42849,41263,27934,12948,3910,696,56
SAMPLE n=24 alpha=15 par=0,1,2,3,4,5,6,6,5,5,5,4,4,4,3,15,1,17,18,19,20,18,22,18 poly=1,24,253,1557,6272,17568,35457,52684,58325,48315,29842,13561,4408,971,130,8
SAMPLE n=24 alpha=14 par=0,1,2,3,4,5,6,6,5,5,3,11,12,11,14,1,16,17,18,19,18,21,16,16 poly=1,24,253,1550,6160,16800,32455,45190,45665,33383,17377,6219,1431,186,10
SAMPLE n=24 alpha=16 par=0,1,2,3,4,5,6,6,5,5,3,3,2,13,14,14,14,14,1,19,20,21,22,21 poly=1,24,253,1555,6253,17539,35766,54525,63224,56198,38255,19748,7574,2081,384,42,2
SAMPLE n=24 alpha=14 par=0,1,2,3,4,5,6,6,5,4,4,2,12,1,14,15,16,17,18,17,17,16,1,23 poly=1,24,253,1551,6176,16906,32839,46036,46850,34449,17981,6418,1456,180,8
SAMPLE n=24 alpha=14 par=0,1,2,3,4,5,6,6,5,3,10,2,12,12,2,15,2,1,18,19,20,21,22,22 poly=1,24,253,1551,6171,16840,32471,44894,44670,31788,15900,5411,1182,148,8
SAMPLE n=24 alpha=17 par=0,1,2,3,4,5,6,6,5,3,10,1,12,13,14,15,15,13,1,1,1,1,1,1 poly=1,24,253,1566,6433,18809,40910,68003,87668,88238,69436,42582,20165,7242,1909,348,39,2
SAMPLE n=24 alpha=14 par=0,1,2,3,4,5,6,6,5,2,10,1,12,13,14,15,14,14,1,19,20,19,1,1 poly=1,24,253,1553,6208,17126,33693,48109,50148,37954,20467,7571,1790,235,12
SAMPLE n=24 alpha=14 par=0,1,2,3,4,5,6,6,5,2,10,1,12,13,14,15,1,17,18,19,19,17,22,23 poly=1,24,253,1546,6089,16269,30252,39565,36391,23319,10201,2932,512,45,1
SAMPLE n=24 alpha=13 par=0,1,2,3,4,5,6,6,5,1,10,11,12,13,14,13,12,12,11,19,11,21,11,23 poly=1,24,253,1552,6183,16888,32497,44498,43186,29164,13203,3744,583,36
SAMPLE n=24 alpha=16 par=0,1,2,3,4,5,6,6,4,9,10,9,12,4,4,1,16,17,18,19,19,16,16,16 poly=1,24,253,1555,6248,17468,35355,53228,60704,52985,35482,18113,6921,1910,357,40,2
SAMPLE n=24 alpha=15 par=0,1,2,3,4,5,6,6,4,9,10,9,9,9,9,1,16,17,18,19,20,18,18,17 poly=1,24,253,1556,6263,17557,35609,53501,60304,51152,32456,15158,5057,1142,157,10
SAMPLE n=24 alpha=15 par=0,1,2,3,4,5,6,6,4,9,9,4,3,2,14,15,15,2,1,19,20,21,22,20 poly=1,24,253,1551,6176,16918,32985,46775,48912,37983,21892,9262,2800,573,71,4
SAMPLE n=24 alpha=16 par=0,1,2,3,4,5,6,6,4,9,9,2,2,2,1,15,16,17,18,17,16,16,15,15 poly=1,24,253,1556,6266,17607,35960,54887,63756,56904,39074,20488,8057,2300,450,54,3
SAMPLE n=24 alpha=16 par=0,1,2,3,4,5,6,6,4,4,4,4,3,2,1,15,16,17,18,16,16,15,15,1 poly=1,24,253,1560,6330,18041,37634,59041,70851,65577,46820,25578,10505,3144,649,83,5
SAMPLE n=24 alpha=15 par=0,1,2,3,4,5,6,6,4,4,4,1,12,13,14,15,16,13,18,19,19,18,12,1 poly=1,24,253,1552,6197,17096,33804,49068,53044,42915,25824,11325,3475,691,76,3
SAMPLE n=24 alpha=16 par=0,1,2,3,4,5,6,6,4,4,3,1,12,13,14,15,16,12,12,12,12,12,1,23 poly=1,24,253,1561,6346,18154,38085,60148,72583,67318,47909,25937,10494,3072,613,74,4
SAMPLE n=24 alpha=15 par=0,1,2,3,4,5,6,6,4,3,10,11,11,10,14,2,16,1,18,19,20,21,21,1 poly=1,24,253,1548,6124,16533,31381,42599,41760,29691,15275,5611,1427,237,23,1
SAMPLE n=24 alpha=15 par=0,1,2,3,4,5,6,6,4,3,10,11,11,10,2,2,1,17,18,19,20,21,20,18 poly=1,24,253,1550,6161,16823,32649,46031,47813,36859,21086,8864,2672,549,69,4
SAMPLE n=24 alpha=15 par=0,1,2,3,4,5,6,6,4,3,10,2,1,13,14,15,16,17,16,15,15,13,1,23 poly=1,24,253,1550,6158,16773,32311,44807,45171,33277,17949,7066,2001,393,49,3
SAMPLE n=24 alpha=15 par=0,1,2,3,4,5,6,6,4,3,3,1,12,13,14,15,14,1,18,18,1,21,21,1 poly=1,24,253,1554,6225,17256,34283,49863,53715,43011,25482,11011,3374,696,87,5
SAMPLE n=24 alpha=17 par=0,1,2,3,4,5,6,6,4,2,2,1,12,13,14,15,14,14,14,14,14,14,12,23 poly=1,24,253,1567,6451,18939,41438,69429,90507,92611,74678,47416,23544,8999,2569,518,66,4
SAMPLE n=24 alpha=14 par=0,1,2,3,4,5,6,6,3,9,10,11,11,3,14,15,3,17,1,19,20,21,22,22 poly=1,24,253,1549,6140,16641,31778,43448,42781,30221,15087,5162,1143,146,8
SAMPLE n=24 alpha=16 par=0,1,2,3,4,5,6,6,3,9,10,10,9,9,1,15,16,17,18,16,1,1,1,1 poly=1,24,253,1557,6284,17745,36549,56442,66444,60039,41571,21844,8551,2416,466,55,3
SAMPLE n=24 alpha=14 par=0,1,2,3,4,5,6,6,3,9,9,2,1,13,14,15,16,15,13,1,20,21,20,1 poly=1,24,253,1550,6156,16746,32147,44212,43755,31007,15504,5324,1198,161,10
SAMPLE n=24 alpha=16 par=0,1,2,3,4,5,6,6,3,9,9,2,1,13,14,15,16,14,18,14,14,14,13,13 poly=1,24,253,1557,6274,17599,35659,53427,60067,51094,32973,16097,5884,1575,295,35,2
SAMPLE n=24 alpha=15 par=0,1,2,3,4,5,6,6,3,1,10,11,12,13,14,13,13,13,12,19,19,10,22,22 poly=1,24,253,1552,6196,17081,33704,48690,52164,41608,24571,10560,3195,641,76,4
SAMPLE n=24 alpha=15 par=0,1,2,3,4,5,6,6,3,1,10,11,12,13,14,12,11,17,17,11,11,10,22,1 poly=1,24,253,1552,6188,16968,33035,46501,47759,35859,19580,7665,2093,379,41,2
SAMPLE n=24 alpha=16 par=0,1,2,3,4,5,6,6,3,1,10,11,12,13,14,12,11,11,1,19,19,19,19,19 poly=1,24,253,1557,6285,17757,36602,56538,66441,59723,40937,21149,8055,2179,393,42,2
SAMPLE n=24 alpha=15 par=0,1,2,3,4,5,6,6,3,1,10,11,12,13,14,11,10,10,10,1,20,20,1,1 poly=1,24,253,1556,6255,17454,35047,51787,57047,47080,29014,13175,4287,948,128,8
SAMPLE n=24 alpha=15 par=0,1,2,3,4,5,6,6,2,9,10,11,10,13,10,2,1,17,18,19,20,1,1,1 poly=1,24,253,1553,6209,17147,33860,48810,51933,40907,23740,10011,2987,600,73,4
SAMPLE n=24 alpha=15 par=0,1,2,3,4,5,6,6,2,2,2,1,12,13,14,15,16,15,18,13,20,21,12,12 poly=1,24,253,1552,6197,17099,33838,49236,53521,43775,26856,12168,3945,865,115,7
SAMPLE n=24 alpha=14 par=0,1,2,3,4,5,6,6,2,1,10,11,12,13,12,11,11,10,10,1,20,21,20,23 poly=1,24,253,1551,6172,16856,32578,45288,45560,33087,17150,6199,1495,219,15
SAMPLE n=24 alpha=14 par=0,1,2,3,4,5,6,5,8,5,2,11,12,13,14,11,1,17,18,19,20,1,1,1 poly=1,24,253,1551,6175,16897,32813,46029,46976,34777,18385,6703,1577,211,12
SAMPLE n=24 alpha=13 par=0,1,2,3,4,5,6,5,8,4,10,11,10,13,3,1,16,17,18,19,20,16,22,23 poly=1,24,253,1545,6068,16085,29369,37003,31711,17887,6256,1216,105,3
SAMPLE n=24 alpha=15 par=0,1,2,3,4,5,6,5,8,4,10,10,10,4,3,1,16,17,18,19,18,18,17,17 poly=1,24,253,1554,6224,17235,34129,49276,52363,40986,23434,9592,2706,491,50,2
SAMPLE n=24 alpha=15 par=0,1,2,3,4,5,6,5,8,4,4,2,12,2,2,1,16,17,18,19,20,16,1,1 poly=1,24,253,1554,6222,17212,34014,48955,51822,40426,23087,9472,2684,487,49,2
SAMPLE n=24 alpha=13 par=0,1,2,3,4,5,6,5,8,1,10,11,12,13,14,13,13,12,18,18,10,21,22,21 poly=1,24,253,1548,6123,16510,31185,41737,39541,26157,11718,3350,541,36
SAMPLE n=24 alpha=13 par=0,1,2,3,4,5,6,5,8,1,10,11,12,13,14,13,12,11,18,10,20,20,20,1 poly=1,24,253,1549,6140,16637,31734,43253,42320,29558,14440,4703,917,81
SAMPLE n=24 alpha=15 par=0,1,2,3,4,5,6,5,5,5,5,2,2,1,14,15,16,17,18,15,20,14,1,23 poly=1,24,253,1556,6263,17552,35546,53167,59301,49247,30067,13161,3961,765,84,4
SAMPLE n=24 alpha=14 par=0,1,2,3,4,5,6,5,5,5,4,2,1,13,14,15,16,17,16,14,20,21,22,20 poly=1,24,253,1551,6177,16922,32941,46377,47525,35299,18698,6840,1631,227,14
SAMPLE n=24 alpha=16 par=0,1,2,3,4,5,6,5,5,5,2,2,2,2,2,1,16,17,18,19,18,16,1,1 poly=1,24,253,1566,6430,18756,40549,66688,84650,83380,63562,37086,16207,5112,1092,140,8
SAMPLE n=24 alpha=15 par=0,1,2,3,4,5,6,5,5,5,2,1,12,13,14,15,16,13,13,12,12,1,1,1 poly=1,24,253,1559,6312,17898,36961,56958,66400,58823,39415,19667,7085,1741,261,18
SAMPLE n=24 alpha=14 par=0,1,2,3,4,5,6,5,5,4,4,3,2,13,14,1,16,17,18,19,20,19,17,17 poly=1,24,253,1552,6193,17033,33388,47554,49664,38025,21109,8272,2168,340,24
SAMPLE n=24 alpha=14 par=0,1,2,3,4,5,6,5,5,4,3,3,1,13,14,15,16,15,1,19,20,21,21,1 poly=1,24,253,1552,6196,17080,33691,48620,51954,41203,24031,10051,2862,498,40
SAMPLE n=24 alpha=14 par=0,1,2,3,4,5,6,5,5,2,10,11,12,2,1,15,16,17,18,16,20,1,1,1 poly=1,24,253,1553,6209,17146,33849,48752,51736,40452,23030,9275,2494,398,28
SAMPLE n=24 alpha=15 par=0,1,2,3,4,5,6,5,5,2,10,11,11,2,14,14,1,17,18,19,20,18,18,18 poly=1,24,253,1554,6232,17354,34864,51798,57763,48636,30815,14479,4895,1125,157,10
SAMPLE n=24 alpha=15 par=0,1,2,3,4,5,6,5,4,9,9,9,4,4,2,1,16,17,18,19,20,1,1,1 poly=1,24,253,1557,6276,17624,35787,53774,60587,51439,32800,15503,5286,1235,178,12
SAMPLE n=24 alpha=13 par=0,1,2,3,4,5,6,5,4,9,9,9,3,13,1,15,16,17,18,16,20,15,22,23 poly=1,24,253,1548,6122,16501,31172,41850,40098,27263,12876,4014,738,60
SAMPLE n=24 alpha=14 par=0,1,2,3,4,5,6,5,4,9,3,1,12,13,14,15,16,13,18,19,12,21,1,1 poly=1,24,253,1548,6121,16485,31066,41480,39376,26504,12544,4090,873,109,6
SAMPLE n=24 alpha=14 par=0,1,2,3,4,5,6,5,4,9,1,11,12,13,14,15,14,11,18,19,20,18,1,1 poly=1,24,253,1548,6123,16511,31198,41809,39768,26604,12280,3792,745,84,4
SAMPLE n=24 alpha=13 par=0,1,2,3,4,5,6,5,4,9,1,11,12,13,14,15,13,17,12,19,20,11,11,1 poly=1,24,253,1548,6120,16467,30929,40903,37898,24122,10131,2600,348,16
SAMPLE n=24 alpha=14 par=0,1,2,3,4,5,6,5,4,4,4,3,12,3,3,1,16,17,18,19,17,21,21,16 poly=1,24,253,1556,6254,17430,34856,51009,55142,44044,25731,10725,3033,524,42
SAMPLE n=24 alpha=14 par=0,1,2,3,4,5,6,5,4,4,4,3,2,1,14,15,16,17,18,17,14,21,21,1 poly=1,24,253,1553,6208,17126,33698,48154,50320,38319,20937,7947,1973,285,18
SAMPLE n=24 alpha=14 par=0,1,2,3,4,5,6,5,4,3,10,1,12,13,14,15,16,13,18,18,18,13,22,12 poly=1,24,253,1550,6154,16714,31943,43514,42310,29081,13795,4306,805,75,3
SAMPLE n=24 alpha=14 par=0,1,2,3,4,5,6,5,4,3,2,2,2,2,1,15,16,17,18,17,15,1,22,23 poly=1,24,253,1556,6257,17478,35162,52059,57318,46910,28169,12049,3472,604,48
SAMPLE n=24 alpha=14 par=0,1,2,3,4,5,6,5,4,3,2,1,12,13,14,15,16,14,14,14,1,21,1,1 poly=1,24,253,1556,6262,17537,35453,52862,58714,48537,29478,12772,3731,656,52
SAMPLE n=24 alpha=13 par=0,1,2,3,4,5,6,5,3,9,10,9,9,1,14,15,16,17,18,16,15,21,22,21 poly=1,24,253,1548,6123,16510,31186,41741,39540,26134,11685,3339,548,40
SAMPLE n=24 alpha=13 par=0,1,2,3,4,5,6,5,3,9,3,2,12,13,12,1,16,17,18,19,20,17,22,23 poly=1,24,253,1547,6104,16361,30548,40088,36834,23302,9816,2594,384,24
SAMPLE n=24 alpha=15 par=0,1,2,3,4,5,6,5,3,3,2,2,2,2,1,15,16,17,18,15,1,21,22,23 poly=1,24,253,1556,6255,17455,35055,51808,57055,47007,28828,12948,4123,876,110,6
SAMPLE n=24 alpha=13 par=0,1,2,3,4,5,6,5,2,9,10,9,12,1,14,15,16,17,18,16,15,21,22,1 poly=1,24,253,1546,6087,16236,30028,38746,34616,20955,8264,1985,256,13
SAMPLE n=24 alpha=15 par=0,1,2,3,4,5,6,4,8,8,8,4,4,3,14,1,16,17,18,19,20,18,1,23 poly=1,24,253,1552,6188,16966,33012,46390,47461,35364,19045,7278,1903,317,29,1
SAMPLE n=24 alpha=14 par=0,1,2,3,4,5,6,4,8,8,4,11,4,3,14,1,16,17,18,19,17,17,16,23 poly=1,24,253,1552,6185,16917,32691,45256,45044,32089,16153,5600,1270,169,10
SAMPLE n=24 alpha=15 par=0,1,2,3,4,5,6,4,8,8,4,4,4,4,1,15,16,17,18,15,20,20,15,23 poly=1,24,253,1560,6321,17907,36783,55959,63697,54285,34332,15799,5113,1098,140,8
SAMPLE n=24 alpha=14 par=0,1,2,3,4,5,6,4,8,8,2,11,11,11,1,15,16,17,18,15,1,21,1,23 poly=1,24,253,1550,6155,16734,32091,44083,43598,30888,15385,5167,1073,113,3
SAMPLE n=24 alpha=14 par=0,1,2,3,4,5,6,4,8,4,10,4,4,3,14,15,14,14,1,19,20,21,22,20 poly=1,24,253,1555,6236,17296,34293,49499,52399,40578,22672,8872,2298,352,24
SAMPLE n=24 alpha=16 par=0,1,2,3,4,5,6,4,8,4,4,4,3,2,14,14,14,1,18,19,20,21,1,1 poly=1,24,253,1558,6293,17755,36382,55531,64140,56521,38037,19410,7376,2016,372,41,2
SAMPLE n=24 alpha=14 par=0,1,2,3,4,5,6,4,8,3,10,11,10,3,1,15,16,17,18,16,16,15,22,1 poly=1,24,253,1550,6154,16716,31972,43690,42893,30235,15202,5358,1268,182,12
SAMPLE n=24 alpha=16 par=0,1,2,3,4,5,6,4,4,4,4,1,12,13,14,15,16,14,12,19,1,21,21,21 poly=1,24,253,1556,6266,17603,35911,54632,62999,55470,37255,18909,7115,1920,351,39,2
SAMPLE n=24 alpha=14 par=0,1,2,3,4,5,6,4,4,4,3,2,12,13,14,13,16,1,18,19,20,21,19,18 poly=1,24,253,1551,6175,16896,32803,45991,46902,34695,18333,6687,1577,212,12
SAMPLE n=24 alpha=15 par=0,1,2,3,4,5,6,4,4,4,1,11,12,13,14,15,11,17,18,19,19,17,22,23 poly=1,24,253,1549,6144,16698,32128,44661,45391,33843,18368,7099,1876,315,29,1
SAMPLE n=24 alpha=15 par=0,1,2,3,4,5,6,4,4,3,2,11,11,11,1,15,16,17,18,19,17,17,1,23 poly=1,24,253,1552,6195,17068,33640,48547,52059,41770,25030,11059,3503,754,99,6
SAMPLE n=24 alpha=13 par=0,1,2,3,4,5,6,3,8,9,2,11,12,1,14,15,16,17,1,19,20,1,22,22 poly=1,24,253,1546,6083,16185,29761,38002,33419,19823,7645,1796,226,11
SAMPLE n=24 alpha=13 par=0,1,2,3,4,5,6,3,8,9,2,11,2,13,2,2,2,1,18,19,20,21,18,1 poly=1,24,253,1558,6277,17532,35031,50821,53610,40630,21488,7495,1540,140
SAMPLE n=24 alpha=13 par=0,1,2,3,4,5,6,3,8,2,10,11,12,11,1,15,16,17,18,19,16,15,1,1 poly=1,24,253,1548,6121,16485,31053,41343,38791,25194,10879,2876,386,14
SAMPLE n=24 alpha=15 par=0,1,2,3,4,5,6,3,3,3,2,11,2,2,1,15,16,17,18,19,15,21,22,15 poly=1,24,253,1555,6239,17342,34598,50647,55122,44857,27228,12166,3884,835,107,6
SAMPLE n=24 alpha=12 par=0,1,2,3,4,5,6,3,2,9,2,11,2,1,14,15,16,17,18,15,14,21,14,23 poly=1,24,253,1551,6167,16778,32065,43413,41346,27014,11489,2854,313
SAMPLE n=24 alpha=16 par=0,1,2,3,4,5,6,2,8,9,9,9,9,8,8,8,1,17,18,19,20,1,1,1 poly=1,24,253,1559,6311,17900,37063,57598,68424,62775,44571,24315,9998,2987,607,74,4
SAMPLE n=24 alpha=14 par=0,1,2,3,4,5,6,1,8,9,10,11,12,1,14,15,16,16,14,19,20,20,1,23 poly=1,24,253,1546,6088,16258,30206,39479,36345,23403,10361,3047,553,51,1
SAMPLE n=24 alpha=16 par=0,1,2,3,4,5,5,5,5,5,5,5,4,2,1,15,16,17,18,1,20,21,22,20 poly=1,24,253,1565,6412,18615,39892,64595,79864,75491,54257,29302,11656,3307,634,74,4
SAMPLE n=24 alpha=17 par=0,1,2,3,4,5,5,5,5,5,5,4,12,4,4,1,16,17,18,18,18,16,22,16 poly=1,24,253,1567,6447,18891,41226,69007,90251,93157,76132,49105,24741,9548,2729,545,68,4
SAMPLE n=24 alpha=16 par=0,1,2,3,4,5,5,5,5,5,5,4,3,13,1,15,16,17,17,17,15,21,22,21 poly=1,24,253,1562,6369,18359,39062,63009,78157,74878,55182,30875,12789,3752,720,77,3
SAMPLE n=24 alpha=16 par=0,1,2,3,4,5,5,5,5,5,5,4,2,13,14,14,2,1,18,19,20,18,22,1 poly=1,24,253,1562,6366,18314,38784,62057,76101,71904,52256,28970,12051,3652,764,99,6
SAMPLE n=24 alpha=17 par=0,1,2,3,4,5,5,5,5,5,5,2,12,1,14,15,16,17,16,1,1,1,1,1 poly=1,24,253,1572,6540,19606,44319,77651,107097,117030,101221,68747,36110,14313,4118,806,95,5
SAMPLE n=24 alpha=16 par=0,1,2,3,4,5,5,5,5,5,3,11,12,1,14,15,16,17,16,16,16,1,22,23 poly=1,24,253,1558,6306,17935,37433,58978,71287,66488,47694,25995,10530,3060,602,72,4
SAMPLE n=24 alpha=15 par=0,1,2,3,4,5,5,5,5,5,2,11,2,13,2,15,2,1,18,19,20,21,20,20 poly=1,24,253,1563,6383,18426,39163,62800,76925,72138,51399,27316,10476,2737,436,32
SAMPLE n=24 alpha=17 par=0,1,2,3,4,5,5,5,5,4,10,3,3,3,2,2,1,17,18,19,17,17,1,1 poly=1,24,253,1562,6361,18255,38513,61464,75625,72528,54410,31807,14320,4860,1200,203,21,1
SAMPLE n=24 alpha=16 par=0,1,2,3,4,5,5,5,5,4,4,2,12,12,2,15,2,2,1,19,20,21,1,23 poly=1,24,253,1561,6339,18053,37476,58104,68283,61261,41957,21754,8371,2302,422,45,2
SAMPLE n=24 alpha=17 par=0,1,2,3,4,5,5,5,5,3,3,1,12,13,14,15,15,14,18,18,12,1,1,1 poly=1,24,253,1559,6324,18083,38176,61508,77372,77036,61047,38420,19007,7244,2055,409,51,3
SAMPLE n=24 alpha=17 par=0,1,2,3,4,5,5,5,5,3,1,11,12,13,14,14,13,17,1,19,20,20,20,20 poly=1,24,253,1556,6275,17738,36765,57683,69970,66387,49447,28795,12952,4405,1095,188,20,1
SAMPLE n=24 alpha=17 par=0,1,2,3,4,5,5,5,5,3,1,11,12,13,14,12,16,17,12,12,12,1,22,1 poly=1,24,253,1560,6337,18149,38338,61653,77097,75891,59067,36241,17335,6331,1705,319,37,2
SAMPLE n=24 alpha=15 par=0,1,2,3,4,5,5,5,4,9,9,9,4,13,13,2,16,2,18,1,20,21,22,20 poly=1,24,253,1554,6224,17249,34293,50091,54620,44851,27734,12766,4255,973,137,9
SAMPLE n=24 alpha=15 par=0,1,2,3,4,5,5,5,4,9,9,4,3,2,14,15,1,17,18,19,20,17,17,17 poly=1,24,253,1555,6245,17424,35079,52237,58401,49290,31262,14659,4918,1111,150,9
SAMPLE n=24 alpha=15 par=0,1,2,3,4,5,5,5,4,9,9,2,12,13,13,13,2,1,18,19,20,19,22,1 poly=1,24,253,1553,6215,17237,34437,50890,56612,47826,30646,14698,5121,1224,179,12
SAMPLE n=24 alpha=15 par=0,1,2,3,4,5,5,5,4,9,9,2,12,13,2,15,2,1,18,19,20,20,1,1 poly=1,24,253,1555,6242,17383,34837,51433,56743,47062,29256,13437,4422,984,132,8
SAMPLE n=24 alpha=15 par=0,1,2,3,4,5,5,5,4,9,9,2,12,13,1,15,16,17,18,17,16,16,16,1 poly=1,24,253,1554,6230,17327,34720,51397,57120,48036,30538,14503,5007,1191,175,12
SAMPLE n=24 alpha=16 par=0,1,2,3,4,5,5,5,4,9,9,1,12,13,14,15,13,13,12,19,1,21,21,21 poly=1,24,253,1553,6213,17207,34257,50316,55523,46530,29684,14316,5123,1313,226,23,1
SAMPLE n=24 alpha=15 par=0,1,2,3,4,5,5,5,4,9,4,11,2,1,14,15,16,17,16,16,16,16,15,23 poly=1,24,253,1558,6294,17757,36337,55209,63078,54372,35132,16713,5656,1279,171,10
SAMPLE n=24 alpha=15 par=0,1,2,3,4,5,5,5,4,9,3,11,12,3,14,14,3,17,3,1,20,21,22,21 poly=1,24,253,1556,6249,17371,34561,50198,53814,42748,25064,10686,3210,641,76,4
SAMPLE n=24 alpha=15 par=0,1,2,3,4,5,5,5,4,9,3,3,2,2,1,15,16,17,18,16,20,20,1,23 poly=1,24,253,1553,6208,17133,33789,48648,51798,41029,24134,10415,3208,669,85,5
SAMPLE n=24 alpha=15 par=0,1,2,3,4,5,5,5,4,9,2,11,12,2,2,1,16,17,18,19,16,21,21,21 poly=1,24,253,1554,6231,17345,34841,51814,57958,49088,31397,14964,5165,1223,178,12
SAMPLE n=24 alpha=15 par=0,1,2,3,4,5,5,5,4,4,4,3,12,3,3,2,1,17,18,19,17,21,1,23 poly=1,24,253,1558,6284,17626,35594,52799,58110,47534,28709,12585,3871,782,90,4
SAMPLE n=24 alpha=15 par=0,1,2,3,4,5,5,5,4,4,4,3,3,2,1,15,16,17,16,15,20,15,1,1 poly=1,24,253,1560,6322,17922,36883,56355,64732,56143,36642,17769,6237,1507,226,16
SAMPLE n=24 alpha=17 par=0,1,2,3,4,5,5,5,4,4,4,2,12,12,2,2,1,17,18,19,17,17,1,1 poly=1,24,253,1562,6360,18235,38359,60836,74069,70007,51627,29670,13174,4437,1097,188,20,1
SAMPLE n=24 alpha=15 par=0,1,2,3,4,5,5,5,4,4,2,11,12,13,13,2,1,17,18,19,18,21,1,23 poly=1,24,253,1552,6194,17050,33504,47986,50662,39552,22708,9427,2732,515,54,2
SAMPLE n=24 alpha=13 par=0,1,2,3,4,5,5,5,4,3,10,11,10,1,14,15,16,17,16,19,16,21,14,1 poly=1,24,253,1551,6175,16891,32741,45668,45984,33126,16653,5550,1101,98
SAMPLE n=24 alpha=15 par=0,1,2,3,4,5,5,5,4,3,10,10,10,2,14,15,14,1,18,19,20,20,19,18 poly=1,24,253,1553,6213,17205,34217,50038,54560,44592,27212,12212,3905,838,107,6
SAMPLE n=24 alpha=15 par=0,1,2,3,4,5,5,5,4,3,10,10,10,2,14,2,16,1,18,19,20,20,19,23 poly=1,24,253,1553,6210,17162,33959,49181,52794,42188,24974,10773,3276,660,78,4
SAMPLE n=24 alpha=14 par=0,1,2,3,4,5,5,5,4,3,10,10,3,2,14,14,2,17,1,19,20,21,19,23 poly=1,24,253,1553,6204,17078,33459,47506,49268,37268,20310,7755,1965,296,20
SAMPLE n=24 alpha=15 par=0,1,2,3,4,5,5,5,4,3,10,2,12,2,1,15,16,17,18,18,15,1,22,22 poly=1,24,253,1552,6192,17026,33391,47720,50342,39417,22844,9672,2909,589,72,4
SAMPLE n=24 alpha=15 par=0,1,2,3,4,5,5,5,4,3,2,2,2,1,14,15,16,15,15,14,1,21,1,1 poly=1,24,253,1561,6340,18067,37550,58302,68557,61370,41685,21201,7854,2011,320,24
SAMPLE n=24 alpha=13 par=0,1,2,3,4,5,5,5,4,3,1,11,12,13,14,13,1,17,18,19,18,21,1,23 poly=1,24,253,1550,6159,16786,32370,44893,45002,32398,16391,5555,1136,106
SAMPLE n=24 alpha=15 par=0,1,2,3,4,5,5,5,4,2,10,11,10,2,1,15,16,17,18,17,17,15,1,1 poly=1,24,253,1555,6245,17418,34997,51798,57156,47169,28943,12983,4120,871,109,6
SAMPLE n=24 alpha=15 par=0,1,2,3,4,5,5,5,4,2,10,11,2,1,14,15,16,17,17,16,20,20,16,15 poly=1,24,253,1553,6211,17170,33979,49184,52716,42024,24826,10723,3294,683,86,5
SAMPLE n=24 alpha=16 par=0,1,2,3,4,5,5,5,4,2,10,10,10,2,2,1,16,17,18,19,17,21,21,16 poly=1,24,253,1556,6263,17561,35665,53848,61506,53719,36029,18501,7183,2052,409,51,3
SAMPLE n=24 alpha=14 par=0,1,2,3,4,5,5,5,4,2,10,2,12,1,14,15,16,17,17,16,16,15,14,23 poly=1,24,253,1553,6210,17152,33839,48579,51120,39317,21786,8440,2161,327,22
SAMPLE n=24 alpha=15 par=0,1,2,3,4,5,5,5,3,9,10,10,2,13,1,15,16,17,18,18,15,1,22,22 poly=1,24,253,1550,6163,16856,32876,46886,49768,39723,23869,10689,3476,779,108,7
SAMPLE n=24 alpha=15 par=0,1,2,3,4,5,5,5,3,9,10,9,12,1,14,15,16,16,15,14,20,21,14,14 poly=1,24,253,1553,6211,17175,34037,49459,53423,43111,25856,11315,3482,704,82,4
SAMPLE n=24 alpha=14 par=0,1,2,3,4,5,5,5,3,9,9,3,2,13,14,13,1,17,18,19,20,17,22,23 poly=1,24,253,1550,6159,16795,32481,45455,46540,34927,19014,7297,1863,282,19
SAMPLE n=24 alpha=15 par=0,1,2,3,4,5,5,5,3,9,9,2,12,1,14,15,16,16,16,1,20,20,1,23 poly=1,24,253,1553,6213,17208,34256,50245,55149,45600,28320,13020,4297,961,130,8
SAMPLE n=24 alpha=15 par=0,1,2,3,4,5,5,5,3,3,3,2,12,1,14,15,16,14,18,14,20,14,1,23 poly=1,24,253,1557,6276,17632,35890,54322,62183,54274,36031,17912,6451,1584,236,16
SAMPLE n=24 alpha=16 par=0,1,2,3,4,5,5,5,3,3,2,11,12,11,11,2,1,17,18,19,17,17,17,1 poly=1,24,253,1559,6313,17925,37200,58042,69380,64230,46195,25669,10841,3370,727,97,6
SAMPLE n=24 alpha=16 par=0,1,2,3,4,5,5,5,3,2,10,11,10,10,1,15,16,17,18,18,17,21,21,1 poly=1,24,253,1552,6197,17098,33836,49287,53857,44733,28435,13823,5088,1386,267,33,2
SAMPLE n=24 alpha=18 par=0,1,2,3,4,5,5,5,3,2,10,10,10,10,10,10,1,17,18,19,1,1,1,1 poly=1,24,253,1570,6507,19409,43760,76981,107739,121302,110390,81149,47899,22423,8151,2222,428,52,3
SAMPLE n=24 alpha=16 par=0,1,2,3,4,5,5,5,2,9,9,2,2,2,1,15,16,17,17,1,20,20,1,23 poly=1,24,253,1559,6306,17829,36625,56036,64815,57063,38211,19295,7215,1935,352,39,2
SAMPLE n=24 alpha=16 par=0,1,2,3,4,5,5,5,2,9,1,11,12,13,14,14,13,12,12,1,20,20,20,20 poly=1,24,253,1556,6269,17649,36201,55643,65214,58742,40625,21346,8333,2322,430,46,2
SAMPLE n=24 alpha=15 par=0,1,2,3,4,5,5,5,2,9,1,11,12,13,14,14,11,17,17,1,20,21,1,23 poly=1,24,253,1550,6158,16780,32389,45154,45966,34283,18637,7270,1977,357,39,2
SAMPLE n=24 alpha=16 par=0,1,2,3,4,5,5,5,2,9,1,11,12,13,14,12,12,12,11,19,20,20,20,1 poly=1,24,253,1555,6251,17514,35638,54170,62634,55598,37909,19680,7619,2117,394,43,2
SAMPLE n=24 alpha=16 par=0,1,2,3,4,5,5,4,8,8,4,4,3,13,13,2,1,17,18,19,20,20,19,19 poly=1,24,253,1555,6241,17364,34701,50924,55624,45558,28044,12937,4427,1098,188,20,1
SAMPLE n=24 alpha=16 par=0,1,2,3,4,5,5,4,8,8,3,11,12,11,3,3,2,1,18,19,20,18,18,18 poly=1,24,253,1557,6276,17633,35901,54378,62373,54755,36916,19037,7410,2118,421,52,3
SAMPLE n=24 alpha=15 par=0,1,2,3,4,5,5,4,8,8,3,2,1,13,14,15,15,13,18,19,18,1,1,1 poly=1,24,253,1554,6226,17274,34420,50432,55148,45333,27992,12853,4288,992,144,10
SAMPLE n=24 alpha=14 par=0,1,2,3,4,5,5,4,8,4,10,2,12,13,12,12,12,1,18,19,20,21,19,18 poly=1,24,253,1553,6208,17123,33660,47963,49804,37481,20084,7403,1764,241,14
SAMPLE n=24 alpha=14 par=0,1,2,3,4,5,5,4,8,4,10,2,12,13,2,1,16,17,18,19,18,21,17,16 poly=1,24,253,1550,6155,16727,32014,43740,42793,29807,14543,4802,1000,114,5
SAMPLE n=24 alpha=16 par=0,1,2,3,4,5,5,4,8,4,10,1,12,13,14,15,13,13,13,13,1,21,21,1 poly=1,24,253,1558,6297,17803,36625,56212,65265,57531,38254,18879,6736,1669,269,25,1
SAMPLE n=24 alpha=14 par=0,1,2,3,4,5,5,4,8,4,3,2,12,2,2,2,1,17,18,19,20,1,22,23 poly=1,24,253,1556,6251,17390,34611,50114,53018,40666,22115,8165,1889,233,10
SAMPLE n=24 alpha=15 par=0,1,2,3,4,5,5,4,4,4,4,3,12,13,13,2,1,17,18,19,19,18,17,1 poly=1,24,253,1558,6294,17764,36402,55467,63673,55276,36090,17434,6038,1416,201,13
SAMPLE n=24 alpha=15 par=0,1,2,3,4,5,5,4,4,4,3,2,12,13,14,1,16,17,18,17,17,16,22,22 poly=1,24,253,1554,6226,17265,34311,49878,53581,42577,24805,10368,2984,548,55,2
SAMPLE n=24 alpha=17 par=0,1,2,3,4,5,5,4,4,4,1,11,12,13,14,14,1,17,17,17,1,1,1,1 poly=1,24,253,1566,6428,18728,40400,66301,84199,83542,64980,39518,18615,6668,1759,323,37,2
SAMPLE n=24 alpha=15 par=0,1,2,3,4,5,5,4,4,3,10,11,10,2,14,15,1,17,18,19,17,21,22,17 poly=1,24,253,1550,6156,16748,32180,44421,44447,32357,17140,6576,1797,334,38,2
SAMPLE n=24 alpha=16 par=0,1,2,3,4,5,5,4,4,3,10,2,12,12,2,1,16,17,18,18,17,1,1,1 poly=1,24,253,1557,6275,17617,35781,53857,60952,52193,33752,16305,5757,1432,236,23,1
SAMPLE n=24 alpha=14 par=0,1,2,3,4,5,5,4,4,3,10,2,12,12,1,15,16,17,16,16,15,21,1,23 poly=1,24,253,1552,6189,16977,33060,46490,47533,35253,18725,6930,1695,246,16
SAMPLE n=24 alpha=15 par=0,1,2,3,4,5,5,4,4,3,10,1,12,13,14,14,12,1,18,19,18,18,18,1 poly=1,24,253,1556,6259,17500,35269,52385,58053,48194,29842,13585,4417,972,130,8
SAMPLE n=24 alpha=15 par=0,1,2,3,4,5,5,4,4,2,10,10,10,10,10,1,16,17,18,19,16,1,22,23 poly=1,24,253,1557,6282,17715,36349,55662,64468,56625,37438,18293,6392,1508,215,14
SAMPLE n=24 alpha=16 par=0,1,2,3,4,5,5,4,4,2,10,10,10,10,2,2,1,17,18,19,18,1,22,1 poly=1,24,253,1560,6325,17979,37290,57923,68500,62218,43472,23220,9330,2735,553,69,4
SAMPLE n=24 alpha=16 par=0,1,2,3,4,5,5,4,4,2,2,2,2,2,1,15,16,17,18,16,20,15,22,22 poly=1,24,253,1562,6367,18338,38971,62789,77807,74484,54900,30832,12941,3928,814,103,6
SAMPLE n=24 alpha=14 par=0,1,2,3,4,5,5,4,3,9,10,10,3,13,13,1,16,17,18,19,16,21,22,23 poly=1,24,253,1548,6122,16503,31190,41912,40202,27363,12964,4102,796,78,2
SAMPLE n=24 alpha=14 par=0,1,2,3,4,5,5,4,3,9,10,10,3,13,3,3,1,17,18,19,18,21,1,23 poly=1,24,253,1555,6238,17328,34511,50325,54328,43494,25582,10780,3091,542,44
SAMPLE n=24 alpha=15 par=0,1,2,3,4,5,5,4,3,9,9,3,2,13,1,15,16,17,17,15,20,20,1,1 poly=1,24,253,1553,6207,17122,33740,48526,51591,40749,23823,10156,3061,616,74,4
SAMPLE n=24 alpha=13 par=0,1,2,3,4,5,5,4,3,9,3,11,3,2,14,1,16,17,18,19,18,17,16,1 poly=1,24,253,1553,6201,17026,33094,46112,46026,32442,15639,4851,858,64
SAMPLE n=24 alpha=14 par=0,1,2,3,4,5,5,4,3,9,3,3,3,2,1,15,16,17,18,17,16,1,22,1 poly=1,24,253,1558,6288,17678,35874,53620,59543,49026,29517,12610,3612,620,48
SAMPLE n=24 alpha=14 par=0,1,2,3,4,5,5,4,3,2,10,11,12,10,1,15,16,17,16,19,15,1,22,22 poly=1,24,253,1549,6138,16608,31557,42661,41139,28127,13425,4340,895,104,5
SAMPLE n=24 alpha=14 par=0,1,2,3,4,5,5,4,3,2,10,11,11,10,14,10,1,17,18,19,1,21,22,1 poly=1,24,253,1551,6171,16843,32506,45066,45139,32568,16716,5945,1392,193,12
SAMPLE n=24 alpha=15 par=0,1,2,3,4,5,5,4,3,2,10,11,2,2,1,15,16,17,18,18,16,21,21,15 poly=1,24,253,1553,6210,17163,33977,49297,53174,42923,25877,11498,3656,786,102,6
SAMPLE n=24 alpha=15 par=0,1,2,3,4,5,5,4,2,9,10,10,9,2,14,14,14,1,18,19,20,1,22,22 poly=1,24,253,1552,6190,17002,33263,47309,49456,38095,21474,8693,2437,443,46,2
SAMPLE n=24 alpha=14 par=0,1,2,3,4,5,5,4,2,9,10,10,9,2,14,14,1,17,18,19,18,21,18,1 poly=1,24,253,1552,6190,16991,33136,46703,47875,35579,18907,6985,1702,246,16
SAMPLE n=24 alpha=15 par=0,1,2,3,4,5,5,4,2,9,2,11,1,13,14,15,16,14,13,19,19,19,19,1 poly=1,24,253,1554,6227,17286,34474,50541,55202,45114,27423,12173,3818,802,102,6
SAMPLE n=24 alpha=15 par=0,1,2,3,4,5,5,4,2,1,10,11,12,13,11,11,1,17,18,19,17,21,22,17 poly=1,24,253,1550,6159,16792,32449,45324,46280,34687,19000,7491,2064,377,41,2
SAMPLE n=24 alpha=14 par=0,1,2,3,4,5,5,3,8,9,9,2,12,2,14,1,16,17,18,19,17,21,16,16 poly=1,24,253,1550,6157,16764,32285,44790,45201,33255,17707,6678,1705,268,20
SAMPLE n=24 alpha=13 par=0,1,2,3,4,5,5,3,8,9,8,11,8,13,8,3,16,1,18,19,20,21,19,23 poly=1,24,253,1551,6166,16768,32035,43431,41662,27836,12542,3585,572,36
SAMPLE n=24 alpha=15 par=0,1,2,3,4,5,5,3,8,9,8,3,3,2,14,2,1,17,18,19,19,1,1,1 poly=1,24,253,1558,6289,17706,36125,54756,62609,54377,35809,17666,6358,1585,246,18
SAMPLE n=24 alpha=15 par=0,1,2,3,4,5,5,3,8,9,8,1,12,13,14,13,13,13,12,19,1,21,1,1 poly=1,24,253,1556,6260,17521,35432,53042,59640,50669,32432,15429,5302,1247,180,12
SAMPLE n=24 alpha=14 par=0,1,2,3,4,5,5,3,8,8,3,11,3,13,2,1,16,17,18,17,17,16,1,23 poly=1,24,253,1554,6218,17152,33637,47631,48919,36243,19043,6854,1579,202,10
SAMPLE n=24 alpha=14 par=0,1,2,3,4,5,5,3,8,8,2,11,2,1,14,15,16,17,16,19,16,21,16,14 poly=1,24,253,1553,6208,17127,33720,48308,50856,39398,22272,8978,2458,412,32
SAMPLE n=24 alpha=16 par=0,1,2,3,4,5,5,3,8,3,3,1,12,13,14,12,16,16,16,12,20,1,1,1 poly=1,24,253,1559,6311,17903,37119,57956,69591,65066,47542,26997,11722,3772,850,120,8
SAMPLE n=24 alpha=15 par=0,1,2,3,4,5,5,3,8,2,1,11,12,13,14,13,12,11,11,11,11,1,22,22 poly=1,24,253,1557,6275,17622,35839,54132,61657,53280,34806,16943,5970,1443,215,15
SAMPLE n=24 alpha=18 par=0,1,2,3,4,5,5,3,3,3,3,1,12,13,14,12,16,16,16,16,12,12,12,1 poly=1,24,253,1568,6464,19017,41793,70770,94263,100014,85046,57977,31510,13484,4446,1090,187,20,1
SAMPLE n=24 alpha=17 par=0,1,2,3,4,5,5,3,3,3,2,11,1,13,14,15,16,16,14,13,13,1,1,1 poly=1,24,253,1559,6312,17916,37184,58135,69936,65629,48342,27910,12508,4266,1070,186,20,1
SAMPLE n=24 alpha=17 par=0,1,2,3,4,5,5,3,3,3,2,2,1,13,14,15,16,15,15,15,15,1,22,22 poly=1,24,253,1562,6368,18343,38983,62902,78503,76607,58723,35313,16527,5920,1575,295,35,2
SAMPLE n=24 alpha=14 par=0,1,2,3,4,5,5,3,2,9,10,11,11,2,1,15,16,17,18,17,16,15,22,23 poly=1,24,253,1549,6142,16667,31920,43878,43587,31209,15893,5594,1288,173,10
SAMPLE n=24 alpha=15 par=0,1,2,3,4,5,5,3,2,9,9,9,1,13,14,15,16,15,1,19,20,19,1,1 poly=1,24,253,1554,6226,17280,34487,50757,56056,46953,29916,14391,5107,1272,200,15
SAMPLE n=24 alpha=16 par=0,1,2,3,4,5,5,3,2,2,1,11,12,13,14,14,11,17,11,1,20,20,20,20 poly=1,24,253,1556,6265,17603,35989,55135,64546,58345,40776,21861,8830,2603,530,67,4
SAMPLE n=24 alpha=14 par=0,1,2,3,4,5,5,2,8,9,10,9,12,9,8,8,2,17,1,19,20,21,20,20 poly=1,24,253,1553,6206,17098,33526,47549,48983,36391,19107,6822,1546,195,10
SAMPLE n=24 alpha=13 par=0,1,2,3,4,5,5,2,8,9,10,9,1,13,14,15,14,17,14,13,20,1,22,23 poly=1,24,253,1548,6121,16484,31044,41317,38781,25285,11078,3058,466,28
SAMPLE n=24 alpha=15 par=0,1,2,3,4,5,5,2,8,9,10,8,8,1,14,15,16,15,14,19,20,1,1,1 poly=1,24,253,1553,6208,17141,33879,49068,52872,42710,25841,11575,3738,826,112,7
SAMPLE n=24 alpha=16 par=0,1,2,3,4,5,5,2,8,8,8,2,1,13,14,15,13,13,13,1,20,1,1,1 poly=1,24,253,1563,6367,18237,38224,60178,72379,67148,48178,26596,11125,3421,731,97,6
SAMPLE n=24 alpha=14 par=0,1,2,3,4,5,5,2,8,8,2,2,1,13,14,15,16,15,18,15,1,21,22,23 poly=1,24,253,1552,6190,16989,33110,46560,47442,34781,17975,6294,1389,168,8
SAMPLE n=24 alpha=15 par=0,1,2,3,4,5,5,2,8,8,1,11,12,13,11,1,16,17,17,16,16,1,22,22 poly=1,24,253,1552,6187,16961,33031,46600,48173,36680,20548,8385,2431,475,56,3
SAMPLE n=24 alpha=17 par=0,1,2,3,4,5,5,2,2,2,1,11,12,13,12,12,12,12,11,19,19,19,19,19 poly=1,24,253,1568,6476,19187,42771,73922,100839,109548,94945,65330,35257,14606,4483,960,128,8
SAMPLE n=24 alpha=17 par=0,1,2,3,4,5,5,2,2,2,1,11,12,13,11,11,11,11,1,19,19,19,1,1 poly=1,24,253,1566,6420,18650,40095,65676,83509,83278,65331,40164,19133,6918,1834,336,38,2
SAMPLE n=24 alpha=14 par=0,1,2,3,4,5,4,7,4,9,4,11,3,1,14,15,16,17,15,14,20,1,22,23 poly=1,24,253,1550,6148,16621,31342,41396,37851,23323,9307,2319,362,32,1
SAMPLE n=24 alpha=14 par=0,1,2,3,4,5,4,7,4,9,4,4,4,2,14,15,16,15,1,19,20,21,1,1 poly=1,24,253,1560,6322,17919,36817,55897,63127,52789,32144,13787,3920,656,48
SAMPLE n=24 alpha=14 par=0,1,2,3,4,5,4,7,4,9,4,4,3,2,14,1,16,17,18,16,20,20,16,16 poly=1,24,253,1559,6303,17762,36102,53903,59516,48419,28595,11894,3294,543,40
SAMPLE n=24 alpha=16 par=0,1,2,3,4,5,4,7,4,4,4,4,4,4,4,4,1,17,18,19,18,17,22,23 poly=1,24,253,1587,6736,20689,47667,83929,113899,119323,96023,58606,26502,8534,1827,228,12
SAMPLE n=24 alpha=14 par=0,1,2,3,4,5,4,7,4,4,4,4,3,13,2,15,16,15,1,19,20,21,1,23 poly=1,24,253,1559,6301,17746,36044,53742,59083,47482,27231,10639,2595,328,12
SAMPLE n=24 alpha=15 par=0,1,2,3,4,5,4,7,4,4,4,4,3,13,2,1,16,17,18,19,17,1,22,22 poly=1,24,253,1560,6321,17913,36836,56158,64118,54850,34847,16127,5254,1134,144,8
SAMPLE n=24 alpha=13 par=0,1,2,3,4,5,4,7,4,4,3,11,12,3,14,2,16,17,1,19,20,21,1,23 poly=1,24,253,1551,6164,16743,31899,43002,40787,26639,11462,2985,394,16
SAMPLE n=24 alpha=13 par=0,1,2,3,4,5,4,7,4,4,3,2,12,13,14,13,12,2,18,2,1,21,22,23 poly=1,24,253,1555,6234,17261,34037,48463,49821,36443,18336,5942,1086,80
SAMPLE n=24 alpha=14 par=0,1,2,3,4,5,4,7,4,4,2,11,11,1,14,15,16,17,15,19,20,15,22,23 poly=1,24,253,1551,6174,16879,32688,45569,45962,33375,17173,6079,1407,193,12
SAMPLE n=24 alpha=13 par=0,1,2,3,4,5,4,7,4,3,10,11,2,1,14,15,16,17,16,16,14,21,22,21 poly=1,24,253,1550,6157,16756,32184,44259,43678,30631,14882,4762,905,78
SAMPLE n=24 alpha=13 par=0,1,2,3,4,5,4,7,4,3,10,3,12,3,14,3,3,1,18,19,20,1,22,22 poly=1,24,253,1560,6307,17723,35718,52382,55970,43047,23147,8224,1724,160
SAMPLE n=24 alpha=12 par=0,1,2,3,4,5,4,7,4,3,10,3,12,3,14,2,16,1,18,19,20,21,18,23 poly=1,24,253,1551,6160,16682,31510,41641,37918,22888,8464,1616,96
SAMPLE n=24 alpha=15 par=0,1,2,3,4,5,4,7,3,9,10,9,12,3,14,3,1,17,18,19,1,1,1,1 poly=1,24,253,1558,6290,17714,36139,54672,62058,52864,33392,15260,4848,1002,119,6
SAMPLE n=24 alpha=15 par=0,1,2,3,4,5,4,7,2,9,2,2,2,1,14,15,16,17,15,19,15,15,15,1 poly=1,24,253,1562,6360,18224,38220,60070,71627,64972,44530,22645,8257,2031,300,20
SAMPLE n=24 alpha=15 par=0,1,2,3,4,5,4,7,2,9,2,1,12,13,14,13,13,13,12,19,19,19,19,1 poly=1,24,253,1558,6297,17814,36746,56777,66784,60169,41336,21291,7950,2025,313,22
SAMPLE n=24 alpha=16 par=0,1,2,3,4,5,4,4,4,3,10,10,1,13,14,15,16,14,1,19,19,19,19,19 poly=1,24,253,1560,6335,18112,38050,60404,73694,69630,50924,28571,12065,3708,782,101,6
SAMPLE n=24 alpha=14 par=0,1,2,3,4,5,4,4,4,3,10,10,1,13,14,15,16,1,18,19,20,20,18,23 poly=1,24,253,1551,6176,16915,32947,46566,48259,36710,20284,7930,2082,330,24
SAMPLE n=24 alpha=16 par=0,1,2,3,4,5,4,4,4,2,10,11,11,11,10,2,16,17,2,2,1,21,22,23 poly=1,24,253,1560,6328,18027,37611,59110,71225,66350,47747,26268,10808,3201,639,76,4
SAMPLE n=24 alpha=16 par=0,1,2,3,4,5,4,4,4,2,10,1,12,13,14,12,12,12,12,12,1,21,21,1 poly=1,24,253,1566,6426,18711,40351,66230,84052,83009,63674,37545,16672,5384,1191,161,10
SAMPLE n=24 alpha=14 par=0,1,2,3,4,5,4,4,4,1,10,11,12,13,12,12,11,17,11,19,11,11,1,23 poly=1,24,253,1560,6323,17934,36932,56411,64534,55248,34953,15883,4908,924,80
SAMPLE n=24 alpha=15 par=0,1,2,3,4,5,4,4,4,1,10,11,12,13,11,15,16,10,18,19,19,18,18,1 poly=1,24,253,1553,6211,17172,33995,49216,52665,41707,24244,10157,2977,583,70,4
SAMPLE n=24 alpha=15 par=0,1,2,3,4,5,4,4,4,1,10,11,12,13,11,10,10,1,18,19,20,1,1,1 poly=1,24,253,1560,6326,17983,37254,57578,67198,59352,39370,19235,6674,1540,208,12
SAMPLE n=24 alpha=13 par=0,1,2,3,4,5,4,4,3,9,10,2,12,2,1,15,16,17,18,16,20,16,22,15 poly=1,24,253,1551,6170,16822,32348,44448,43694,30415,14618,4612,860,72
SAMPLE n=24 alpha=17 par=0,1,2,3,4,5,4,4,3,9,9,9,1,13,14,15,13,17,18,13,13,13,13,13 poly=1,24,253,1568,6460,18951,41310,68717,88606,89266,70400,43302,20557,7385,1940,351,39,2
SAMPLE n=24 alpha=14 par=0,1,2,3,4,5,4,4,3,9,9,3,12,1,14,15,16,14,18,14,20,14,1,1 poly=1,24,253,1556,6251,17383,34556,49959,52880,40874,22771,8886,2298,352,24
SAMPLE n=24 alpha=14 par=0,1,2,3,4,5,4,4,3,9,3,11,3,2,1,15,16,17,18,17,15,1,1,1 poly=1,24,253,1558,6286,17648,35686,52965,58122,47002,27587,11387,3117,504,36
SAMPLE n=24 alpha=15 par=0,1,2,3,4,5,4,4,3,3,3,3,2,13,13,13,2,1,18,19,20,21,20,1 poly=1,24,253,1561,6337,18037,37431,58065,68333,61369,41924,21478,8011,2058,326,24
SAMPLE n=24 alpha=14 par=0,1,2,3,4,5,4,3,8,9,8,1,12,13,14,15,14,12,12,1,20,20,20,1 poly=1,24,253,1553,6208,17132,33769,48507,51295,39980,22758,9238,2546,430,34
SAMPLE n=24 alpha=13 par=0,1,2,3,4,5,4,3,8,9,2,1,12,13,14,15,14,1,18,19,1,21,1,1 poly=1,24,253,1554,6218,17154,33644,47591,48621,35456,17935,5953,1160,100
SAMPLE n=24 alpha=15 par=0,1,2,3,4,5,4,3,8,8,8,8,8,3,14,14,3,17,1,19,20,21,19,1 poly=1,24,253,1560,6317,17876,36720,56084,64540,56107,36527,17433,5877,1314,173,10
SAMPLE n=24 alpha=14 par=0,1,2,3,4,5,4,3,8,8,8,2,12,13,14,2,1,17,18,19,20,17,22,1 poly=1,24,253,1550,6155,16738,32140,44329,44262,31953,16441,5811,1302,155,6
SAMPLE n=24 alpha=14 par=0,1,2,3,4,5,4,3,8,8,3,11,1,13,14,15,16,15,14,13,20,1,1,1 poly=1,24,253,1554,6223,17226,34098,49226,52311,40869,23136,9177,2394,364,24
SAMPLE n=24 alpha=14 par=0,1,2,3,4,5,4,3,8,3,1,11,12,13,14,13,12,1,18,19,19,18,1,1 poly=1,24,253,1554,6225,17254,34259,49741,53356,42318,24556,10147,2826,474,36
SAMPLE n=24 alpha=14 par=0,1,2,3,4,5,4,3,8,3,1,11,12,13,14,12,16,16,1,19,19,1,22,1 poly=1,24,253,1553,6205,17085,33459,47371,48721,36191,19070,6884,1599,212,12
SAMPLE n=24 alpha=14 par=0,1,2,3,4,5,4,3,8,2,10,2,1,13,14,15,1,17,18,18,17,17,1,23 poly=1,24,253,1552,6182,16881,32495,44615,43660,30071,14200,4401,837,88,4
SAMPLE n=24 alpha=15 par=0,1,2,3,4,5,4,3,3,3,3,2,12,12,12,1,16,17,18,19,18,17,16,16 poly=1,24,253,1560,6329,18031,37582,58844,70286,64400,45071,23724,9108,2411,394,30
SAMPLE n=24 alpha=14 par=0,1,2,3,4,5,4,3,3,3,3,1,12,13,14,1,16,17,16,19,16,21,16,16 poly=1,24,253,1562,6356,18165,37850,58741,68538,60029,38926,18130,5728,1097,96
SAMPLE n=24 alpha=15 par=0,1,2,3,4,5,4,3,2,9,10,10,10,2,14,15,1,17,18,19,20,18,1,1 poly=1,24,253,1552,6192,17031,33447,47980,51003,40441,23862,10341,3203,673,86,5
SAMPLE n=24 alpha=14 par=0,1,2,3,4,5,4,3,2,9,2,2,1,13,14,15,16,14,14,13,20,13,22,1 poly=1,24,253,1555,6234,17261,34050,48587,50318,37538,19782,7103,1628,208,10
SAMPLE n=24 alpha=15 par=0,1,2,3,4,5,4,2,8,9,10,8,2,1,14,15,16,1,18,19,19,19,19,19 poly=1,24,253,1556,6266,17605,35919,54576,62538,54078,34907,16441,5437,1182,149,8
SAMPLE n=24 alpha=15 par=0,1,2,3,4,5,4,2,8,9,9,9,9,9,8,2,1,17,18,19,20,18,22,17 poly=1,24,253,1557,6281,17700,36264,55420,64081,56268,37279,18325,6485,1566,232,16
SAMPLE n=24 alpha=14 par=0,1,2,3,4,5,4,2,8,9,8,2,12,12,12,1,16,17,18,1,20,21,21,20 poly=1,24,253,1551,6171,16848,32561,45306,45677,33232,17144,6033,1339,158,6
SAMPLE n=24 alpha=14 par=0,1,2,3,4,5,3,7,8,1,10,11,12,13,11,15,11,10,18,19,10,21,10,10 poly=1,24,253,1554,6214,17102,33367,46801,47310,34192,17315,5921,1282,156,8
SAMPLE n=24 alpha=15 par=0,1,2,3,4,5,3,7,8,1,10,11,12,13,10,15,16,16,10,19,20,10,1,1 poly=1,24,253,1551,6170,16836,32515,45287,46021,34352,18864,7570,2174,427,52,3
SAMPLE n=24 alpha=15 par=0,1,2,3,4,5,3,7,7,7,2,11,12,11,14,2,16,17,2,2,1,21,22,23 poly=1,24,253,1555,6233,17268,34210,49500,52967,42086,24669,10448,3073,586,64,3
SAMPLE n=24 alpha=14 par=0,1,2,3,4,5,3,7,7,7,2,1,12,13,14,1,16,17,17,16,1,21,22,21 poly=1,24,253,1551,6171,16845,32532,45194,45451,32967,16954,5948,1316,155,6
SAMPLE n=24 alpha=15 par=0,1,2,3,4,5,3,7,7,3,3,1,12,13,14,15,12,17,17,12,20,12,12,12 poly=1,24,253,1563,6369,18234,38049,59089,68951,60480,39540,18910,6401,1448,196,12
SAMPLE n=24 alpha=16 par=0,1,2,3,4,5,3,3,3,3,3,2,1,13,14,15,16,14,13,19,1,21,22,1 poly=1,24,253,1561,6340,18071,37591,58454,68799,61453,41430,20830,7668,2009,357,39,2
SAMPLE n=24 alpha=16 par=0,1,2,3,4,5,3,3,3,2,10,11,10,2,14,14,14,14,14,1,20,21,22,20 poly=1,24,253,1561,6342,18120,37995,60172,73237,69007,50249,27981,11667,3514,719,89,5
SAMPLE n=24 alpha=15 par=0,1,2,3,4,5,3,3,2,9,10,2,12,13,1,15,16,17,15,1,20,21,20,20 poly=1,24,253,1551,6169,16821,32415,44905,45110,32946,17441,6631,1779,325,37,2
SAMPLE n=24 alpha=13 par=0,1,2,3,4,5,3,2,8,9,8,8,2,1,14,15,16,17,14,19,20,19,1,23 poly=1,24,253,1550,6151,16675,31721,42788,40813,27078,12071,3391,530,34
SAMPLE n=24 alpha=16 par=0,1,2,3,4,5,2,7,7,7,7,7,7,1,14,15,16,17,14,19,14,14,14,14 poly=1,24,253,1571,6517,19401,43307,74408,99810,105059,86515,55116,26603,9397,2290,344,24
SAMPLE n=24 alpha=14 par=0,1,2,3,4,5,2,2,1,9,10,11,12,9,1,15,16,17,17,1,20,21,22,20 poly=1,24,253,1549,6136,16587,31474,42518,41087,28319,13765,4612,1022,138,9
SAMPLE n=24 alpha=18 par=0,1,2,3,4,4,4,4,4,4,4,4,4,4,3,15,15,2,1,19,20,21,1,1 poly=1,24,253,1591,6815,21362,50981,94700,138749,161623,150194,111211,65198,29886,10489,2724,494,56,3
SAMPLE n=24 alpha=17 par=0,1,2,3,4,4,4,4,4,4,4,3,1,13,14,14,14,13,18,18,13,21,13,1 poly=1,24,253,1573,6543,19531,43656,74959,100265,105111,86370,55328,27304,10165,2756,512,58,3
SAMPLE n=24 alpha=18 par=0,1,2,3,4,4,4,4,4,4,3,11,11,2,14,15,15,15,2,2,2,1,22,23 poly=1,24,253,1570,6504,19374,43596,76551,107005,120438,109683,80754,47755,22392,8148,2222,428,52,3
SAMPLE n=24 alpha=16 par=0,1,2,3,4,4,4,4,4,3,10,2,12,13,12,2,1,17,18,19,19,18,18,18 poly=1,24,253,1562,6367,18329,38890,62513,77359,74171,54964,31127,13184,4029,836,105,6
SAMPLE n=24 alpha=16 par=0,1,2,3,4,4,4,4,4,3,3,3,1,13,14,15,14,13,1,19,19,1,22,22 poly=1,24,253,1563,6377,18360,38893,62315,76856,73638,54857,31512,13692,4348,951,128,8
SAMPLE n=24 alpha=19 par=0,1,2,3,4,4,4,4,4,2,10,11,2,1,14,15,16,16,16,16,16,14,14,14 poly=1,24,253,1569,6504,19472,44345,79478,114539,134449,129347,102060,65761,34272,14221,4586,1107,188,20,1
SAMPLE n=24 alpha=16 par=0,1,2,3,4,4,4,4,4,2,10,10,2,1,14,15,16,15,18,15,20,15,22,14 poly=1,24,253,1561,6347,18156,38042,59864,71692,65493,45267,23244,8613,2201,359,32,1
SAMPLE n=24 alpha=16 par=0,1,2,3,4,4,4,4,3,2,1,11,12,13,13,13,12,12,1,19,20,21,20,20 poly=1,24,253,1558,6303,17889,37146,58023,69390,64123,45861,25228,10510,3222,690,93,6
SAMPLE n=24 alpha=15 par=0,1,2,3,4,4,4,4,2,9,10,9,2,13,14,2,16,1,18,19,20,18,1,1 poly=1,24,253,1557,6272,17582,35607,53351,59932,50610,31830,14569,4660,973,117,6
SAMPLE n=24 alpha=17 par=0,1,2,3,4,4,4,4,2,9,9,9,9,1,14,15,16,15,18,15,15,15,14,14 poly=1,24,253,1566,6437,18852,41141,68889,90155,93154,76238,49250,24844,9591,2739,546,68,4
SAMPLE n=24 alpha=16 par=0,1,2,3,4,4,4,4,2,9,9,2,12,1,14,15,16,16,14,14,14,1,22,1 poly=1,24,253,1560,6330,18054,37777,59720,72705,68856,50816,29026,12613,4037,898,124,8
SAMPLE n=24 alpha=16 par=0,1,2,3,4,4,4,4,2,9,2,1,12,13,14,13,16,12,1,19,20,20,20,19 poly=1,24,253,1556,6266,17607,35954,54831,63525,56336,38166,19520,7368,1979,357,39,2
SAMPLE n=24 alpha=15 par=0,1,2,3,4,4,4,3,8,8,8,3,2,1,14,15,16,16,15,19,15,21,14,1 poly=1,24,253,1556,6256,17457,35021,51603,56526,46216,28064,12444,3892,805,97,5
SAMPLE n=24 alpha=15 par=0,1,2,3,4,4,4,3,8,8,3,11,2,13,2,1,16,17,18,17,20,16,16,1 poly=1,24,253,1555,6235,17282,34228,49394,52511,41312,23995,10163,3051,614,74,4
SAMPLE n=24 alpha=16 par=0,1,2,3,4,4,4,3,8,8,2,11,12,2,14,2,2,1,18,19,19,19,1,23 poly=1,24,253,1559,6307,17853,36838,57021,67551,62000,44278,24497,10339,3226,702,95,6
SAMPLE n=24 alpha=15 par=0,1,2,3,4,4,4,3,8,3,2,1,12,13,14,14,12,1,18,19,20,18,1,1 poly=1,24,253,1556,6255,17447,34968,51413,56063,45472,27291,11935,3688,760,93,5
SAMPLE n=24 alpha=15 par=0,1,2,3,4,4,4,3,8,2,10,11,11,10,14,1,16,17,18,18,17,16,1,1 poly=1,24,253,1553,6209,17148,33876,48904,52207,41352,24156,10221,3023,585,65,3
SAMPLE n=24 alpha=15 par=0,1,2,3,4,4,4,3,8,2,10,2,12,2,2,1,16,17,16,19,16,16,16,1 poly=1,24,253,1565,6402,18483,39167,62390,75683,70199,49554,26223,10092,2668,432,32
SAMPLE n=24 alpha=15 par=0,1,2,3,4,4,4,3,8,2,2,1,12,13,14,13,13,12,18,12,20,12,12,1 poly=1,24,253,1561,6334,17984,37072,56753,65372,56957,37435,18322,6491,1575,234,16
SAMPLE n=24 alpha=18 par=0,1,2,3,4,4,4,3,3,3,3,2,2,1,14,15,1,17,18,1,1,1,1,1 poly=1,24,253,1577,6595,19849,44888,78385,107491,116863,101116,69554,37798,16025,5188,1238,205,21,1
SAMPLE n=24 alpha=16 par=0,1,2,3,4,4,4,3,3,2,10,11,11,10,14,14,1,17,18,19,19,18,18,1 poly=1,24,253,1555,6246,17438,35161,52530,59155,50737,33267,16606,6220,1697,319,37,2
SAMPLE n=24 alpha=14 par=0,1,2,3,4,4,4,2,8,9,9,8,2,13,1,15,16,17,15,19,1,21,22,21 poly=1,24,253,1551,6173,16877,32743,45955,47123,35319,19115,7240,1802,260,16
SAMPLE n=24 alpha=14 par=0,1,2,3,4,4,4,2,8,8,1,11,12,13,13,1,16,17,18,16,20,1,22,1 poly=1,24,253,1553,6207,17126,33777,48655,51781,40766,23482,9628,2662,445,34
SAMPLE n=24 alpha=14 par=0,1,2,3,4,4,4,1,8,9,10,10,9,13,9,15,9,17,9,19,9,21,1,23 poly=1,24,253,1560,6307,17716,35654,52150,55549,42667,23038,8300,1790,176,1
SAMPLE n=24 alpha=15 par=0,1,2,3,4,4,4,1,8,9,10,10,9,13,9,15,8,17,18,1,20,20,1,23 poly=1,24,253,1552,6188,16965,32996,46292,47145,34754,18301,6703,1634,249,22,1
SAMPLE n=24 alpha=16 par=0,1,2,3,4,4,4,1,8,9,10,10,9,8,8,8,1,17,18,18,17,21,21,1 poly=1,24,253,1557,6278,17664,36092,55021,63728,56686,38860,20445,8144,2391,492,64,4
SAMPLE n=24 alpha=14 par=0,1,2,3,4,4,3,7,3,9,3,11,2,1,14,15,16,14,18,14,20,14,1,23 poly=1,24,253,1555,6228,17169,33469,46574,46070,31854,14943,4553,849,88,4
SAMPLE n=24 alpha=13 par=0,1,2,3,4,4,3,7,3,9,2,11,2,13,1,15,16,16,15,19,15,1,22,23 poly=1,24,253,1552,6180,16849,32287,43885,42126,28060,12541,3550,572,40
SAMPLE n=24 alpha=17 par=0,1,2,3,4,4,3,7,3,3,3,1,12,13,14,14,13,13,13,13,13,12,22,1 poly=1,24,253,1569,6475,19038,41595,69355,89691,90696,71810,44295,21034,7532,1966,353,39,2
SAMPLE n=24 alpha=15 par=0,1,2,3,4,4,3,7,3,3,3,1,12,13,14,13,13,12,18,18,12,12,1,23 poly=1,24,253,1562,6354,18138,37707,58340,67902,59542,39034,18778,6407,1460,198,12
SAMPLE n=24 alpha=15 par=0,1,2,3,4,4,3,7,3,3,2,11,1,13,14,15,15,13,18,19,19,1,22,1 poly=1,24,253,1554,6222,17215,34048,49112,52220,41057,23766,9995,2974,595,72,4
SAMPLE n=24 alpha=16 par=0,1,2,3,4,4,3,7,3,1,10,11,12,12,11,11,11,11,11,10,20,21,21,1 poly=1,24,253,1563,6376,18344,38768,61737,75160,70340,50483,27494,11132,3235,635,75,4
SAMPLE n=24 alpha=15 par=0,1,2,3,4,4,3,7,3,1,10,11,12,12,10,15,15,15,10,19,10,10,1,23 poly=1,24,253,1559,6302,17766,36224,54637,61782,52691,33846,16198,5631,1351,201,14
SAMPLE n=24 alpha=15 par=0,1,2,3,4,4,3,7,3,1,10,11,12,11,11,11,10,10,1,19,20,19,22,1 poly=1,24,253,1557,6272,17565,35412,52422,57501,46729,27869,11947,3550,688,78,4
SAMPLE n=24 alpha=14 par=0,1,2,3,4,4,3,7,2,9,10,9,12,9,14,9,9,1,18,19,20,19,1,1 poly=1,24,253,1557,6270,17546,35342,52299,57417,46772,27959,11936,3446,602,48
SAMPLE n=24 alpha=14 par=0,1,2,3,4,4,3,7,2,9,9,1,12,13,14,14,1,17,18,17,20,17,1,23 poly=1,24,253,1551,6169,16816,32352,44573,44146,31233,15484,5167,1071,116,4
SAMPLE n=24 alpha=15 par=0,1,2,3,4,4,3,7,2,9,1,11,12,13,13,11,1,17,18,19,19,1,22,22 poly=1,24,253,1550,6155,16738,32142,44359,44431,32438,17241,6612,1791,328,37,2
SAMPLE n=24 alpha=16 par=0,1,2,3,4,4,3,3,3,3,2,2,2,1,14,15,1,17,18,1,20,1,22,1 poly=1,24,253,1567,6423,18567,39311,62395,75262,69430,48973,26216,10472,3025,597,72,4
SAMPLE n=24 alpha=16 par=0,1,2,3,4,4,3,3,2,9,1,11,12,13,11,15,16,1,18,18,18,18,1,1 poly=1,24,253,1558,6287,17677,35946,54137,61274,52483,33995,16493,5869,1476,246,24,1
SAMPLE n=24 alpha=16 par=0,1,2,3,4,4,3,2,8,8,8,8,8,2,2,1,16,17,18,17,17,17,16,23 poly=1,24,253,1565,6411,18609,39939,65156,82186,80829,62003,36797,16588,5496,1263,180,12
SAMPLE n=24 alpha=16 par=0,1,2,3,4,4,3,2,8,8,8,8,2,1,14,15,16,15,18,15,15,15,15,15 poly=1,24,253,1572,6527,19418,43160,73489,97203,100444,80964,50441,23831,8256,1977,292,20
SAMPLE n=24 alpha=15 par=0,1,2,3,4,4,3,2,8,8,8,8,2,1,14,15,16,15,1,19,20,20,19,19 poly=1,24,253,1557,6277,17646,35949,54378,61928,53350,34602,16625,5730,1336,188,12
SAMPLE n=24 alpha=17 par=0,1,2,3,4,4,3,2,2,2,2,2,1,13,14,14,1,17,18,1,20,20,1,1 poly=1,24,253,1569,6458,18855,40720,66881,85055,84608,66063,40376,19127,6890,1825,335,38,2
SAMPLE n=24 alpha=16 par=0,1,2,3,4,4,3,1,8,9,10,10,8,13,14,1,16,17,17,17,1,21,1,1 poly=1,24,253,1557,6277,17656,36071,54998,63681,56476,38351,19742,7538,2056,376,41,2
SAMPLE n=24 alpha=15 par=0,1,2,3,4,4,2,7,8,2,10,11,2,1,14,15,16,15,18,1,20,21,22,20 poly=1,24,253,1550,6153,16711,31990,43892,43567,31426,16452,6166,1594,265,25,1
SAMPLE n=24 alpha=15 par=0,1,2,3,4,4,2,7,2,9,2,2,1,13,14,15,14,17,14,13,20,20,20,20 poly=1,24,253,1561,6346,18151,38053,60011,72259,66799,47239,25197,9849,2673,452,36
SAMPLE n=24 alpha=16 par=0,1,2,3,4,4,1,7,8,9,7,1,12,13,13,13,13,1,18,19,19,1,22,22 poly=1,24,253,1556,6262,17562,35748,54318,62735,55542,37663,19367,7398,2025,373,41,2
SAMPLE n=24 alpha=15 par=0,1,2,3,4,3,6,3,3,3,2,1,12,13,14,13,13,12,18,19,18,1,1,1 poly=1,24,253,1562,6358,18207,38180,60127,72151,66329,46543,24571,9474,2524,416,32
SAMPLE n=24 alpha=14 par=0,1,2,3,4,3,6,3,3,2,10,2,12,2,1,15,16,17,15,1,20,20,1,23 poly=1,24,253,1557,6258,17381,34373,49086,50739,37673,19736,7083,1664,236,16
SAMPLE n=24 alpha=16 par=0,1,2,3,4,3,6,2,8,9,8,8,8,8,8,8,8,2,1,19,20,19,1,1 poly=1,24,253,1576,6573,19654,43848,74623,97854,98995,76790,45029,19465,5944,1190,135,6
SAMPLE n=24 alpha=14 par=0,1,2,3,4,3,6,2,8,2,1,11,12,13,12,12,11,17,18,11,20,20,11,1 poly=1,24,253,1555,6230,17209,33764,47708,48642,35462,18088,6206,1338,160,8
SAMPLE n=24 alpha=15 par=0,1,2,3,4,3,6,2,8,2,1,11,12,13,11,11,11,1,18,19,20,1,22,22 poly=1,24,253,1554,6216,17139,33640,47889,49936,38228,21336,8509,2335,415,43,2
SAMPLE n=24 alpha=15 par=0,1,2,3,4,3,6,1,8,9,10,9,9,8,14,14,8,17,17,1,20,1,1,1 poly=1,24,253,1559,6300,17754,36229,54859,62594,54216,35626,17587,6375,1619,260,20
SAMPLE n=24 alpha=17 par=0,1,2,3,4,3,3,3,3,3,3,3,2,13,2,2,2,1,18,19,20,19,19,19 poly=1,24,253,1584,6705,20612,48044,87179,125059,142881,130147,94045,53287,23195,7496,1696,240,16
SAMPLE n=24 alpha=15 par=0,1,2,3,4,3,3,3,3,2,10,10,2,13,2,1,16,17,18,17,17,16,22,16 poly=1,24,253,1563,6368,18232,38101,59462,70140,62700,42182,20967,7439,1772,252,16
SAMPLE n=24 alpha=15 par=0,1,2,3,4,2,6,6,6,6,2,11,2,13,2,2,2,1,18,19,20,18,22,1 poly=1,24,253,1569,6445,18669,39563,62713,75282,68722,47487,24445,9073,2286,348,24
SAMPLE n=24 alpha=16 par=0,1,2,3,3,1,6,7,6,9,6,11,6,1,14,14,14,1,18,1,1,1,1,1 poly=1,24,253,1578,6581,19598,43351,72991,94903,95927,75370,45700,21043,7145,1696,253,18
TOP5 rank=0 n=24 alpha=21 k=10 q=14 num=21138229791 den=129565442304 par=0,1,2,3,3,3,3,3,3,3,3,3,2,2,2,2,2,2,1,19,19,19,19,19 poly=1,24,253,1607,7075,23314,60202,125344,214234,303899,359952,356787,295671,204037,116399,54280,20350,5985,1330,210,21,1
TOP5 rank=1 n=24 alpha=21 k=10 q=14 num=21138229791 den=129565442304 par=0,1,2,3,3,3,3,3,3,3,3,3,2,2,2,2,2,1,18,18,18,18,18,18 poly=1,24,253,1606,7070,23304,60192,125339,214233,303899,359952,356787,295671,204037,116399,54280,20350,5985,1330,210,21,1
TOP5 rank=2 n=24 alpha=21 k=10 q=14 num=21144542145 den=129558963249 par=0,1,2,3,3,3,3,3,3,3,3,1,12,12,12,12,12,12,12,1,1,1,1,1 poly=1,24,253,1604,7055,23255,60101,125234,214156,303864,359943,356786,295671,204037,116399,54280,20350,5985,1330,210,21,1
TOP5 rank=3 n=24 alpha=21 k=10 q=14 num=21144898931 den=129558963249 par=0,1,2,3,3,3,3,3,3,3,3,1,12,12,12,12,12,12,1,1,1,1,1,1 poly=1,24,253,1604,7054,23250,60091,125224,214151,303863,359943,356786,295671,204037,116399,54280,20350,5985,1330,210,21,1
TOP5 rank=4 n=24 alpha=21 k=10 q=14 num=21491578616 den=131610053961 par=0,1,2,2,2,2,2,2,2,2,2,2,1,13,13,13,13,13,1,19,19,19,19,19 poly=1,24,253,1606,7080,23429,60742,126754,216690,306965,362781,358733,296661,204400,116490,54294,20351,5985,1330,210,21,1
TOP5 rank=5 n=24 alpha=21 k=11 q=14 num=22270494960 den=136125578304 par=0,1,2,3,3,3,3,3,3,3,3,3,3,3,3,2,2,2,2,1,20,20,20,20 poly=1,24,253,1622,7261,24339,63622,133172,227330,320471,376092,368952,302732,207142,117401,54504,20381,5987,1330,210,21,1
TOP5 rank=6 n=24 alpha=21 k=11 q=14 num=22270797692 den=136125578304 par=0,1,2,3,3,3,3,3,3,3,3,3,3,3,3,1,16,17,17,17,17,1,1,1 poly=1,24,253,1618,7236,24284,63552,133116,227302,320463,376091,368952,302732,207142,117401,54504,20381,5987,1330,210,21,1
TOP5 rank=7 n=24 alpha=21 k=10 q=14 num=22323094266 den=136409080896 par=0,1,2,3,3,3,3,3,3,3,3,3,3,3,2,2,2,2,2,1,20,20,20,20 poly=1,24,253,1616,7185,23919,62222,129966,221947,313610,369336,363783,299674,205766,116945,54399,20366,5986,1330,210,21,1
TOP5 rank=8 n=24 alpha=21 k=10 q=14 num=22323094266 den=136409080896 par=0,1,2,3,3,3,3,3,3,3,3,3,3,3,2,2,2,2,1,19,19,19,19,19 poly=1,24,253,1615,7181,23913,62218,129965,221947,313610,369336,363783,299674,205766,116945,54399,20366,5986,1330,210,21,1
TOP5 rank=9 n=24 alpha=21 k=11 q=14 num=21659644126 den=132337343524 par=0,1,2,3,3,3,3,3,3,3,3,3,3,3,1,15,16,16,16,16,16,1,1,1 poly=1,24,253,1611,7152,23836,62096,129840,221863,313574,369327,363782,299674,205766,116945,54399,20366,5986,1330,210,21,1
TOP5 rank=10 n=24 alpha=21 k=11 q=14 num=21659644126 den=132337343524 par=0,1,2,3,3,3,3,3,3,3,3,3,3,3,1,15,16,16,16,16,1,1,1,1 poly=1,24,253,1611,7151,23833,62093,129839,221863,313574,369327,363782,299674,205766,116945,54399,20366,5986,1330,210,21,1
TOP5 rank=11 n=24 alpha=21 k=11 q=14 num=22269336495 den=136003851369 par=0,1,2,3,3,3,3,3,2,2,2,2,2,2,2,2,2,2,2,1,20,20,20,20 poly=1,24,253,1622,7254,24290,63461,132843,226868,320009,375762,368787,302677,207131,117400,54504,20381,5987,1330,210,21,1
TOP4 rank=0 n=24 alpha=21 k=10 q=14 num=21138229791 den=129565442304 par=0,1,2,3,3,3,3,3,3,3,3,3,2,2,2,2,2,2,1,19,19,19,19,19 poly=1,24,253,1607,7075,23314,60202,125344,214234,303899,359952,356787,295671,204037,116399,54280,20350,5985,1330,210,21,1
TOP4 rank=1 n=24 alpha=21 k=10 q=14 num=21138229791 den=129565442304 par=0,1,2,3,3,3,3,3,3,3,3,3,2,2,2,2,2,1,18,18,18,18,18,18 poly=1,24,253,1606,7070,23304,60192,125339,214233,303899,359952,356787,295671,204037,116399,54280,20350,5985,1330,210,21,1
TOP4 rank=2 n=24 alpha=21 k=10 q=14 num=21144542145 den=129558963249 par=0,1,2,3,3,3,3,3,3,3,3,1,12,12,12,12,12,12,12,1,1,1,1,1 poly=1,24,253,1604,7055,23255,60101,125234,214156,303864,359943,356786,295671,204037,116399,54280,20350,5985,1330,210,21,1
TOP4 rank=3 n=24 alpha=21 k=10 q=14 num=21144898931 den=129558963249 par=0,1,2,3,3,3,3,3,3,3,3,1,12,12,12,12,12,12,1,1,1,1,1,1 poly=1,24,253,1604,7054,23250,60091,125224,214151,303863,359943,356786,295671,204037,116399,54280,20350,5985,1330,210,21,1
TOP4 rank=4 n=24 alpha=21 k=10 q=14 num=21491578616 den=131610053961 par=0,1,2,2,2,2,2,2,2,2,2,2,1,13,13,13,13,13,1,19,19,19,19,19 poly=1,24,253,1606,7080,23429,60742,126754,216690,306965,362781,358733,296661,204400,116490,54294,20351,5985,1330,210,21,1
TOP4 rank=5 n=24 alpha=21 k=11 q=14 num=22270494960 den=136125578304 par=0,1,2,3,3,3,3,3,3,3,3,3,3,3,3,2,2,2,2,1,20,20,20,20 poly=1,24,253,1622,7261,24339,63622,133172,227330,320471,376092,368952,302732,207142,117401,54504,20381,5987,1330,210,21,1
TOP4 rank=6 n=24 alpha=21 k=11 q=14 num=22270797692 den=136125578304 par=0,1,2,3,3,3,3,3,3,3,3,3,3,3,3,1,16,17,17,17,17,1,1,1 poly=1,24,253,1618,7236,24284,63552,133116,227302,320463,376091,368952,302732,207142,117401,54504,20381,5987,1330,210,21,1
TOP4 rank=7 n=24 alpha=21 k=10 q=14 num=22323094266 den=136409080896 par=0,1,2,3,3,3,3,3,3,3,3,3,3,3,2,2,2,2,2,1,20,20,20,20 poly=1,24,253,1616,7185,23919,62222,129966,221947,313610,369336,363783,299674,205766,116945,54399,20366,5986,1330,210,21,1
TOP4 rank=8 n=24 alpha=21 k=10 q=14 num=22323094266 den=136409080896 par=0,1,2,3,3,3,3,3,3,3,3,3,3,3,2,2,2,2,1,19,19,19,19,19 poly=1,24,253,1615,7181,23913,62218,129965,221947,313610,369336,363783,299674,205766,116945,54399,20366,5986,1330,210,21,1
TOP4 rank=9 n=24 alpha=21 k=11 q=14 num=21659644126 den=132337343524 par=0,1,2,3,3,3,3,3,3,3,3,3,3,3,1,15,16,16,16,16,16,1,1,1 poly=1,24,253,1611,7152,23836,62096,129840,221863,313574,369327,363782,299674,205766,116945,54399,20366,5986,1330,210,21,1
TOP4 rank=10 n=24 alpha=21 k=11 q=14 num=21659644126 den=132337343524 par=0,1,2,3,3,3,3,3,3,3,3,3,3,3,1,15,16,16,16,16,1,1,1,1 poly=1,24,253,1611,7151,23833,62093,129839,221863,313574,369327,363782,299674,205766,116945,54399,20366,5986,1330,210,21,1
TOP4 rank=11 n=24 alpha=21 k=11 q=14 num=22269336495 den=136003851369 par=0,1,2,3,3,3,3,3,2,2,2,2,2,2,2,2,2,2,2,1,20,20,20,20 poly=1,24,253,1622,7254,24290,63461,132843,226868,320009,375762,368787,302677,207131,117400,54504,20381,5987,1330,210,21,1
VDMIN_FLOAT n=24 value=0.692335306657 k=9 alpha=13 q=9 lambda=2.23698842293 V=1.76849403364 delta=0.39148297562 par=0,1,2,3,4,3,6,3,8,3,10,3,12,3,14,2,1,17,18,19,1,21,1,23 poly=1,24,253,1559,6281,17461,34309,47796,46412,30071,11856,2288,88,1
PERK n=24 alpha=21 k=5 q=14 num=141420456 den=668429316 par=0,1,2,2,2,2,2,2,2,2,2,2,1,13,13,13,13,13,13,13,13,13,13,1
PERK n=24 alpha=21 k=6 q=14 num=969539220 den=5027093604 par=0,1,2,2,2,2,2,2,2,2,2,2,1,13,1,1,1,1,1,1,1,1,1,1
PERK n=24 alpha=21 k=7 q=14 num=2813803068 den=15711118336 par=0,1,2,3,3,3,3,3,3,3,3,3,2,2,2,2,2,2,1,19,19,19,19,19
PERK n=24 alpha=21 k=8 q=14 num=7804290500 den=45896206756 par=0,1,2,3,3,3,3,3,3,3,3,3,2,2,2,2,2,2,1,19,19,19,19,19
PERK n=24 alpha=21 k=9 q=14 num=15240645433 den=92354602201 par=0,1,2,3,3,3,3,3,3,3,3,3,2,2,2,2,2,2,1,19,19,19,19,19
PERK n=24 alpha=21 k=10 q=14 num=21138229791 den=129565442304 par=0,1,2,3,3,3,3,3,3,3,3,3,2,2,2,2,2,2,1,19,19,19,19,19
PERK n=24 alpha=21 k=11 q=14 num=22270494960 den=136125578304 par=0,1,2,3,3,3,3,3,3,3,3,3,3,3,3,2,2,2,2,1,20,20,20,20
PERK n=24 alpha=21 k=12 q=14 num=15221208640 den=91646663824 par=0,1,2,3,3,3,3,3,3,3,3,3,3,3,3,2,2,2,2,1,20,20,20,20
PERK n=24 alpha=21 k=13 q=14 num=7366768632 den=42907808164 par=0,1,2,3,3,3,3,3,3,3,3,3,3,3,3,2,2,2,2,1,20,20,20,20
PERK n=24 alpha=21 k=14 q=14 num=2642114421 den=14672719161 par=0,1,2,3,3,3,3,3,3,3,3,3,3,3,3,3,3,2,2,2,1,21,21,21
PERALPHA n=24 alpha=12 k=6 q=8 num=440712276 den=1626831556 par=0,1,2,3,4,3,6,3,8,3,10,3,12,3,14,3,16,3,18,3,1,21,22,21
PERALPHA n=24 alpha=13 k=7 q=9 num=1032556963 den=4045850449 par=0,1,2,3,2,5,2,7,2,9,2,11,2,1,14,15,14,17,14,19,14,21,14,14
PERALPHA n=24 alpha=14 k=7 q=9 num=1253678919 den=5258135169 par=0,1,2,3,4,3,6,3,8,3,10,3,12,3,14,3,1,17,18,17,17,17,17,17
PERALPHA n=24 alpha=15 k=8 q=10 num=1544553041 den=6916417225 par=0,1,2,3,4,4,4,4,2,2,2,1,12,13,12,15,12,17,12,19,12,21,12,23
PERALPHA n=24 alpha=16 k=8 q=11 num=2142830725 den=10202010025 par=0,1,2,3,4,4,4,4,4,2,2,2,2,1,14,15,16,15,18,15,20,15,22,15
PERALPHA n=24 alpha=17 k=9 q=11 num=1937543449 den=9859099849 par=0,1,2,3,4,4,4,4,2,2,2,1,12,13,12,15,12,17,12,1,20,20,20,20
PERALPHA n=24 alpha=18 k=10 q=12 num=707028922 den=3826164736 par=0,1,2,3,3,3,2,7,7,7,2,11,11,11,2,15,15,15,1,19,20,20,1,1
PERALPHA n=24 alpha=19 k=10 q=13 num=2075648260 den=11928134656 par=0,1,2,3,3,3,3,2,8,8,8,8,1,13,14,14,14,1,18,19,19,19,1,1
PERALPHA n=24 alpha=20 k=10 q=13 num=6398714585 den=38370933225 par=0,1,2,3,3,3,3,3,2,9,9,9,9,1,14,15,15,15,15,15,1,1,1,1
PERALPHA n=24 alpha=21 k=10 q=14 num=21138229791 den=129565442304 par=0,1,2,3,3,3,3,3,3,3,3,3,2,2,2,2,2,2,1,19,19,19,19,19
TOPQ n=24 alpha=21 k=14 q=14 num=2642114421 den=14672719161 par=0,1,2,3,3,3,3,3,3,3,3,3,3,3,3,3,3,2,2,2,1,21,21,21
NEWTON n=24 alpha=18 k=12 q=12 num=8730344987 den=9329404339 par=0,1,2,3,3,3,2,7,7,7,2,11,11,11,2,15,15,15,1,19,20,20,20,1
NEWTONFAIL_DIST n=24 q_minus_k=0 trees=53095
NEWTONFAIL_DIST n=24 q_minus_k=1 trees=19461
NEWTONFAIL_DIST n=24 q_minus_k=2 trees=6586
NEWTONFAIL_DIST n=24 q_minus_k=3 trees=3006
NEWTONFAIL_DIST n=24 q_minus_k=4 trees=1328
NEWTONFAIL_DIST n=24 q_minus_k=5 trees=510
NEWTONFAIL_DIST n=24 q_minus_k=6 trees=176
NEWTONFAIL_DIST n=24 q_minus_k=7 trees=67
NEWTONFAIL_DIST n=24 q_minus_k=8 trees=41
NEWTONFAIL_DIST n=24 q_minus_k=9 trees=23
VDBIN_FLOAT n=24 bin_lo=0 value=0.692335306657 k=9 alpha=13 q=9 lambda=2.23698842293 V=1.76849403364 delta=0.39148297562 par=0,1,2,3,4,3,6,3,8,3,10,3,12,3,14,2,1,17,18,19,1,21,1,23
VDBIN_FLOAT n=24 bin_lo=2 value=0.727629784944 k=9 alpha=13 q=9 lambda=2.01907245885 V=2.01393596586 delta=0.361297378506 par=0,1,2,3,4,3,6,3,8,3,10,3,12,3,14,1,16,17,18,16,1,21,1,23
VDBIN_FLOAT n=24 bin_lo=4 value=0.817162999962 k=12 alpha=18 q=12 lambda=2.15351780447 V=4.18233672894 delta=0.195384315736 par=0,1,2,3,3,3,2,7,7,7,2,11,11,11,2,15,15,15,1,19,20,20,20,1
STATS n=24 trees=7726410 viol5=0 viol4=0 zero5=0 zero4=0 nonunimodal=0 sampled=375 newton_fail_trees=84293
