SAMPLE n=24 alpha=14 par=0,1,2,3,4,5,6,7,8,8,8,7,12,6,6,1,16,17,18,19,20,21,18,17 poly=1,24,253,1549,6143,16683,32035,44352,44790,33132,17838,6826,1760,273,19
SAMPLE n=24 alpha=14 par=0,1,2,3,4,5,6,7,8,8,5,11,1,13,14,15,16,17,18,19,18,18,18,18 poly=1,24,253,1552,6197,17091,33729,48617,51593,40120,22429,8681,2174,309,18
SAMPLE n=24 alpha=13 par=0,1,2,3,4,5,6,7,8,7,10,7,2,1,14,15,16,17,18,19,20,15,15,15 poly=1,24,253,1550,6162,16829,32626,45721,46602,34308,17795,6167,1280,120
SAMPLE n=24 alpha=13 par=0,1,2,3,4,5,6,7,8,7,6,6,5,4,3,1,16,17,18,19,20,21,19,16 poly=1,24,253,1549,6141,16647,31764,43239,42040,28861,13602,4163,739,57
SAMPLE n=24 alpha=13 par=0,1,2,3,4,5,6,7,8,7,5,2,1,13,14,15,16,17,18,16,20,16,22,13 poly=1,24,253,1547,6107,16402,30784,40842,38310,25132,11239,3253,546,40
SAMPLE n=24 alpha=12 par=0,1,2,3,4,5,6,7,8,7,4,11,2,1,14,15,16,17,18,19,20,15,22,15 poly=1,24,253,1546,6090,16279,30280,39528,36005,22368,9017,2121,220
SAMPLE n=24 alpha=14 par=0,1,2,3,4,5,6,7,8,6,4,11,12,4,14,1,16,17,18,19,20,21,22,20 poly=1,24,253,1545,6071,16131,29666,38061,33993,20955,8803,2467,440,45,2
SAMPLE n=24 alpha=14 par=0,1,2,3,4,5,6,7,8,3,10,2,2,2,1,15,16,17,18,19,20,1,22,22 poly=1,24,253,1549,6138,16614,31630,43022,42078,29520,14625,4929,1049,121,5
SAMPLE n=24 alpha=15 par=0,1,2,3,4,5,6,7,7,7,7,4,1,13,14,15,16,17,18,17,20,1,1,1 poly=1,24,253,1554,6237,17426,35292,53184,60492,52082,33645,15927,5279,1126,130,5
SAMPLE n=24 alpha=14 par=0,1,2,3,4,5,6,7,7,7,3,11,3,2,14,15,14,1,18,19,20,21,22,1 poly=1,24,253,1549,6142,16669,31947,44029,44042,32019,16776,6188,1531,230,16
SAMPLE n=24 alpha=16 par=0,1,2,3,4,5,6,7,7,7,1,11,12,13,14,15,14,13,18,18,12,12,12,12 poly=1,24,253,1556,6265,17599,35943,54902,63855,57017,39054,20317,7859,2177,404,44,2
SAMPLE n=24 alpha=15 par=0,1,2,3,4,5,6,7,7,6,6,4,12,13,1,15,16,17,18,19,19,17,16,1 poly=1,24,253,1549,6145,16710,32183,44786,45557,34029,18607,7349,2037,375,41,2
SAMPLE n=24 alpha=15 par=0,1,2,3,4,5,6,7,7,6,5,5,5,5,4,15,3,1,18,19,20,21,22,19 poly=1,24,253,1555,6241,17371,34773,51220,56232,46155,28113,12466,3893,811,102,6
SAMPLE n=24 alpha=15 par=0,1,2,3,4,5,6,7,7,6,5,4,4,4,2,1,16,17,18,19,20,16,22,16 poly=1,24,253,1553,6212,17189,34117,49710,53923,43812,26590,11886,3795,816,105,6
SAMPLE n=24 alpha=14 par=0,1,2,3,4,5,6,7,7,6,4,11,12,1,14,15,16,17,18,19,18,18,17,17 poly=1,24,253,1549,6142,16662,31862,43604,42896,30180,14951,5063,1111,142,8
SAMPLE n=24 alpha=14 par=0,1,2,3,4,5,6,7,7,5,10,11,10,2,1,15,16,17,18,19,17,21,15,15 poly=1,24,253,1548,6127,16575,31629,43403,43326,31588,16710,6263,1577,238,16
SAMPLE n=24 alpha=15 par=0,1,2,3,4,5,6,7,7,5,10,3,1,13,14,15,16,17,14,1,20,21,21,21 poly=1,24,253,1548,6130,16623,31949,44576,45963,35449,20540,8890,2817,625,88,6
SAMPLE n=24 alpha=15 par=0,1,2,3,4,5,6,7,7,5,4,11,11,11,4,1,16,17,18,19,20,18,18,17 poly=1,24,253,1552,6194,17050,33513,48070,50986,40237,23593,10162,3132,656,84,5
SAMPLE n=24 alpha=14 par=0,1,2,3,4,5,6,7,7,4,10,2,1,13,14,15,16,17,15,14,13,1,22,22 poly=1,24,253,1548,6124,16529,31332,42350,41074,28567,14136,4881,1126,157,10
SAMPLE n=24 alpha=13 par=0,1,2,3,4,5,6,7,7,4,3,1,12,13,14,15,16,17,14,14,1,21,22,23 poly=1,24,253,1547,6110,16450,31098,41938,40554,27935,13397,4256,806,69
SAMPLE n=24 alpha=14 par=0,1,2,3,4,5,6,7,7,4,1,11,12,13,14,15,16,15,15,14,20,21,12,11 poly=1,24,253,1548,6126,16556,31478,42752,41653,28915,14009,4545,914,98,4
SAMPLE n=24 alpha=14 par=0,1,2,3,4,5,6,7,7,3,10,11,2,1,14,15,16,17,18,15,20,20,15,14 poly=1,24,253,1548,6123,16513,31225,41954,40172,27242,12862,4088,820,91,4
SAMPLE n=24 alpha=14 par=0,1,2,3,4,5,6,7,7,2,10,11,2,2,2,1,16,17,18,19,20,19,1,23 poly=1,24,253,1553,6207,17121,33721,48398,51137,39772,22478,8960,2382,378,27
SAMPLE n=24 alpha=14 par=0,1,2,3,4,5,6,7,7,1,10,11,12,13,14,12,12,11,10,19,1,21,22,23 poly=1,24,253,1547,6106,16392,30750,40814,38418,25475,11693,3590,691,73,3
SAMPLE n=24 alpha=13 par=0,1,2,3,4,5,6,7,6,9,6,5,12,12,5,1,16,17,18,19,20,17,16,16 poly=1,24,253,1551,6172,16849,32499,44905,44514,31315,15220,4848,909,76
SAMPLE n=24 alpha=14 par=0,1,2,3,4,5,6,7,6,9,6,4,2,1,14,15,16,17,18,17,16,16,15,23 poly=1,24,253,1550,6158,16769,32259,44523,44314,31700,16106,5679,1329,187,12
SAMPLE n=24 alpha=13 par=0,1,2,3,4,5,6,7,6,9,5,11,3,2,1,15,16,17,18,19,20,18,22,1 poly=1,24,253,1546,6087,16233,29992,38571,34165,20283,7677,1698,188,8
SAMPLE n=24 alpha=15 par=0,1,2,3,4,5,6,7,6,9,5,4,2,2,1,15,16,17,18,19,15,1,22,22 poly=1,24,253,1549,6140,16639,31767,43467,43052,31033,16279,6142,1610,273,26,1
SAMPLE n=24 alpha=12 par=0,1,2,3,4,5,6,7,6,9,4,11,12,11,4,15,1,17,18,19,20,21,19,23 poly=1,24,253,1546,6085,16205,29826,38022,33052,18863,6559,1192,76
SAMPLE n=24 alpha=14 par=0,1,2,3,4,5,6,7,6,9,3,11,1,13,14,15,16,17,16,15,15,14,14,1 poly=1,24,253,1550,6157,16756,32186,44288,43831,31033,15472,5263,1146,138,6
SAMPLE n=24 alpha=15 par=0,1,2,3,4,5,6,7,6,6,5,5,3,1,14,15,16,17,18,16,14,21,14,1 poly=1,24,253,1552,6193,17032,33382,47559,49793,38477,21908,9106,2702,546,68,4
SAMPLE n=24 alpha=13 par=0,1,2,3,4,5,6,7,6,6,3,11,12,11,3,15,2,1,18,19,20,21,22,19 poly=1,24,253,1549,6139,16618,31587,42642,40808,27238,12228,3437,520,28
SAMPLE n=24 alpha=14 par=0,1,2,3,4,5,6,7,6,5,10,10,5,1,14,15,16,17,18,19,16,21,21,1 poly=1,24,253,1548,6123,16510,31188,41765,39651,26396,12034,3609,667,68,3
SAMPLE n=24 alpha=14 par=0,1,2,3,4,5,6,7,6,5,5,3,2,13,1,15,16,17,18,19,20,18,22,18 poly=1,24,253,1549,6141,16646,31759,43254,42196,29310,14260,4708,994,119,6
SAMPLE n=24 alpha=13 par=0,1,2,3,4,5,6,7,6,5,4,2,1,13,14,15,16,17,14,19,14,14,13,23 poly=1,24,253,1551,6173,16865,32603,45271,45288,32338,16067,5273,1027,90
SAMPLE n=24 alpha=13 par=0,1,2,3,4,5,6,7,6,4,10,11,10,3,3,2,2,1,18,19,20,21,22,19 poly=1,24,253,1550,6157,16760,32226,44440,44099,31212,15369,5002,967,84
SAMPLE n=24 alpha=13 par=0,1,2,3,4,5,6,7,6,4,10,11,1,13,14,15,16,17,16,14,20,13,22,23 poly=1,24,253,1545,6071,16129,29638,37896,33468,19989,7771,1847,242,14
SAMPLE n=24 alpha=14 par=0,1,2,3,4,5,6,7,6,3,3,2,12,13,13,13,13,1,18,19,20,21,22,23 poly=1,24,253,1551,6182,17003,33478,48301,51673,40974,23734,9719,2646,425,30
SAMPLE n=24 alpha=15 par=0,1,2,3,4,5,6,7,6,2,2,1,12,13,14,15,16,17,15,14,14,14,13,13 poly=1,24,253,1554,6227,17281,34413,50234,54359,43714,25950,11168,3367,669,78,4
SAMPLE n=24 alpha=14 par=0,1,2,3,4,5,6,7,5,9,9,9,5,13,5,4,1,17,18,19,20,21,19,18 poly=1,24,253,1552,6186,16935,32814,45695,45960,33252,17051,6007,1369,179,10
SAMPLE n=24 alpha=13 par=0,1,2,3,4,5,6,7,5,9,9,3,12,2,1,15,16,17,18,19,20,17,1,23 poly=1,24,253,1546,6088,16251,30121,39055,35212,21632,8705,2139,282,15
SAMPLE n=24 alpha=13 par=0,1,2,3,4,5,6,7,5,9,4,11,3,2,14,1,16,17,18,19,20,21,17,16 poly=1,24,253,1546,6086,16221,29934,38423,33947,20094,7584,1675,186,8
SAMPLE n=24 alpha=14 par=0,1,2,3,4,5,6,7,5,9,3,11,12,11,14,3,3,2,1,19,20,21,22,23 poly=1,24,253,1549,6135,16567,31320,41898,39621,26174,11784,3461,614,57,2
SAMPLE n=24 alpha=14 par=0,1,2,3,4,5,6,7,5,5,5,2,12,13,12,15,1,17,18,19,20,21,19,1 poly=1,24,253,1550,6160,16802,32482,45337,46085,34082,18090,6675,1612,227,14
SAMPLE n=24 alpha=13 par=0,1,2,3,4,5,6,7,4,9,10,2,12,13,13,1,16,17,18,19,20,21,18,17 poly=1,24,253,1545,6073,16161,29851,38667,35131,22190,9543,2675,443,33
SAMPLE n=24 alpha=13 par=0,1,2,3,4,5,6,7,4,4,3,11,2,1,14,15,16,17,18,15,1,21,22,21 poly=1,24,253,1548,6122,16500,31154,41738,39757,26692,12332,3725,659,51
SAMPLE n=24 alpha=16 par=0,1,2,3,4,5,6,6,6,6,6,6,3,13,14,14,13,2,1,19,20,21,22,21 poly=1,24,253,1560,6337,18134,38122,60371,72875,67134,46849,24385,9230,2441,423,43,2
SAMPLE n=24 alpha=17 par=0,1,2,3,4,5,6,6,6,6,6,5,5,3,3,1,16,17,18,19,20,20,18,18 poly=1,24,253,1560,6338,18160,38380,61721,77146,75957,59306,36723,17901,6754,1912,384,49,3
SAMPLE n=24 alpha=15 par=0,1,2,3,4,5,6,6,6,6,6,5,3,13,14,14,13,13,1,19,20,21,22,19 poly=1,24,253,1557,6283,17721,36347,55570,64170,56132,36927,17935,6219,1452,204,13
SAMPLE n=24 alpha=17 par=0,1,2,3,4,5,6,6,6,6,6,5,1,13,14,15,16,14,18,18,18,18,18,1 poly=1,24,253,1563,6390,18537,39911,65639,83850,83805,65473,39628,18259,6228,1507,242,23,1
SAMPLE n=24 alpha=15 par=0,1,2,3,4,5,6,6,6,6,6,3,12,12,3,2,16,16,1,19,20,21,22,23 poly=1,24,253,1556,6267,17616,35969,54707,62781,54450,35380,16892,5731,1304,178,11
SAMPLE n=24 alpha=14 par=0,1,2,3,4,5,6,6,6,6,5,11,5,5,3,15,1,17,18,19,20,17,22,17 poly=1,24,253,1556,6259,17500,35270,52385,58015,48014,29433,13037,3961,740,64
SAMPLE n=24 alpha=15 par=0,1,2,3,4,5,6,6,6,6,5,5,1,13,14,15,16,16,15,13,20,21,20,13 poly=1,24,253,1555,6247,17445,35160,52372,58455,49146,31007,14462,4833,1091,148,9
SAMPLE n=24 alpha=15 par=0,1,2,3,4,5,6,6,6,6,5,1,12,13,14,15,16,16,15,13,1,21,1,23 poly=1,24,253,1553,6214,17212,34221,49945,54167,43773,26159,11333,3432,682,79,4
SAMPLE n=24 alpha=16 par=0,1,2,3,4,5,6,6,6,6,4,11,11,4,4,2,16,1,18,19,20,21,22,18 poly=1,24,253,1555,6250,17502,35581,54026,62397,55275,37498,19259,7326,1991,364,40,2
SAMPLE n=24 alpha=15 par=0,1,2,3,4,5,6,6,6,6,4,11,11,4,1,15,16,17,18,19,17,15,22,1 poly=1,24,253,1553,6216,17249,34492,50998,56625,47454,29825,13797,4541,1003,133,8
SAMPLE n=24 alpha=17 par=0,1,2,3,4,5,6,6,6,6,4,2,2,1,14,15,16,17,18,18,18,17,1,1 poly=1,24,253,1557,6289,17813,36955,57886,69885,65833,48623,28093,12575,4279,1071,186,20,1
SAMPLE n=24 alpha=16 par=0,1,2,3,4,5,6,6,6,6,3,3,3,2,1,15,16,17,18,18,1,21,22,22 poly=1,24,253,1556,6271,17678,36373,56202,66365,60391,42364,22731,9166,2691,544,68,4
SAMPLE n=24 alpha=15 par=0,1,2,3,4,5,6,6,6,6,3,1,12,13,14,15,15,14,14,1,20,21,22,1 poly=1,24,253,1554,6236,17412,35214,52961,60146,51833,33711,16265,5634,1321,187,12
SAMPLE n=24 alpha=15 par=0,1,2,3,4,5,6,6,6,6,1,11,12,13,14,13,13,12,12,11,20,21,11,23 poly=1,24,253,1555,6245,17420,35026,51949,57542,47700,29315,13048,4032,804,90,4
SAMPLE n=24 alpha=15 par=0,1,2,3,4,5,6,6,6,5,10,4,12,13,2,2,1,17,18,19,20,19,17,1 poly=1,24,253,1551,6177,16928,33022,46831,48911,37857,21694,9106,2729,555,69,4
SAMPLE n=24 alpha=15 par=0,1,2,3,4,5,6,6,6,5,10,1,12,13,14,15,14,1,18,19,20,20,20,18 poly=1,24,253,1550,6164,16863,32872,46718,49109,38410,22249,9365,2751,521,54,2
SAMPLE n=24 alpha=16 par=0,1,2,3,4,5,6,6,6,5,3,3,3,1,14,15,16,17,16,16,16,1,22,23 poly=1,24,253,1557,6288,17797,36837,57364,68397,62968,44754,24336,9926,2932,590,72,4
SAMPLE n=24 alpha=16 par=0,1,2,3,4,5,6,6,6,5,3,3,1,13,14,15,16,17,13,19,19,19,19,19 poly=1,24,253,1558,6304,17908,37282,58517,70444,65547,47113,25927,10724,3228,668,85,5
SAMPLE n=24 alpha=16 par=0,1,2,3,4,5,6,6,6,4,10,11,10,2,2,2,1,17,18,19,20,21,21,17 poly=1,24,253,1553,6219,17298,34824,52248,59602,52295,35404,18388,7207,2067,411,51,3
SAMPLE n=24 alpha=14 par=0,1,2,3,4,5,6,6,6,4,10,11,10,2,2,1,16,17,18,19,18,17,1,23 poly=1,24,253,1551,6179,16956,33180,47300,49707,38616,22000,8976,2493,423,33
SAMPLE n=24 alpha=15 par=0,1,2,3,4,5,6,6,6,4,10,11,4,3,14,14,3,1,18,19,20,21,22,21 poly=1,24,253,1551,6176,16918,32983,46753,48812,37731,21496,8860,2540,471,49,2
SAMPLE n=24 alpha=17 par=0,1,2,3,4,5,6,6,6,4,10,10,10,10,2,1,16,17,18,19,19,18,16,16 poly=1,24,253,1556,6273,17710,36596,57093,68652,64420,47429,27365,12266,4193,1057,185,20,1
SAMPLE n=24 alpha=14 par=0,1,2,3,4,5,6,6,6,4,10,3,12,12,12,1,16,17,18,19,20,17,16,1 poly=1,24,253,1551,6180,16974,33312,47818,50915,40389,23692,10033,2913,520,43
SAMPLE n=24 alpha=14 par=0,1,2,3,4,5,6,6,6,4,10,1,12,13,14,15,16,15,14,12,20,20,20,1 poly=1,24,253,1551,6181,16987,33383,48036,51340,40945,24187,10331,3031,548,46
SAMPLE n=24 alpha=14 par=0,1,2,3,4,5,6,6,6,4,10,1,12,13,14,15,16,14,13,12,20,20,1,23 poly=1,24,253,1549,6143,16683,32033,44328,44674,32838,17412,6465,1584,227,14
SAMPLE n=24 alpha=17 par=0,1,2,3,4,5,6,6,6,4,3,2,12,12,12,12,12,1,18,19,20,21,19,19 poly=1,24,253,1559,6322,18051,37946,60540,74737,72136,54594,32263,14709,5059,1264,215,22,1
SAMPLE n=24 alpha=15 par=0,1,2,3,4,5,6,6,6,4,3,1,12,13,14,15,12,17,18,12,1,21,1,1 poly=1,24,253,1554,6226,17273,34406,50350,54882,44797,27273,12191,3874,825,105,6
SAMPLE n=24 alpha=15 par=0,1,2,3,4,5,6,6,6,3,10,11,10,10,10,3,1,17,18,19,20,21,21,1 poly=1,24,253,1554,6231,17344,34825,51726,57726,48745,31082,14774,5090,1205,176,12
SAMPLE n=24 alpha=15 par=0,1,2,3,4,5,6,6,6,3,10,10,1,13,14,15,16,17,17,16,20,15,22,23 poly=1,24,253,1548,6127,16573,31603,43266,42944,30971,16118,5939,1496,243,23,1
SAMPLE n=24 alpha=14 par=0,1,2,3,4,5,6,6,6,3,10,3,2,13,2,1,16,17,18,19,18,16,22,22 poly=1,24,253,1552,6194,17049,33488,47880,50280,38721,21561,8406,2155,320,20
SAMPLE n=24 alpha=15 par=0,1,2,3,4,5,6,6,6,3,3,2,2,1,14,15,16,17,16,15,15,1,22,23 poly=1,24,253,1554,6230,17325,34685,51173,56380,46578,28692,12949,4137,879,110,6
SAMPLE n=24 alpha=15 par=0,1,2,3,4,5,6,6,6,3,3,2,2,1,14,15,16,17,1,19,20,19,19,1 poly=1,24,253,1555,6243,17395,34887,51500,56628,46497,28292,12499,3856,774,88,4
SAMPLE n=24 alpha=15 par=0,1,2,3,4,5,6,6,5,9,5,4,12,3,3,2,1,17,18,19,20,20,18,1 poly=1,24,253,1552,6191,17008,33264,47251,49331,38081,21741,9106,2735,560,70,4
SAMPLE n=24 alpha=14 par=0,1,2,3,4,5,6,6,5,9,5,4,4,3,14,15,3,3,1,19,20,21,22,21 poly=1,24,253,1554,6220,17184,33842,48345,50440,38338,20956,8015,2035,308,21
SAMPLE n=24 alpha=15 par=0,1,2,3,4,5,6,6,5,9,5,3,12,13,1,15,16,17,18,19,19,17,17,17 poly=1,24,253,1552,6197,17095,33797,49064,53125,43204,26300,11791,3768,809,104,6
SAMPLE n=24 alpha=14 par=0,1,2,3,4,5,6,6,5,9,4,3,12,12,3,1,16,17,18,19,1,21,22,21 poly=1,24,253,1549,6138,16606,31531,42520,40725,27410,12677,3879,736,76,3
SAMPLE n=24 alpha=15 par=0,1,2,3,4,5,6,6,5,9,4,3,3,3,1,15,16,17,18,19,16,21,15,1 poly=1,24,253,1552,6192,17021,33329,47395,49394,37707,20842,8129,2138,351,31,1
SAMPLE n=24 alpha=13 par=0,1,2,3,4,5,6,6,5,9,3,11,12,3,14,15,2,1,18,19,20,21,18,1 poly=1,24,253,1548,6120,16470,30964,41075,38362,24872,10872,3034,484,33
SAMPLE n=24 alpha=14 par=0,1,2,3,4,5,6,6,5,9,3,3,2,2,1,15,16,17,18,19,18,18,15,1 poly=1,24,253,1553,6211,17169,33956,49017,52121,40792,23217,9348,2523,409,30
SAMPLE n=24 alpha=14 par=0,1,2,3,4,5,6,6,5,5,5,1,12,13,14,15,15,14,13,12,20,21,12,23 poly=1,24,253,1553,6209,17138,33763,48364,50764,38954,21555,8350,2141,325,22
SAMPLE n=24 alpha=15 par=0,1,2,3,4,5,6,6,5,5,3,11,12,13,3,1,16,17,18,19,17,17,16,23 poly=1,24,253,1551,6177,16926,32998,46711,48581,37304,21101,8689,2535,496,58,3
SAMPLE n=24 alpha=15 par=0,1,2,3,4,5,6,6,5,5,3,11,11,1,14,15,16,17,18,18,16,21,21,14 poly=1,24,253,1550,6163,16848,32775,46359,48277,37179,21090,8687,2524,490,57,3
SAMPLE n=24 alpha=14 par=0,1,2,3,4,5,6,6,5,4,4,4,3,1,14,15,16,17,18,17,15,14,1,23 poly=1,24,253,1553,6209,17141,33794,48498,51086,39433,22015,8635,2250,348,24
SAMPLE n=24 alpha=13 par=0,1,2,3,4,5,6,6,5,4,3,1,12,13,14,15,14,13,18,19,18,1,22,23 poly=1,24,253,1548,6123,16510,31186,41743,39554,26171,11731,3365,552,39
SAMPLE n=24 alpha=15 par=0,1,2,3,4,5,6,6,5,4,2,2,1,13,14,15,16,17,15,15,15,1,22,23 poly=1,24,253,1553,6214,17216,34272,50216,54970,45257,27957,12784,4203,940,128,8
SAMPLE n=24 alpha=15 par=0,1,2,3,4,5,6,6,5,4,1,11,12,13,14,12,12,12,11,19,20,19,1,1 poly=1,24,253,1554,6228,17304,34611,51113,56659,47522,30097,14184,4819,1113,156,10
SAMPLE n=24 alpha=15 par=0,1,2,3,4,5,6,6,5,3,10,11,10,10,3,2,1,17,18,19,20,18,17,17 poly=1,24,253,1553,6209,17142,33805,48554,51259,39785,22498,9081,2521,451,46,2
SAMPLE n=24 alpha=13 par=0,1,2,3,4,5,6,6,5,3,10,3,1,13,14,15,16,13,1,19,20,19,1,23 poly=1,24,253,1550,6155,16730,32041,43821,42850,29618,14068,4341,776,60
SAMPLE n=24 alpha=15 par=0,1,2,3,4,5,6,6,5,3,3,3,3,1,14,15,16,17,18,17,15,21,14,23 poly=1,24,253,1555,6248,17463,35275,52719,58959,49331,30506,13588,4172,820,90,4
SAMPLE n=24 alpha=13 par=0,1,2,3,4,5,6,6,5,2,10,11,12,13,2,15,1,17,18,19,20,17,22,17 poly=1,24,253,1548,6123,16512,31206,41823,39719,26357,11837,3382,543,36
SAMPLE n=24 alpha=14 par=0,1,2,3,4,5,6,6,5,2,1,11,12,13,14,15,13,12,18,18,12,12,11,1 poly=1,24,253,1553,6205,17084,33447,47310,48553,35916,18793,6713,1537,200,11
SAMPLE n=24 alpha=16 par=0,1,2,3,4,5,6,6,4,9,10,9,2,2,1,15,16,17,18,18,15,15,15,15 poly=1,24,253,1557,6287,17793,36872,57648,69267,64520,46608,25915,10904,3366,721,96,6
SAMPLE n=24 alpha=14 par=0,1,2,3,4,5,6,6,4,9,10,4,12,1,14,15,16,17,18,18,14,21,22,1 poly=1,24,253,1547,6107,16407,30849,41186,39280,26734,12848,4244,911,113,6
SAMPLE n=24 alpha=14 par=0,1,2,3,4,5,6,6,4,9,10,3,12,3,14,1,16,17,18,19,17,17,1,23 poly=1,24,253,1549,6140,16639,31763,43420,42833,30501,15535,5518,1294,179,11
SAMPLE n=24 alpha=16 par=0,1,2,3,4,5,6,6,4,9,9,4,4,4,4,4,1,17,18,19,20,21,18,18 poly=1,24,253,1566,6423,18669,40088,65266,81766,79329,59558,34326,14928,4748,1044,142,9
SAMPLE n=24 alpha=14 par=0,1,2,3,4,5,6,6,4,9,4,11,1,13,14,15,16,15,15,15,13,1,22,23 poly=1,24,253,1552,6195,17062,33567,48174,50997,39884,22821,9314,2577,435,34
SAMPLE n=24 alpha=14 par=0,1,2,3,4,5,6,6,4,9,4,11,1,13,14,15,16,15,13,19,20,20,20,1 poly=1,24,253,1550,6162,16834,32694,46101,47759,36452,20324,8074,2169,353,26
SAMPLE n=24 alpha=16 par=0,1,2,3,4,5,6,6,4,4,4,4,4,4,3,1,16,17,18,19,18,1,22,23 poly=1,24,253,1565,6409,18585,39779,64430,79984,76387,55937,31088,12860,3826,770,93,5
SAMPLE n=24 alpha=16 par=0,1,2,3,4,5,6,6,4,4,4,4,1,13,14,15,16,15,14,14,1,21,1,1 poly=1,24,253,1561,6354,18264,38739,62414,77752,75555,57333,33745,15156,5039,1174,172,12
SAMPLE n=24 alpha=15 par=0,1,2,3,4,5,6,6,4,3,10,11,12,11,14,10,1,17,18,19,20,21,21,17 poly=1,24,253,1547,6108,16421,30927,41417,39705,27299,13445,4717,1160,193,20,1
SAMPLE n=24 alpha=15 par=0,1,2,3,4,5,6,6,4,2,10,11,12,11,14,11,2,1,18,19,20,21,19,1 poly=1,24,253,1550,6160,16806,32531,45596,46873,35609,20036,8300,2479,509,65,4
SAMPLE n=24 alpha=15 par=0,1,2,3,4,5,6,6,4,2,10,10,1,13,14,15,16,16,1,19,20,21,22,20 poly=1,24,253,1547,6110,16455,31167,42336,41803,30272,16113,6253,1727,323,37,2
SAMPLE n=24 alpha=14 par=0,1,2,3,4,5,6,6,4,1,10,11,12,13,14,14,11,17,18,17,11,21,1,1 poly=1,24,253,1550,6161,16822,32635,45946,47518,36216,20177,8024,2169,360,28
SAMPLE n=24 alpha=15 par=0,1,2,3,4,5,6,6,4,1,10,11,12,13,14,13,12,12,11,11,11,11,10,1 poly=1,24,253,1558,6291,17727,36211,54923,62723,54219,35354,17154,6023,1452,216,15
SAMPLE n=24 alpha=15 par=0,1,2,3,4,5,6,6,4,1,10,11,12,13,14,12,16,16,16,12,10,21,1,1 poly=1,24,253,1552,6195,17066,33617,48440,51793,41379,24675,10858,3434,741,98,6
SAMPLE n=24 alpha=14 par=0,1,2,3,4,5,6,6,3,9,10,11,10,2,14,1,16,17,18,19,16,21,1,1 poly=1,24,253,1548,6122,16501,31165,41791,39910,26987,12712,4035,809,90,4
SAMPLE n=24 alpha=14 par=0,1,2,3,4,5,6,6,3,9,10,9,2,1,14,15,16,17,18,15,15,15,14,23 poly=1,24,253,1551,6176,16913,32923,46444,47913,36102,19594,7425,1854,273,18
SAMPLE n=24 alpha=15 par=0,1,2,3,4,5,6,6,3,9,3,3,2,13,2,2,1,17,18,19,20,20,1,1 poly=1,24,253,1557,6270,17549,35380,52500,58016,47912,29435,13267,4271,935,126,8
SAMPLE n=24 alpha=13 par=0,1,2,3,4,5,6,6,3,2,10,11,10,1,14,15,16,17,18,17,20,17,16,1 poly=1,24,253,1549,6140,16632,31675,42964,41553,28353,13295,4062,723,56
SAMPLE n=24 alpha=15 par=0,1,2,3,4,5,6,6,2,9,1,11,12,13,14,15,14,14,12,12,11,1,22,22 poly=1,24,253,1551,6178,16945,33137,47243,49784,39014,22679,9646,2914,591,72,4
SAMPLE n=24 alpha=14 par=0,1,2,3,4,5,6,6,2,9,1,11,12,13,14,15,13,13,13,12,20,11,22,1 poly=1,24,253,1551,6174,16886,32773,46002,47167,35375,19210,7350,1879,288,20
SAMPLE n=24 alpha=13 par=0,1,2,3,4,5,6,5,8,5,10,5,12,5,3,15,16,1,18,19,20,21,20,19 poly=1,24,253,1553,6201,17020,33019,45734,45013,30860,14174,4081,659,48
SAMPLE n=24 alpha=13 par=0,1,2,3,4,5,6,5,8,5,5,4,3,13,3,3,1,17,18,19,20,21,19,23 poly=1,24,253,1554,6222,17206,33932,48488,50357,37622,19675,6818,1400,128
SAMPLE n=24 alpha=14 par=0,1,2,3,4,5,6,5,8,5,4,11,11,1,14,15,16,17,16,19,16,1,1,1 poly=1,24,253,1554,6229,17303,34505,50405,54414,43335,25122,10301,2832,470,36
SAMPLE n=24 alpha=15 par=0,1,2,3,4,5,6,5,8,5,4,1,12,13,14,15,16,15,15,14,14,14,14,14 poly=1,24,253,1562,6357,18184,37991,59303,69916,62270,41455,20154,6869,1529,194,10
SAMPLE n=24 alpha=15 par=0,1,2,3,4,5,6,5,8,5,3,11,12,3,3,3,3,1,18,19,20,21,22,1 poly=1,24,253,1559,6310,17885,36952,57075,66773,59276,39588,19529,6898,1651,240,16
SAMPLE n=24 alpha=14 par=0,1,2,3,4,5,6,5,8,5,3,1,12,13,14,15,16,13,18,19,13,1,22,22 poly=1,24,253,1549,6142,16665,31901,43810,43473,31125,15895,5645,1328,187,12
SAMPLE n=24 alpha=13 par=0,1,2,3,4,5,6,5,8,5,3,1,12,13,14,15,16,1,18,19,20,20,18,23 poly=1,24,253,1547,6107,16405,30821,41027,38802,25897,11956,3652,668,56
SAMPLE n=24 alpha=14 par=0,1,2,3,4,5,6,5,8,4,10,11,2,13,14,15,14,14,2,1,20,21,22,23 poly=1,24,253,1548,6124,16530,31343,42397,41171,28657,14134,4802,1060,136,8
SAMPLE n=24 alpha=15 par=0,1,2,3,4,5,6,5,8,4,1,11,12,13,14,15,13,17,18,12,20,20,11,11 poly=1,24,253,1548,6122,16501,31174,41883,40295,27848,13840,4928,1234,207,21,1
SAMPLE n=24 alpha=14 par=0,1,2,3,4,5,6,5,8,4,1,11,12,13,14,15,13,17,13,19,13,13,12,1 poly=1,24,253,1554,6219,17161,33657,47581,48575,35477,18139,6249,1358,164,8
SAMPLE n=24 alpha=16 par=0,1,2,3,4,5,6,5,5,5,5,5,5,4,14,2,1,17,18,19,20,18,18,18 poly=1,24,253,1569,6479,19099,41942,70396,91564,92780,73078,44297,20259,6755,1547,217,14
SAMPLE n=24 alpha=15 par=0,1,2,3,4,5,6,5,5,5,5,5,1,13,14,15,16,17,14,14,13,21,21,13 poly=1,24,253,1562,6364,18278,38531,61070,73629,67625,46948,24197,8964,2254,344,24
SAMPLE n=24 alpha=15 par=0,1,2,3,4,5,6,5,5,5,5,3,12,13,14,12,12,3,1,19,20,21,22,23 poly=1,24,253,1556,6263,17561,35649,53669,60686,51661,32860,15343,5101,1146,157,10
SAMPLE n=24 alpha=14 par=0,1,2,3,4,5,6,5,5,5,3,1,12,13,14,15,14,12,18,19,18,21,1,23 poly=1,24,253,1551,6177,16925,32981,46592,48135,36303,19683,7401,1796,242,12
SAMPLE n=24 alpha=14 par=0,1,2,3,4,5,6,5,5,5,2,11,1,13,14,15,16,17,15,19,19,14,13,13 poly=1,24,253,1553,6213,17199,34147,49689,53567,42797,25052,10456,2951,506,40
SAMPLE n=24 alpha=16 par=0,1,2,3,4,5,6,5,5,3,3,3,1,13,14,15,16,14,18,18,14,21,21,14 poly=1,24,253,1557,6279,17668,36075,54867,63228,55694,37495,19103,7211,1946,354,39,2
SAMPLE n=24 alpha=13 par=0,1,2,3,4,5,6,5,5,2,10,11,2,13,2,15,2,1,18,19,20,21,18,23 poly=1,24,253,1554,6220,17180,33787,48030,49453,36468,18726,6336,1264,112
SAMPLE n=24 alpha=14 par=0,1,2,3,4,5,6,5,5,1,10,11,12,13,14,12,16,12,12,11,1,21,22,23 poly=1,24,253,1551,6175,16893,32767,45812,46423,33945,17634,6311,1471,200,12
SAMPLE n=24 alpha=15 par=0,1,2,3,4,5,6,5,5,1,10,11,12,13,14,11,1,17,18,19,20,20,18,18 poly=1,24,253,1549,6147,16743,32411,45656,47594,37116,21729,9481,3011,662,91,6
SAMPLE n=24 alpha=13 par=0,1,2,3,4,5,6,5,4,9,10,4,1,13,14,15,16,17,14,13,20,13,22,13 poly=1,24,253,1551,6169,16803,32206,43887,42388,28550,12987,3775,634,48
SAMPLE n=24 alpha=14 par=0,1,2,3,4,5,6,5,4,9,9,2,1,13,14,15,16,13,18,13,1,1,1,1 poly=1,24,253,1557,6271,17556,35388,52425,57636,47015,28130,12014,3472,609,49
SAMPLE n=24 alpha=14 par=0,1,2,3,4,5,6,5,4,9,4,3,3,1,14,15,16,17,15,19,1,21,21,1 poly=1,24,253,1552,6189,16976,33048,46433,47392,35054,18561,6853,1676,244,16
SAMPLE n=24 alpha=14 par=0,1,2,3,4,5,6,5,4,9,2,11,12,12,12,12,2,17,2,1,20,21,22,23 poly=1,24,253,1554,6230,17333,34777,51601,57431,48056,29867,13374,4073,754,64
SAMPLE n=24 alpha=14 par=0,1,2,3,4,5,6,5,3,9,9,3,3,2,14,15,1,17,18,19,20,21,1,1 poly=1,24,253,1552,6189,16986,33160,46953,48709,37067,20494,8024,2110,334,24
SAMPLE n=24 alpha=14 par=0,1,2,3,4,5,6,5,3,9,9,3,3,2,14,2,1,17,18,19,20,1,22,23 poly=1,24,253,1552,6184,16912,32695,45324,45190,32166,16030,5392,1145,134,6
SAMPLE n=24 alpha=14 par=0,1,2,3,4,5,6,5,3,9,9,3,3,2,1,15,16,17,18,19,17,16,1,23 poly=1,24,253,1552,6189,16977,33054,46433,47314,34805,18187,6539,1526,206,12
SAMPLE n=24 alpha=13 par=0,1,2,3,4,5,6,5,3,9,3,11,1,13,14,15,16,17,15,19,20,13,22,13 poly=1,24,253,1548,6122,16495,31091,41412,38863,25289,11059,3084,501,38
SAMPLE n=24 alpha=14 par=0,1,2,3,4,5,6,5,2,9,10,11,10,2,1,15,16,17,18,19,17,1,22,22 poly=1,24,253,1548,6124,16530,31340,42369,41070,28478,13979,4757,1079,150,10
SAMPLE n=24 alpha=13 par=0,1,2,3,4,5,6,5,2,9,10,9,9,2,1,15,16,17,18,19,16,21,1,1 poly=1,24,253,1551,6172,16855,32562,45184,45197,32329,16157,5375,1074,98
SAMPLE n=24 alpha=15 par=0,1,2,3,4,5,6,5,2,9,9,1,12,13,14,15,16,13,18,18,18,1,1,1 poly=1,24,253,1553,6213,17208,34255,50233,55095,45477,28157,12889,4234,944,128,8
SAMPLE n=24 alpha=14 par=0,1,2,3,4,5,6,5,2,9,1,11,12,13,14,15,12,12,1,19,20,19,1,1 poly=1,24,253,1552,6190,16997,33209,47070,48874,37199,20521,7960,2036,300,18
SAMPLE n=24 alpha=14 par=0,1,2,3,4,5,6,5,2,2,1,11,12,13,14,12,1,17,18,19,18,18,17,1 poly=1,24,253,1552,6191,17007,33238,47050,48585,36506,19701,7434,1867,283,20
SAMPLE n=24 alpha=14 par=0,1,2,3,4,5,6,4,8,9,4,2,12,13,12,12,12,1,18,19,20,21,18,1 poly=1,24,253,1552,6192,17022,33336,47409,49383,37619,20686,7981,2049,315,22
SAMPLE n=24 alpha=15 par=0,1,2,3,4,5,6,4,8,9,4,2,12,13,1,15,16,17,18,16,15,21,15,15 poly=1,24,253,1551,6173,16869,32658,45590,46314,34357,18590,7280,2016,373,41,2
SAMPLE n=24 alpha=13 par=0,1,2,3,4,5,6,4,8,9,4,1,12,13,14,15,16,13,12,19,12,21,12,23 poly=1,24,253,1550,6150,16653,31556,42181,39582,25671,11214,3165,525,38
SAMPLE n=24 alpha=16 par=0,1,2,3,4,5,6,4,8,9,1,11,12,13,14,15,13,17,13,13,11,11,11,11 poly=1,24,253,1557,6282,17718,36398,55968,65462,58556,39876,20392,7650,2031,361,39,2
SAMPLE n=24 alpha=16 par=0,1,2,3,4,5,6,4,8,8,8,4,12,12,4,4,1,17,18,19,20,17,17,17 poly=1,24,253,1560,6323,17944,37066,57160,66880,59883,41079,21444,8379,2376,462,55,3
SAMPLE n=24 alpha=15 par=0,1,2,3,4,5,6,4,8,8,4,1,12,13,14,15,13,13,12,12,1,21,21,1 poly=1,24,253,1554,6223,17222,34053,49024,51851,40334,22926,9377,2683,510,58,3
SAMPLE n=24 alpha=14 par=0,1,2,3,4,5,6,4,8,3,10,11,11,10,10,3,3,1,18,19,20,21,22,20 poly=1,24,253,1552,6186,16939,32854,45861,46336,33768,17503,6266,1465,200,12
SAMPLE n=24 alpha=15 par=0,1,2,3,4,5,6,4,8,3,3,3,2,1,14,15,16,17,18,16,16,16,1,1 poly=1,24,253,1557,6280,17683,36157,55075,63443,55575,36867,18237,6520,1590,236,16
SAMPLE n=24 alpha=14 par=0,1,2,3,4,5,6,4,8,2,10,11,10,2,2,2,1,17,18,19,20,21,19,23 poly=1,24,253,1553,6205,17089,33506,47596,49291,37021,19776,7224,1683,220,12
SAMPLE n=24 alpha=15 par=0,1,2,3,4,5,6,4,8,2,10,2,1,13,14,15,16,17,15,15,14,14,14,14 poly=1,24,253,1557,6276,17624,35782,53718,60333,50817,31880,14640,4767,1040,136,8
SAMPLE n=24 alpha=15 par=0,1,2,3,4,5,6,4,4,4,4,4,3,13,13,3,16,1,18,19,20,21,18,23 poly=1,24,253,1560,6319,17898,36815,56277,64664,55857,35877,16766,5506,1199,155,9
SAMPLE n=24 alpha=17 par=0,1,2,3,4,5,6,4,4,4,4,4,3,13,13,1,16,17,18,19,17,16,16,16 poly=1,24,253,1564,6397,18525,39649,64482,81013,79234,60352,35588,16043,5413,1320,219,22,1
SAMPLE n=24 alpha=14 par=0,1,2,3,4,5,6,4,3,2,1,11,12,13,14,15,12,17,18,18,12,21,21,21 poly=1,24,253,1550,6158,16777,32355,44990,45526,33555,17847,6684,1675,252,17
SAMPLE n=24 alpha=14 par=0,1,2,3,4,5,6,4,3,2,1,11,12,13,14,15,1,17,18,19,19,17,22,17 poly=1,24,253,1548,6122,16501,31166,41801,39949,27066,12804,4096,829,92,4
SAMPLE n=24 alpha=13 par=0,1,2,3,4,5,6,3,8,8,1,11,12,13,14,15,12,17,12,19,12,1,22,23 poly=1,24,253,1549,6138,16606,31532,42523,40709,27318,12493,3692,634,48
SAMPLE n=24 alpha=14 par=0,1,2,3,4,5,6,3,3,2,10,2,1,13,14,15,16,17,14,14,13,21,1,1 poly=1,24,253,1553,6204,17077,33455,47524,49416,37666,20873,8220,2192,357,27
SAMPLE n=24 alpha=18 par=0,1,2,3,4,5,5,5,5,5,5,5,3,13,14,14,2,1,18,19,20,20,20,20 poly=1,24,253,1570,6512,19451,43841,76685,105814,116203,101877,71153,39286,16903,5535,1328,219,22,1
SAMPLE n=24 alpha=17 par=0,1,2,3,4,5,5,5,5,5,5,5,2,13,13,1,16,17,18,19,16,21,1,1 poly=1,24,253,1567,6451,18929,41319,68784,88414,88128,68042,40452,18301,6173,1499,246,24,1
SAMPLE n=24 alpha=17 par=0,1,2,3,4,5,5,5,5,5,5,3,3,2,2,1,16,17,18,18,17,21,16,1 poly=1,24,253,1565,6421,18744,40708,67644,87360,88258,69745,42878,20279,7237,1887,340,38,2
SAMPLE n=24 alpha=15 par=0,1,2,3,4,5,5,5,5,5,4,11,3,2,14,1,16,17,18,16,1,21,1,23 poly=1,24,253,1557,6275,17611,35720,53569,60101,50471,31359,14081,4410,910,111,6
SAMPLE n=24 alpha=15 par=0,1,2,3,4,5,5,5,5,5,4,11,2,1,14,15,16,17,16,19,1,21,21,1 poly=1,24,253,1557,6280,17677,36079,54653,62152,53057,33579,15341,4832,968,105,4
SAMPLE n=24 alpha=16 par=0,1,2,3,4,5,5,5,5,5,4,3,12,13,12,1,16,17,18,19,17,16,16,16 poly=1,24,253,1560,6334,18092,37894,59740,71917,66406,46805,24816,9637,2623,465,47,2
SAMPLE n=24 alpha=18 par=0,1,2,3,4,5,5,5,5,5,3,11,12,3,3,3,1,17,18,19,19,1,1,1 poly=1,24,253,1567,6463,19130,42736,74496,103410,115571,104372,75973,44194,20235,7121,1856,337,38,2
SAMPLE n=24 alpha=17 par=0,1,2,3,4,5,5,5,5,5,3,11,11,3,2,1,16,17,18,18,18,17,22,16 poly=1,24,253,1560,6338,18157,38338,61452,76134,73535,55443,32472,14602,4938,1213,204,21,1
SAMPLE n=24 alpha=16 par=0,1,2,3,4,5,5,5,5,5,3,1,12,13,14,15,12,17,17,12,12,1,22,23 poly=1,24,253,1559,6317,17975,37465,58796,70582,65161,46079,24645,9749,2751,521,59,3
SAMPLE n=24 alpha=17 par=0,1,2,3,4,5,5,5,5,5,1,11,12,13,14,14,14,12,12,11,1,21,22,1 poly=1,24,253,1560,6341,18200,38604,62414,78455,77522,60445,37080,17705,6445,1727,321,37,2
SAMPLE n=24 alpha=17 par=0,1,2,3,4,5,5,5,5,4,10,4,4,4,4,2,1,17,18,19,20,17,17,17 poly=1,24,253,1568,6460,18963,41472,69650,91667,95711,79688,52804,27577,11130,3355,712,95,6
SAMPLE n=24 alpha=15 par=0,1,2,3,4,5,5,5,5,4,10,4,3,13,3,2,16,17,2,1,20,21,22,22 poly=1,24,253,1556,6256,17466,35110,51979,57417,47532,29346,13300,4295,939,126,8
SAMPLE n=24 alpha=16 par=0,1,2,3,4,5,5,5,5,4,10,4,3,13,1,15,16,17,18,18,18,16,16,1 poly=1,24,253,1557,6284,17748,36608,56854,67926,63254,46126,26223,11441,3711,844,120,8
SAMPLE n=24 alpha=16 par=0,1,2,3,4,5,5,5,5,4,10,3,3,1,14,15,16,14,18,14,20,14,14,1 poly=1,24,253,1561,6343,18105,37782,59168,70696,65001,46013,24867,10067,2952,591,72,4
SAMPLE n=24 alpha=16 par=0,1,2,3,4,5,5,5,5,4,4,4,4,3,2,15,16,16,16,1,20,21,22,1 poly=1,24,253,1562,6362,18271,38612,61800,76350,73596,55507,32565,14616,4859,1128,163,11
SAMPLE n=24 alpha=17 par=0,1,2,3,4,5,5,5,5,4,4,4,3,3,2,2,1,17,18,19,20,18,18,1 poly=1,24,253,1562,6361,18251,38464,61222,74970,71431,53206,30921,13885,4723,1175,201,21,1
SAMPLE n=24 alpha=15 par=0,1,2,3,4,5,5,5,5,4,4,3,12,1,14,15,16,15,14,19,19,1,22,22 poly=1,24,253,1555,6244,17407,34961,51792,57388,47825,29876,13796,4575,1032,142,9
SAMPLE n=24 alpha=15 par=0,1,2,3,4,5,5,5,5,4,3,11,12,3,14,15,2,2,1,19,20,21,22,20 poly=1,24,253,1554,6226,17275,34423,50400,54916,44665,26912,11769,3594,716,82,4
SAMPLE n=24 alpha=16 par=0,1,2,3,4,5,5,5,5,4,3,11,12,3,2,1,16,17,18,18,16,21,22,16 poly=1,24,253,1555,6247,17455,35281,52984,60182,52217,34686,17539,6645,1827,343,39,2
SAMPLE n=24 alpha=16 par=0,1,2,3,4,5,5,5,5,4,3,11,3,3,1,15,16,17,15,1,20,21,21,21 poly=1,24,253,1558,6301,17870,37082,57935,69388,64277,46065,25313,10449,3121,631,76,4
SAMPLE n=24 alpha=17 par=0,1,2,3,4,5,5,5,5,4,1,11,12,13,14,14,12,12,12,12,11,21,1,1 poly=1,24,253,1562,6370,18382,39283,64150,81725,82193,65537,41311,20372,7705,2161,424,52,3
SAMPLE n=24 alpha=15 par=0,1,2,3,4,5,5,5,5,4,1,11,12,13,14,11,16,17,1,19,19,19,1,23 poly=1,24,253,1554,6227,17283,34445,50420,54905,44633,26888,11755,3580,703,76,3
SAMPLE n=24 alpha=15 par=0,1,2,3,4,5,5,5,5,3,10,10,3,13,1,15,16,17,18,18,17,16,15,15 poly=1,24,253,1556,6267,17616,35978,54807,63230,55517,36881,18208,6460,1553,226,15
SAMPLE n=24 alpha=14 par=0,1,2,3,4,5,5,5,5,3,10,1,12,13,14,15,14,17,14,12,1,21,22,23 poly=1,24,253,1552,6198,17108,33857,49164,53028,42507,24978,10418,2905,483,36
SAMPLE n=24 alpha=16 par=0,1,2,3,4,5,5,5,5,3,2,11,11,11,1,15,16,17,18,15,20,20,1,23 poly=1,24,253,1554,6233,17378,35073,52729,60212,52766,35524,18217,6974,1922,358,40,2
SAMPLE n=24 alpha=16 par=0,1,2,3,4,5,5,5,5,2,10,11,12,11,11,11,11,2,1,19,20,21,1,1 poly=1,24,253,1562,6373,18416,39415,64312,81381,80479,62151,37133,16830,5592,1284,182,12
SAMPLE n=24 alpha=15 par=0,1,2,3,4,5,5,5,5,2,10,11,2,13,1,15,16,17,18,18,17,15,22,15 poly=1,24,253,1554,6233,17369,34954,52078,58252,49101,30977,14356,4722,1038,136,8
SAMPLE n=24 alpha=15 par=0,1,2,3,4,5,5,5,5,1,10,11,12,13,12,12,11,10,1,19,20,21,22,20 poly=1,24,253,1553,6216,17244,34430,50686,55774,46038,28296,12694,4011,841,105,6
SAMPLE n=24 alpha=15 par=0,1,2,3,4,5,5,5,5,1,10,11,12,13,12,11,16,11,18,11,20,1,1,1 poly=1,24,253,1559,6315,17944,37262,58078,69043,62997,43941,23046,8784,2286,361,26
SAMPLE n=24 alpha=16 par=0,1,2,3,4,5,5,5,5,1,10,11,12,13,10,15,15,15,10,19,19,1,22,1 poly=1,24,253,1556,6262,17553,35655,53915,61766,54093,36232,18407,6960,1893,349,39,2
SAMPLE n=24 alpha=16 par=0,1,2,3,4,5,5,5,4,9,9,9,4,2,2,2,1,17,18,19,1,21,22,22 poly=1,24,253,1557,6281,17706,36343,55854,65440,59013,41037,21871,8793,2588,528,67,4
SAMPLE n=24 alpha=16 par=0,1,2,3,4,5,5,5,4,9,9,9,3,2,14,15,1,17,18,19,19,19,18,18 poly=1,24,253,1555,6249,17483,35454,53614,61693,54721,37607,19950,8050,2398,499,65,4
SAMPLE n=24 alpha=15 par=0,1,2,3,4,5,5,5,4,9,9,4,12,4,3,2,2,1,18,19,20,19,22,18 poly=1,24,253,1556,6253,17418,34798,50873,55020,44176,26227,11356,3485,718,89,5
SAMPLE n=24 alpha=15 par=0,1,2,3,4,5,5,5,4,9,9,4,2,13,14,1,16,17,18,19,17,16,1,23 poly=1,24,253,1551,6173,16868,32644,45507,46035,33768,17787,6583,1647,262,24,1
SAMPLE n=24 alpha=15 par=0,1,2,3,4,5,5,5,4,9,9,2,1,13,14,15,16,16,13,19,20,20,19,23 poly=1,24,253,1550,6162,16837,32737,46351,48535,37888,22015,9394,2857,585,72,4
SAMPLE n=24 alpha=16 par=0,1,2,3,4,5,5,5,4,9,3,11,12,12,12,3,16,3,1,19,20,21,22,22 poly=1,24,253,1554,6229,17326,34788,51860,58569,50726,33804,17220,6582,1822,343,39,2
SAMPLE n=24 alpha=16 par=0,1,2,3,4,5,5,5,4,9,3,11,12,12,11,3,3,3,1,19,20,21,19,1 poly=1,24,253,1558,6291,17736,36320,55483,64337,57139,38872,20065,7693,2109,387,42,2
SAMPLE n=24 alpha=16 par=0,1,2,3,4,5,5,5,4,9,3,11,12,1,14,15,16,15,15,1,20,1,1,1 poly=1,24,253,1558,6298,17826,36813,57015,67389,61323,42993,23045,9278,2717,547,68,4
SAMPLE n=24 alpha=13 par=0,1,2,3,4,5,5,5,4,9,3,11,1,13,14,15,16,15,14,13,20,21,20,23 poly=1,24,253,1549,6139,16619,31608,42787,41298,28160,13231,4056,719,54
SAMPLE n=24 alpha=15 par=0,1,2,3,4,5,5,5,4,4,4,3,12,13,13,12,3,1,18,19,20,20,18,23 poly=1,24,253,1556,6258,17492,35254,52437,58375,48955,30893,14515,4954,1169,172,12
SAMPLE n=24 alpha=15 par=0,1,2,3,4,5,5,5,4,4,3,11,12,3,1,15,16,17,18,17,20,17,16,1 poly=1,24,253,1554,6225,17250,34221,49595,53079,42096,24651,10531,3202,661,84,5
SAMPLE n=24 alpha=16 par=0,1,2,3,4,5,5,5,4,4,3,11,3,3,2,1,16,17,18,16,20,16,16,16 poly=1,24,253,1563,6376,18336,38693,61437,74482,69373,49564,26898,10869,3159,622,74,4
SAMPLE n=24 alpha=15 par=0,1,2,3,4,5,5,5,4,4,3,2,12,13,12,15,12,1,18,19,20,19,19,19 poly=1,24,253,1557,6280,17673,36033,54455,61742,52673,33590,15724,5217,1150,148,8
SAMPLE n=24 alpha=14 par=0,1,2,3,4,5,5,5,4,4,3,2,12,13,2,15,1,17,18,19,18,18,17,23 poly=1,24,253,1554,6224,17235,34120,49201,52094,40441,22745,9025,2399,384,28
SAMPLE n=24 alpha=16 par=0,1,2,3,4,5,5,5,4,4,1,11,12,13,14,13,16,13,13,11,20,21,11,11 poly=1,24,253,1558,6299,17832,36809,56908,67043,60751,42414,22664,9115,2675,542,68,4
SAMPLE n=24 alpha=14 par=0,1,2,3,4,5,5,5,4,3,10,11,11,2,14,2,1,17,18,19,20,19,22,1 poly=1,24,253,1551,6175,16897,32810,46001,46873,34580,18170,6561,1514,190,8
SAMPLE n=24 alpha=16 par=0,1,2,3,4,5,5,5,4,3,10,10,3,13,13,2,2,1,18,19,20,19,22,18 poly=1,24,253,1554,6223,17233,34186,49703,53784,43750,26876,12447,4300,1080,187,20,1
SAMPLE n=24 alpha=15 par=0,1,2,3,4,5,5,5,4,3,10,3,2,2,2,1,16,17,18,19,19,16,22,23 poly=1,24,253,1555,6244,17413,35023,52068,58089,48952,31076,14652,4976,1148,160,10
SAMPLE n=24 alpha=14 par=0,1,2,3,4,5,5,5,4,3,10,2,12,13,14,2,1,17,18,19,17,21,1,23 poly=1,24,253,1550,6154,16719,31998,43768,42952,30056,14721,4865,1016,119,6
SAMPLE n=24 alpha=15 par=0,1,2,3,4,5,5,5,4,3,2,11,2,2,2,1,16,17,18,17,17,16,1,1 poly=1,24,253,1562,6356,18175,37959,59282,70138,63142,43078,21960,8129,2071,326,24
SAMPLE n=24 alpha=15 par=0,1,2,3,4,5,5,5,4,2,10,11,12,11,14,10,16,17,2,1,20,21,22,22 poly=1,24,253,1550,6159,16791,32433,45222,45944,34055,18283,6982,1832,309,29,1
SAMPLE n=24 alpha=16 par=0,1,2,3,4,5,5,5,4,2,2,2,1,13,14,15,14,14,13,19,13,13,1,23 poly=1,24,253,1560,6327,18002,37410,58298,69270,63297,44519,23922,9648,2827,568,70,4
SAMPLE n=24 alpha=15 par=0,1,2,3,4,5,5,5,4,1,10,11,12,13,12,15,12,17,10,19,19,19,19,10 poly=1,24,253,1556,6263,17554,35576,53371,60060,50924,32374,15179,5077,1139,152,9
SAMPLE n=24 alpha=14 par=0,1,2,3,4,5,5,5,4,1,10,11,12,13,12,1,16,16,1,19,19,1,22,1 poly=1,24,253,1557,6269,17522,35151,51534,55608,44054,25287,10222,2755,443,32
SAMPLE n=24 alpha=14 par=0,1,2,3,4,5,5,5,3,9,10,9,3,2,14,2,1,17,18,19,19,17,22,1 poly=1,24,253,1553,6208,17136,33817,48745,51938,41028,23831,9931,2819,489,39
SAMPLE n=24 alpha=16 par=0,1,2,3,4,5,5,5,3,9,10,9,3,2,2,1,16,17,18,18,16,16,1,23 poly=1,24,253,1555,6245,17431,35164,52690,59799,52056,34941,18028,7054,2033,408,51,3
SAMPLE n=24 alpha=14 par=0,1,2,3,4,5,5,5,3,9,10,2,12,13,2,15,2,17,1,19,20,21,22,19 poly=1,24,253,1551,6171,16847,32556,45318,45807,33585,17627,6417,1523,208,12
SAMPLE n=24 alpha=17 par=0,1,2,3,4,5,5,5,3,9,10,1,12,13,14,15,14,14,14,1,1,1,1,1 poly=1,24,253,1565,6425,18803,41066,68899,90362,93503,76547,49411,24891,9597,2739,546,68,4
SAMPLE n=24 alpha=15 par=0,1,2,3,4,5,5,5,3,9,9,2,12,2,2,2,1,17,18,19,18,17,1,1 poly=1,24,253,1560,6323,17951,37118,57296,66970,59576,40169,20220,7372,1841,282,20
SAMPLE n=24 alpha=14 par=0,1,2,3,4,5,5,5,3,9,3,11,1,13,14,15,13,17,13,19,13,1,22,22 poly=1,24,253,1554,6224,17241,34195,49583,53147,42181,24535,10171,2839,476,36
SAMPLE n=24 alpha=15 par=0,1,2,3,4,5,5,5,3,9,2,11,12,11,2,15,1,17,18,19,19,18,18,18 poly=1,24,253,1555,6245,17417,34991,51789,57162,47188,28924,12898,4020,813,92,4
SAMPLE n=24 alpha=15 par=0,1,2,3,4,5,5,5,3,2,10,11,12,12,11,10,10,1,18,19,20,19,18,1 poly=1,24,253,1553,6212,17191,34141,49841,54335,44623,27633,12781,4307,1005,146,10
SAMPLE n=24 alpha=15 par=0,1,2,3,4,5,5,5,2,9,10,11,10,10,10,10,1,17,18,19,20,19,19,1 poly=1,24,253,1558,6305,17918,37308,58474,70047,64468,45386,24071,9330,2499,414,32
SAMPLE n=24 alpha=14 par=0,1,2,3,4,5,5,5,2,9,10,11,10,10,1,15,16,17,18,17,20,17,22,17 poly=1,24,253,1553,6213,17195,34099,49463,53006,41958,24236,9919,2714,442,32
SAMPLE n=24 alpha=14 par=0,1,2,3,4,5,5,5,2,9,10,11,9,13,14,2,2,1,18,19,20,21,20,1 poly=1,24,253,1552,6192,17024,33356,47485,49519,37717,20639,7828,1920,264,14
SAMPLE n=24 alpha=15 par=0,1,2,3,4,5,5,5,2,9,10,10,9,1,14,15,16,16,14,1,20,21,22,20 poly=1,24,253,1550,6162,16838,32742,46349,48487,37795,21958,9415,2909,617,81,5
SAMPLE n=24 alpha=14 par=0,1,2,3,4,5,5,5,2,9,10,9,12,1,14,15,16,15,18,15,20,15,14,14 poly=1,24,253,1554,6223,17220,34027,48889,51457,39586,21940,8473,2134,307,18
SAMPLE n=24 alpha=15 par=0,1,2,3,4,5,5,5,2,9,10,9,1,13,14,15,15,13,18,18,13,21,13,13 poly=1,24,253,1557,6277,17644,35936,54363,62010,53689,35206,17259,6149,1508,228,16
SAMPLE n=24 alpha=16 par=0,1,2,3,4,5,5,5,2,9,9,9,2,1,14,15,16,14,18,18,18,18,14,23 poly=1,24,253,1558,6299,17839,36886,57259,67937,62192,43980,23843,9727,2885,585,72,4
SAMPLE n=24 alpha=14 par=0,1,2,3,4,5,5,5,2,9,2,1,12,13,14,15,13,17,13,13,1,21,1,23 poly=1,24,253,1555,6243,17391,34845,51315,56157,45707,27367,11730,3408,600,48
SAMPLE n=24 alpha=15 par=0,1,2,3,4,5,5,4,8,8,4,11,3,1,14,15,16,15,14,19,14,1,1,1 poly=1,24,253,1556,6254,17428,34847,51033,55396,44806,26965,11956,3822,845,118,8
SAMPLE n=24 alpha=14 par=0,1,2,3,4,5,5,4,8,8,4,3,12,3,14,3,1,17,18,19,20,18,22,1 poly=1,24,253,1553,6201,17034,33193,46628,47510,35032,18477,6797,1659,242,16
SAMPLE n=24 alpha=15 par=0,1,2,3,4,5,5,4,8,4,10,2,1,13,14,15,16,16,15,14,14,14,13,13 poly=1,24,253,1556,6258,17484,35174,52097,57560,47725,29662,13680,4570,1052,150,10
SAMPLE n=24 alpha=16 par=0,1,2,3,4,5,5,4,8,4,4,4,4,3,3,2,1,17,18,19,19,18,22,17 poly=1,24,253,1563,6366,18203,37922,58847,68846,60986,40806,20435,7529,1983,355,39,2
SAMPLE n=24 alpha=15 par=0,1,2,3,4,5,5,4,8,4,4,4,4,3,1,15,16,17,16,19,16,16,15,23 poly=1,24,253,1564,6385,18338,38430,59980,70347,61944,40505,19216,6347,1358,164,8
SAMPLE n=24 alpha=13 par=0,1,2,3,4,5,5,4,8,4,3,11,12,3,2,15,16,17,16,1,20,21,22,1 poly=1,24,253,1550,6152,16690,31816,43124,41546,28098,12971,3873,671,51
SAMPLE n=24 alpha=15 par=0,1,2,3,4,5,5,4,8,4,3,2,12,13,14,1,16,17,18,18,17,17,17,1 poly=1,24,253,1554,6226,17263,34289,49782,53363,42297,24607,10313,3006,572,63,3
SAMPLE n=24 alpha=14 par=0,1,2,3,4,5,5,4,8,4,3,1,12,13,14,15,15,14,14,1,20,21,22,21 poly=1,24,253,1551,6176,16905,32826,45971,46687,34230,17837,6404,1496,203,12
SAMPLE n=24 alpha=14 par=0,1,2,3,4,5,5,4,8,4,1,11,12,13,14,13,13,13,12,19,12,11,22,22 poly=1,24,253,1555,6240,17344,34543,50247,53828,42405,24261,9805,2654,432,32
SAMPLE n=24 alpha=13 par=0,1,2,3,4,5,5,4,8,4,1,11,12,13,14,13,13,1,18,19,20,19,18,23 poly=1,24,253,1550,6158,16766,32217,44285,43581,30336,14512,4511,814,64
SAMPLE n=24 alpha=14 par=0,1,2,3,4,5,5,4,8,3,10,3,3,2,1,15,16,17,18,15,20,21,20,20 poly=1,24,253,1553,6205,17085,33467,47443,48996,36773,19816,7476,1882,286,20
SAMPLE n=24 alpha=15 par=0,1,2,3,4,5,5,4,8,3,3,2,12,1,14,15,16,1,18,18,18,18,1,23 poly=1,24,253,1555,6239,17343,34616,50759,55467,45461,27879,12631,4119,919,126,8
SAMPLE n=24 alpha=15 par=0,1,2,3,4,5,5,4,8,3,3,2,1,13,14,15,14,13,18,18,13,21,13,13 poly=1,24,253,1558,6285,17632,35597,52732,57856,47081,28247,12318,3804,793,101,6
SAMPLE n=24 alpha=15 par=0,1,2,3,4,5,5,4,8,3,2,11,11,2,14,1,16,17,18,19,16,1,1,1 poly=1,24,253,1554,6218,17161,33740,48139,50336,38713,21853,8971,2625,526,66,4
SAMPLE n=24 alpha=16 par=0,1,2,3,4,5,5,4,8,3,2,11,11,2,2,1,16,17,18,19,17,17,1,1 poly=1,24,253,1556,6256,17464,35094,51949,57504,48031,30361,14447,5087,1281,217,22,1
SAMPLE n=24 alpha=14 par=0,1,2,3,4,5,5,4,8,2,2,1,12,13,14,15,15,14,13,13,1,21,22,21 poly=1,24,253,1552,6194,17050,33506,47997,50661,39437,22398,9034,2453,402,30
SAMPLE n=24 alpha=15 par=0,1,2,3,4,5,5,4,8,1,10,11,12,11,11,11,11,10,1,19,20,19,22,1 poly=1,24,253,1557,6275,17607,35657,53209,59042,48644,29388,12698,3768,721,80,4
SAMPLE n=24 alpha=16 par=0,1,2,3,4,5,5,4,4,4,4,3,12,2,1,15,16,17,16,1,20,20,20,1 poly=1,24,253,1560,6326,17983,37270,57734,67845,60875,41644,21499,8200,2226,403,43,2
SAMPLE n=24 alpha=15 par=0,1,2,3,4,5,5,4,4,4,2,1,12,13,14,15,14,17,12,1,20,20,1,23 poly=1,24,253,1554,6224,17235,34127,49279,52444,41289,23985,10174,3082,638,82,5
SAMPLE n=24 alpha=15 par=0,1,2,3,4,5,5,4,4,3,10,11,2,13,14,14,2,17,2,1,20,21,22,22 poly=1,24,253,1553,6207,17125,33770,48657,51930,41337,24533,10747,3389,731,97,6
SAMPLE n=24 alpha=14 par=0,1,2,3,4,5,5,4,4,3,10,3,1,13,14,15,14,17,14,13,1,21,22,1 poly=1,24,253,1554,6222,17205,33932,48543,50659,38395,20809,7823,1930,280,18
SAMPLE n=24 alpha=16 par=0,1,2,3,4,5,5,4,4,3,10,3,1,13,14,15,14,14,13,19,19,19,19,19 poly=1,24,253,1561,6349,18191,38291,60839,74121,69652,50324,27618,11259,3287,646,76,4
SAMPLE n=24 alpha=15 par=0,1,2,3,4,5,5,4,4,2,10,11,1,13,14,15,16,15,14,13,13,13,1,23 poly=1,24,253,1554,6225,17254,34263,49778,53512,42708,25185,10817,3292,676,85,5
SAMPLE n=24 alpha=14 par=0,1,2,3,4,5,5,4,4,2,10,10,1,13,14,15,16,15,13,19,1,21,22,21 poly=1,24,253,1550,6158,16774,32311,44735,44748,32162,16312,5633,1241,154,8
SAMPLE n=24 alpha=14 par=0,1,2,3,4,5,5,4,4,2,10,1,12,13,14,15,14,13,1,19,20,21,19,1 poly=1,24,253,1551,6174,16880,32694,45577,45942,33291,17036,5948,1331,169,9
SAMPLE n=24 alpha=15 par=0,1,2,3,4,5,5,4,4,2,1,11,12,13,13,12,1,17,18,17,20,17,17,1 poly=1,24,253,1556,6258,17483,35145,51883,56797,46139,27581,11901,3580,706,81,4
SAMPLE n=24 alpha=16 par=0,1,2,3,4,5,5,4,4,2,1,11,12,13,12,12,1,17,18,18,18,17,17,1 poly=1,24,253,1557,6280,17682,36139,54982,63241,55419,37015,18702,7024,1899,349,39,2
SAMPLE n=24 alpha=13 par=0,1,2,3,4,5,5,4,3,9,10,9,3,2,14,14,1,17,18,19,1,21,22,21 poly=1,24,253,1550,6153,16706,31922,43504,42361,29193,13904,4365,818,70
SAMPLE n=24 alpha=16 par=0,1,2,3,4,5,5,4,3,9,10,3,3,3,3,3,3,1,18,19,20,21,21,18 poly=1,24,253,1572,6513,19261,42348,70866,91326,90967,69829,40903,17938,5698,1237,164,10
SAMPLE n=24 alpha=13 par=0,1,2,3,4,5,5,4,3,9,3,11,3,13,1,15,16,17,18,15,20,21,22,15 poly=1,24,253,1551,6168,16792,32152,43721,42017,27932,12265,3237,410,9
SAMPLE n=24 alpha=13 par=0,1,2,3,4,5,5,4,3,9,3,3,2,13,14,1,16,17,18,19,1,21,1,23 poly=1,24,253,1552,6184,16909,32659,45139,44656,31214,14948,4616,813,60
SAMPLE n=24 alpha=14 par=0,1,2,3,4,5,5,4,3,3,3,3,2,1,14,15,16,15,18,15,14,21,22,21 poly=1,24,253,1558,6291,17716,36088,54323,61031,51142,31561,13933,4161,752,62
SAMPLE n=24 alpha=14 par=0,1,2,3,4,5,5,4,3,3,2,11,12,13,11,15,16,2,1,19,20,21,22,22 poly=1,24,253,1550,6155,16735,32102,44134,43732,31120,15671,5412,1206,153,8
SAMPLE n=24 alpha=16 par=0,1,2,3,4,5,5,4,3,2,2,2,1,13,14,15,16,15,15,13,20,20,20,13 poly=1,24,253,1558,6300,17852,36954,57454,68311,62748,44665,24525,10242,3162,684,93,6
SAMPLE n=24 alpha=15 par=0,1,2,3,4,5,5,4,2,9,10,11,2,2,2,2,1,17,18,19,19,1,22,23 poly=1,24,253,1559,6307,17844,36707,56231,64927,56607,36975,17767,6079,1398,193,12
SAMPLE n=24 alpha=17 par=0,1,2,3,4,5,5,4,2,2,1,11,12,13,14,12,16,16,16,16,16,16,11,11 poly=1,24,253,1564,6404,18634,40349,67012,86919,88869,71819,45719,22682,8591,2397,463,55,3
SAMPLE n=24 alpha=15 par=0,1,2,3,4,5,5,3,8,9,9,2,12,13,13,2,16,17,2,19,1,21,22,23 poly=1,24,253,1550,6154,16729,32118,44370,44610,32830,17669,6881,1891,349,39,2
SAMPLE n=24 alpha=14 par=0,1,2,3,4,5,5,3,8,9,8,8,3,3,2,1,16,17,18,19,18,17,16,23 poly=1,24,253,1554,6222,17211,34003,48895,51627,40033,22586,9063,2468,412,32
SAMPLE n=24 alpha=16 par=0,1,2,3,4,5,5,3,8,9,3,2,12,2,2,2,1,17,18,19,17,21,21,17 poly=1,24,253,1558,6289,17702,36081,54553,62100,53632,35191,17457,6461,1737,322,37,2
SAMPLE n=24 alpha=14 par=0,1,2,3,4,5,5,3,8,8,2,11,12,13,1,15,16,17,18,15,20,15,15,15 poly=1,24,253,1554,6227,17286,34468,50468,54854,44255,26180,11039,3140,539,42
SAMPLE n=24 alpha=15 par=0,1,2,3,4,5,5,3,8,2,10,11,11,10,14,10,10,10,2,2,1,21,22,23 poly=1,24,253,1559,6297,17704,35879,53501,59326,49034,30021,13388,4210,880,109,6
SAMPLE n=24 alpha=14 par=0,1,2,3,4,5,5,3,8,2,10,11,2,2,1,15,16,17,16,15,20,21,15,1 poly=1,24,253,1553,6203,17063,33368,47208,48678,36521,19689,7416,1848,273,18
SAMPLE n=24 alpha=16 par=0,1,2,3,4,5,5,3,8,2,10,10,10,10,2,1,16,17,18,16,20,20,16,16 poly=1,24,253,1558,6295,17783,36552,56126,65479,58566,40221,21068,8275,2360,461,55,3
SAMPLE n=24 alpha=15 par=0,1,2,3,4,5,5,3,3,2,10,11,11,10,2,15,16,2,1,19,20,21,22,19 poly=1,24,253,1553,6204,17086,33558,48023,50769,39961,23450,10182,3201,695,94,6
SAMPLE n=24 alpha=16 par=0,1,2,3,4,5,5,3,2,9,2,2,1,13,14,15,14,1,18,19,19,19,19,19 poly=1,24,253,1560,6335,18112,38037,60278,73181,68430,49123,26762,10837,3152,621,74,4
SAMPLE n=24 alpha=15 par=0,1,2,3,4,5,5,3,2,1,10,11,12,11,11,10,16,16,16,1,20,21,1,23 poly=1,24,253,1553,6208,17142,33893,49148,53121,43178,26398,12003,3950,892,124,8
SAMPLE n=24 alpha=15 par=0,1,2,3,4,5,5,2,8,9,10,9,9,1,14,15,16,17,16,16,16,16,14,1 poly=1,24,253,1557,6285,17752,36547,56288,65808,58675,39697,20058,7339,1838,282,20
SAMPLE n=24 alpha=15 par=0,1,2,3,4,5,5,2,8,9,2,1,12,13,14,15,1,17,18,19,19,19,18,1 poly=1,24,253,1551,6176,16915,32943,46534,48168,36608,20287,8052,2214,398,42,2
SAMPLE n=24 alpha=14 par=0,1,2,3,4,5,5,2,8,8,2,2,2,1,14,15,16,17,1,19,20,19,1,23 poly=1,24,253,1556,6249,17371,34548,50063,53236,41407,23203,9079,2342,356,24
SAMPLE n=24 alpha=16 par=0,1,2,3,4,5,5,1,8,9,10,11,10,13,10,10,9,17,17,8,8,8,1,1 poly=1,24,253,1558,6292,17745,36347,55506,64319,57171,39148,20582,8198,2406,494,64,4
SAMPLE n=24 alpha=14 par=0,1,2,3,4,5,5,1,8,9,10,11,10,13,9,15,16,15,9,19,19,19,9,23 poly=1,24,253,1552,6181,16874,32500,44799,44391,31483,15735,5355,1157,137,6
SAMPLE n=24 alpha=13 par=0,1,2,3,4,5,5,1,8,9,10,11,10,13,9,15,16,9,18,8,20,8,1,23 poly=1,24,253,1549,6132,16524,31062,41049,37936,24083,10150,2665,380,20
SAMPLE n=24 alpha=15 par=0,1,2,3,4,5,5,1,8,9,10,11,10,13,9,15,15,9,8,19,1,21,21,21 poly=1,24,253,1551,6173,16873,32700,45768,46694,34754,18688,7083,1807,287,25,1
SAMPLE n=24 alpha=16 par=0,1,2,3,4,5,5,1,8,9,10,11,10,13,8,8,8,8,8,8,1,21,22,22 poly=1,24,253,1565,6409,18591,39832,64614,80311,76702,56065,31020,12732,3747,746,90,5
SAMPLE n=24 alpha=16 par=0,1,2,3,4,5,5,1,8,9,10,11,10,10,10,8,16,17,17,17,17,17,16,16 poly=1,24,253,1561,6352,18237,38577,61848,76458,73471,54861,31549,13707,4350,951,128,8
SAMPLE n=24 alpha=15 par=0,1,2,3,4,5,5,1,8,9,10,11,10,9,14,15,8,17,17,8,20,1,1,1 poly=1,24,253,1553,6204,17084,33533,47888,50355,39163,22439,9328,2725,527,60,3
SAMPLE n=24 alpha=15 par=0,1,2,3,4,5,5,1,8,9,10,9,9,9,9,8,8,1,18,19,18,21,18,18 poly=1,24,253,1561,6342,18092,37681,58691,69294,62313,42520,21712,8063,2063,326,24
SAMPLE n=24 alpha=13 par=0,1,2,3,4,5,4,7,4,9,4,4,3,13,3,1,16,17,18,17,20,16,22,16 poly=1,24,253,1557,6264,17444,34647,49705,51437,37794,19038,6148,1112,80
SAMPLE n=24 alpha=13 par=0,1,2,3,4,5,4,7,4,3,10,11,10,10,1,15,16,17,16,19,16,15,1,1 poly=1,24,253,1554,6224,17233,34091,49019,51467,39133,21018,7571,1642,162
SAMPLE n=24 alpha=12 par=0,1,2,3,4,5,4,7,4,3,10,11,2,13,14,1,16,17,18,19,18,17,16,1 poly=1,24,253,1549,6136,16574,31317,41726,38910,24750,10174,2417,249
SAMPLE n=24 alpha=14 par=0,1,2,3,4,5,4,7,4,3,10,10,10,1,14,15,16,15,18,14,20,14,14,1 poly=1,24,253,1555,6239,17330,34464,50004,53369,41836,23772,9498,2512,389,26
SAMPLE n=24 alpha=13 par=0,1,2,3,4,5,4,7,2,9,10,2,12,1,14,15,16,17,15,14,1,21,22,23 poly=1,24,253,1547,6101,16318,30288,39224,35110,21180,8222,1899,227,10
SAMPLE n=24 alpha=15 par=0,1,2,3,4,5,4,7,2,2,2,1,12,13,14,15,13,12,18,12,12,12,1,23 poly=1,24,253,1559,6305,17812,36512,55620,63820,55371,36081,17311,5887,1327,175,10
SAMPLE n=24 alpha=14 par=0,1,2,3,4,5,4,4,4,4,2,11,2,1,14,15,16,14,18,14,20,1,22,1 poly=1,24,253,1559,6307,17828,36543,55510,63095,53549,33417,14846,4428,792,64
SAMPLE n=24 alpha=14 par=0,1,2,3,4,5,4,4,4,3,10,11,10,1,14,15,16,17,16,16,14,1,22,1 poly=1,24,253,1555,6245,17416,34971,51648,56666,46168,27600,11777,3400,596,48
SAMPLE n=24 alpha=16 par=0,1,2,3,4,5,4,4,4,3,3,3,2,2,2,1,16,17,18,19,16,21,21,16 poly=1,24,253,1562,6357,18197,38146,60118,72427,67309,48353,26703,11165,3430,732,97,6
SAMPLE n=24 alpha=15 par=0,1,2,3,4,5,4,4,4,3,1,11,12,13,14,13,13,12,18,11,20,20,20,11 poly=1,24,253,1557,6278,17648,35909,54125,61225,52209,33428,15846,5406,1259,180,12
SAMPLE n=24 alpha=13 par=0,1,2,3,4,5,4,4,3,9,3,11,3,13,3,15,3,17,3,1,20,21,22,20 poly=1,24,253,1565,6373,18092,36861,54519,58397,44574,23442,7984,1561,130
SAMPLE n=24 alpha=14 par=0,1,2,3,4,5,4,4,3,2,10,11,2,13,1,15,16,17,18,15,20,20,20,20 poly=1,24,253,1554,6227,17282,34424,50271,54378,43550,25489,10577,2936,486,36
SAMPLE n=24 alpha=15 par=0,1,2,3,4,5,4,4,2,9,10,11,10,1,14,15,16,17,16,14,1,21,21,21 poly=1,24,253,1551,6179,16960,33230,47569,50532,40216,24053,10748,3516,804,116,8
SAMPLE n=24 alpha=15 par=0,1,2,3,4,5,4,4,2,9,9,2,12,12,1,15,16,17,18,16,1,21,1,1 poly=1,24,253,1555,6239,17346,34642,50849,55631,45644,28023,12713,4147,923,126,8
SAMPLE n=24 alpha=15 par=0,1,2,3,4,5,4,4,2,1,10,11,12,13,11,11,1,17,18,19,19,18,17,1 poly=1,24,253,1553,6212,17189,34113,49678,53816,43614,26366,11726,3724,798,103,6
SAMPLE n=24 alpha=14 par=0,1,2,3,4,5,4,4,2,1,10,11,12,13,11,10,1,17,18,19,19,18,17,23 poly=1,24,253,1550,6158,16774,32315,44781,44952,32626,16914,6093,1443,200,12
SAMPLE n=24 alpha=14 par=0,1,2,3,4,5,4,3,8,8,3,11,11,2,1,15,16,17,18,16,20,20,16,23 poly=1,24,253,1551,6168,16795,32207,44086,43252,30339,15092,5237,1223,176,12
SAMPLE n=24 alpha=14 par=0,1,2,3,4,5,4,3,8,3,10,3,2,2,2,1,16,17,18,16,20,21,16,1 poly=1,24,253,1557,6264,17460,34829,50597,53902,42012,23652,9354,2463,388,28
SAMPLE n=24 alpha=13 par=0,1,2,3,4,5,4,3,8,3,10,2,12,13,1,15,16,17,15,19,1,21,22,1 poly=1,24,253,1549,6131,16508,30956,40665,37097,22940,9186,2186,256,8
SAMPLE n=24 alpha=14 par=0,1,2,3,4,5,4,3,8,2,10,11,12,10,2,15,15,1,18,19,20,1,22,22 poly=1,24,253,1549,6133,16544,31214,41649,39315,26017,11827,3554,655,63,2
SAMPLE n=24 alpha=13 par=0,1,2,3,4,5,4,1,8,9,10,11,9,13,8,15,16,16,15,19,8,21,8,1 poly=1,24,253,1551,6165,16759,32009,43429,41815,28221,13007,3902,692,56
SAMPLE n=24 alpha=14 par=0,1,2,3,4,5,4,1,8,9,10,11,9,8,14,15,15,1,18,19,19,19,1,23 poly=1,24,253,1550,6160,16811,32586,45829,47345,36029,19995,7864,2067,322,22
SAMPLE n=24 alpha=16 par=0,1,2,3,4,5,3,7,8,2,10,11,11,1,14,15,16,17,1,1,1,1,1,1 poly=1,24,253,1564,6389,18426,39068,62347,75681,69953,48935,25560,9736,2600,455,46,2
SAMPLE n=24 alpha=16 par=0,1,2,3,4,5,3,7,7,7,3,11,2,1,14,15,16,14,14,14,1,1,1,1 poly=1,24,253,1563,6370,18268,38370,60595,73182,68239,49241,27337,11487,3539,754,99,6
SAMPLE n=24 alpha=15 par=0,1,2,3,4,5,3,7,3,9,3,11,2,13,13,13,13,13,2,1,20,21,22,20 poly=1,24,253,1560,6319,17896,36787,56136,64309,55356,35465,16573,5466,1206,161,10
SAMPLE n=24 alpha=14 par=0,1,2,3,4,5,3,7,3,9,3,11,2,13,13,2,2,1,18,19,20,21,1,1 poly=1,24,253,1556,6242,17272,33954,48074,49123,35923,18433,6410,1424,181,10
SAMPLE n=24 alpha=14 par=0,1,2,3,4,5,3,7,3,2,10,10,10,10,2,15,2,17,1,19,20,21,19,23 poly=1,24,253,1556,6247,17346,34423,49744,52802,41126,23180,9148,2374,360,24
SAMPLE n=24 alpha=14 par=0,1,2,3,4,5,3,7,2,2,2,1,12,13,14,15,13,12,18,12,20,12,12,1 poly=1,24,253,1559,6299,17720,35914,53428,58755,47585,27924,11476,3098,484,32
SAMPLE n=24 alpha=15 par=0,1,2,3,4,5,3,3,3,1,10,11,12,13,11,1,16,17,18,18,17,21,17,23 poly=1,24,253,1552,6194,17050,33515,48098,51112,40500,23878,10330,3189,667,85,5
SAMPLE n=24 alpha=14 par=0,1,2,3,4,5,2,7,8,7,2,11,11,2,14,14,2,2,2,1,20,21,22,23 poly=1,24,253,1564,6363,18073,37016,55578,61484,49859,29157,11912,3210,510,36
SAMPLE n=24 alpha=16 par=0,1,2,3,4,5,2,7,7,7,7,7,7,7,7,2,2,1,18,19,20,21,18,23 poly=1,24,253,1575,6561,19604,43808,75027,99739,103384,83387,51878,24456,8462,2030,302,21
SAMPLE n=24 alpha=14 par=0,1,2,3,4,5,1,7,8,9,10,1,12,13,14,12,16,16,12,19,1,21,1,1 poly=1,24,253,1554,6212,17081,33275,46581,46994,33911,17165,5879,1278,156,8
SAMPLE n=24 alpha=15 par=0,1,2,3,4,4,4,4,4,4,3,11,3,13,1,15,16,17,16,19,1,21,1,1 poly=1,24,253,1565,6411,18608,39911,64914,81154,78232,57778,32133,13031,3639,626,50
SAMPLE n=24 alpha=17 par=0,1,2,3,4,4,4,4,4,2,10,11,11,11,2,1,16,17,18,16,20,21,16,23 poly=1,24,253,1559,6323,18071,38110,61264,76684,75608,58956,36245,17374,6357,1713,320,37,2
SAMPLE n=24 alpha=17 par=0,1,2,3,4,4,4,4,4,2,10,1,12,13,13,1,16,16,1,19,1,1,1,1 poly=1,24,253,1574,6554,19601,43986,76141,103382,111037,94485,63387,33131,13215,3887,795,101,6
SAMPLE n=24 alpha=17 par=0,1,2,3,4,4,4,4,4,1,10,11,12,12,12,11,1,17,18,19,19,19,1,1 poly=1,24,253,1563,6397,18639,40524,67746,88685,91784,75288,48751,24645,9533,2728,545,68,4
SAMPLE n=24 alpha=16 par=0,1,2,3,4,4,4,4,4,1,10,11,12,12,10,15,16,1,18,19,20,20,18,1 poly=1,24,253,1557,6286,17771,36689,56847,67137,60788,42103,22094,8626,2429,467,55,3
SAMPLE n=24 alpha=16 par=0,1,2,3,4,4,4,4,3,9,9,2,12,12,12,12,1,17,18,17,1,21,1,1 poly=1,24,253,1562,6366,18332,38995,63128,79230,77786,59764,35638,16186,5412,1255,180,12
SAMPLE n=24 alpha=15 par=0,1,2,3,4,4,4,4,3,9,9,2,12,12,1,15,16,16,15,19,1,21,1,23 poly=1,24,253,1555,6242,17388,34900,51752,57603,48440,30652,14370,4841,1109,155,10
SAMPLE n=24 alpha=16 par=0,1,2,3,4,4,4,4,3,9,2,11,12,11,11,11,11,2,18,1,20,21,21,20 poly=1,24,253,1562,6361,18255,38491,61259,74788,70536,51311,28471,11774,3485,689,80,4
SAMPLE n=24 alpha=17 par=0,1,2,3,4,4,4,4,3,3,3,2,2,1,14,15,15,15,14,1,20,21,20,20 poly=1,24,253,1563,6379,18391,39089,63024,78557,76574,58665,35280,16518,5919,1575,295,35,2
SAMPLE n=24 alpha=16 par=0,1,2,3,4,4,4,4,3,3,2,11,11,11,2,15,2,1,18,19,20,20,18,23 poly=1,24,253,1560,6324,17967,37232,57773,68267,61989,43328,23164,9318,2734,553,69,4
SAMPLE n=24 alpha=16 par=0,1,2,3,4,4,4,4,3,2,10,10,10,10,1,15,16,15,15,1,20,1,22,1 poly=1,24,253,1563,6379,18393,39098,62998,78264,75577,56724,32798,14323,4559,994,132,8
SAMPLE n=24 alpha=16 par=0,1,2,3,4,4,4,4,2,9,10,9,9,1,14,15,16,16,15,19,15,15,1,1 poly=1,24,253,1560,6336,18127,38147,60770,74599,71178,52812,30237,13125,4182,923,126,8
SAMPLE n=24 alpha=15 par=0,1,2,3,4,4,4,4,1,9,10,10,1,13,14,13,16,13,18,13,20,13,13,1 poly=1,24,253,1565,6401,18468,39075,62088,75074,69368,48730,25616,9778,2569,418,32
SAMPLE n=24 alpha=16 par=0,1,2,3,4,4,4,3,8,8,3,11,11,1,14,15,16,16,16,15,14,14,1,1 poly=1,24,253,1558,6295,17782,36553,56180,65740,59193,41142,21961,8863,2622,537,68,4
SAMPLE n=24 alpha=15 par=0,1,2,3,4,4,4,3,8,8,2,1,12,13,14,14,13,13,1,19,1,21,1,23 poly=1,24,253,1556,6257,17474,35128,51970,57332,47446,29412,13501,4467,1010,140,9
SAMPLE n=24 alpha=14 par=0,1,2,3,4,4,4,3,8,2,10,11,1,13,14,15,14,13,1,19,20,19,1,1 poly=1,24,253,1554,6220,17187,33876,48499,50806,38832,21326,8135,2015,281,15
SAMPLE n=24 alpha=16 par=0,1,2,3,4,4,4,3,3,3,3,2,12,13,12,1,16,17,18,17,17,1,22,22 poly=1,24,253,1560,6327,18006,37448,58450,69623,63840,45107,24378,9897,2918,588,72,4
SAMPLE n=24 alpha=16 par=0,1,2,3,4,4,4,3,1,9,10,11,11,11,9,9,1,17,18,19,1,21,1,1 poly=1,24,253,1560,6327,18007,37461,58531,69917,64514,46132,25442,10659,3291,708,95,6
SAMPLE n=24 alpha=16 par=0,1,2,3,4,4,4,3,1,9,10,11,11,1,14,15,16,1,18,19,19,19,19,1 poly=1,24,253,1557,6287,17795,36894,57762,69622,65214,47479,26627,11282,3492,745,98,6
SAMPLE n=24 alpha=15 par=0,1,2,3,4,4,4,2,8,9,8,11,8,13,8,8,1,17,18,18,17,1,22,22 poly=1,24,253,1558,6291,17722,36143,54553,61633,52245,33011,15277,5007,1093,141,8
SAMPLE n=24 alpha=16 par=0,1,2,3,4,4,4,2,8,9,8,11,2,13,13,1,16,17,18,18,18,16,22,22 poly=1,24,253,1553,6214,17226,34389,50778,56453,47691,30619,14796,5265,1327,222,22,1
SAMPLE n=24 alpha=16 par=0,1,2,3,4,4,4,2,8,9,8,11,2,13,1,15,16,17,17,16,16,16,16,15 poly=1,24,253,1559,6311,17885,36898,56817,66295,59027,40069,20537,7783,2102,380,41,2
SAMPLE n=24 alpha=16 par=0,1,2,3,4,4,4,2,8,9,8,8,2,13,14,1,16,17,18,18,16,21,21,16 poly=1,24,253,1554,6229,17320,34715,51489,57536,48973,31880,15814,5899,1610,305,36,2
SAMPLE n=24 alpha=15 par=0,1,2,3,4,4,4,2,8,9,8,8,2,13,13,2,16,16,1,19,20,21,19,23 poly=1,24,253,1555,6236,17308,34437,50221,54392,43944,26330,11482,3513,706,82,4
SAMPLE n=24 alpha=15 par=0,1,2,3,4,4,4,2,8,9,2,11,2,13,1,15,16,16,15,19,19,15,22,22 poly=1,24,253,1555,6240,17356,34690,51006,56005,46255,28670,13144,4322,963,130,8
SAMPLE n=24 alpha=15 par=0,1,2,3,4,4,3,7,7,3,10,3,3,2,14,15,2,17,17,2,2,1,22,23 poly=1,24,253,1563,6350,18008,36875,55569,62175,51679,31664,14050,4372,901,110,6
SAMPLE n=24 alpha=14 par=0,1,2,3,4,4,3,7,3,9,3,3,2,13,13,1,16,17,17,16,1,21,22,21 poly=1,24,253,1557,6267,17501,35060,51312,55261,43683,25011,10085,2715,438,32
SAMPLE n=24 alpha=14 par=0,1,2,3,4,4,3,7,3,9,2,11,12,2,14,2,16,1,18,19,1,21,21,21 poly=1,24,253,1554,6212,17082,33294,46711,47440,34769,18126,6508,1515,204,12
SAMPLE n=24 alpha=15 par=0,1,2,3,4,4,3,7,3,2,1,11,12,13,13,12,12,12,11,19,19,19,11,23 poly=1,24,253,1558,6289,17693,35987,54133,61019,51807,33022,15583,5286,1219,171,11
SAMPLE n=24 alpha=15 par=0,1,2,3,4,4,3,7,2,9,10,9,2,13,14,2,2,1,18,19,20,20,1,23 poly=1,24,253,1555,6230,17223,33925,48500,50826,39182,22155,9078,2622,505,58,3
SAMPLE n=24 alpha=15 par=0,1,2,3,4,4,3,3,3,3,2,1,12,13,14,12,16,16,1,19,20,1,22,1 poly=1,24,253,1560,6320,17904,36816,56213,64514,55832,36223,17329,5923,1366,190,12
SAMPLE n=24 alpha=14 par=0,1,2,3,4,4,3,3,3,2,10,11,10,2,14,15,2,17,2,1,20,21,20,23 poly=1,24,253,1559,6291,17623,35404,51899,55868,44016,25027,9980,2646,419,30
SAMPLE n=24 alpha=16 par=0,1,2,3,4,4,3,3,2,9,9,9,2,1,14,15,14,14,1,19,19,19,1,23 poly=1,24,253,1559,6304,17805,36507,55728,64360,56713,38168,19472,7393,2018,372,41,2
SAMPLE n=24 alpha=15 par=0,1,2,3,4,4,3,2,8,8,8,1,12,13,14,14,12,17,12,1,20,21,22,22 poly=1,24,253,1552,6195,17073,33695,48797,52688,42763,26077,11815,3875,874,122,8
SAMPLE n=24 alpha=14 par=0,1,2,3,4,4,3,1,8,9,10,9,9,1,14,15,14,17,14,19,14,21,14,23 poly=1,24,253,1556,6248,17337,34236,48699,49822,36115,17969,5790,1083,93,2
SAMPLE n=24 alpha=15 par=0,1,2,3,4,4,2,7,8,7,7,2,12,13,12,2,16,17,2,1,20,21,1,1 poly=1,24,253,1558,6274,17509,35010,51162,55254,44290,26283,11420,3547,751,98,6
SAMPLE n=24 alpha=15 par=0,1,2,3,4,4,2,7,7,2,2,1,12,13,14,1,16,17,1,19,19,1,22,22 poly=1,24,253,1556,6245,17325,34340,49616,52889,41837,24537,10559,3249,678,86,5
SAMPLE n=24 alpha=14 par=0,1,2,3,4,4,2,7,2,2,1,11,12,13,12,1,16,17,18,16,20,1,22,23 poly=1,24,253,1552,6185,16932,32851,45968,46769,34588,18399,6858,1696,248,16
SAMPLE n=24 alpha=16 par=0,1,2,3,4,4,2,7,2,2,1,11,12,13,12,1,16,17,17,17,16,1,1,1 poly=1,24,253,1562,6354,18170,38055,60005,72547,67970,49512,27911,12000,3822,854,120,8
SAMPLE n=24 alpha=16 par=0,1,2,3,4,4,2,1,8,9,10,9,9,8,14,15,14,14,1,19,20,20,20,20 poly=1,24,253,1556,6268,17639,36166,55609,65330,59210,41452,22254,9003,2658,541,68,4
SAMPLE n=24 alpha=15 par=0,1,2,3,4,4,1,7,8,9,7,7,7,1,14,15,15,1,18,18,1,21,1,23 poly=1,24,253,1559,6293,17659,35675,53031,58789,48913,30489,14059,4661,1051,144,9
SAMPLE n=24 alpha=12 par=0,1,2,3,4,3,6,3,8,3,10,3,2,13,14,1,16,17,18,1,20,21,20,23 poly=1,24,253,1553,6194,16927,32491,44047,41671,26619,10752,2407,215
SAMPLE n=24 alpha=13 par=0,1,2,3,4,3,6,3,8,2,10,2,12,1,14,15,16,15,18,14,20,21,14,1 poly=1,24,253,1551,6162,16707,31648,42086,38848,24194,9678,2308,296,16
SAMPLE n=24 alpha=13 par=0,1,2,3,4,3,6,3,8,2,10,2,1,13,14,15,14,17,14,19,1,21,22,1 poly=1,24,253,1552,6181,16858,32310,43859,41865,27457,11836,3097,419,18
SAMPLE n=24 alpha=14 par=0,1,2,3,4,3,6,3,2,1,10,11,12,11,10,15,15,15,10,1,20,21,21,20 poly=1,24,253,1554,6222,17210,33982,48754,51151,39085,21396,8106,1988,275,15
SAMPLE n=24 alpha=15 par=0,1,2,3,4,3,6,1,8,9,10,8,12,13,8,15,16,8,18,18,18,8,22,22 poly=1,24,253,1555,6225,17151,33489,47034,47783,35074,18448,6824,1717,278,26,1
SAMPLE n=24 alpha=16 par=0,1,2,3,4,3,6,1,8,9,1,11,11,11,11,11,11,1,18,18,18,1,22,1 poly=1,24,253,1569,6459,18867,40770,66930,84757,83286,63372,36980,16246,5205,1150,157,10
SAMPLE n=24 alpha=16 par=0,1,2,3,4,3,3,3,1,9,10,11,10,9,14,14,9,17,1,19,19,19,19,19 poly=1,24,253,1562,6366,18320,38844,62324,76789,73014,53379,29625,12187,3571,697,80,4
SAMPLE n=24 alpha=15 par=0,1,2,3,4,3,2,7,2,1,10,11,1,13,14,1,16,17,1,19,19,19,19,19 poly=1,24,253,1560,6313,17826,36443,55184,62631,53335,33731,15492,4980,1057,134,8
SAMPLE n=24 alpha=14 par=0,1,2,3,4,3,2,2,1,9,10,11,1,13,14,13,13,13,13,1,20,1,22,1 poly=1,24,253,1564,6371,18185,37693,57909,66555,57152,36186,16397,5023,929,78
SAMPLE n=24 alpha=15 par=0,1,2,3,4,2,6,1,8,9,10,8,1,13,14,14,1,17,18,1,20,20,1,1 poly=1,24,253,1559,6288,17591,35272,51660,55821,44627,26272,11217,3365,668,78,4
TOP5 rank=0 n=24 alpha=22 k=11 q=15 num=79457509119 den=497651237136 par=0,1,2,2,2,2,2,2,2,2,2,2,2,1,14,14,14,14,14,14,14,14,14,14 poly=1,24,253,1640,7600,26874,75327,171216,320220,497630,646711,705444,646647,497420,319770,170544,74613,26334,7315,1540,231,22,1
TOP5 rank=1 n=24 alpha=21 k=10 q=14 num=21469349866 den=131736332025 par=0,1,2,2,2,2,2,2,1,9,9,9,9,9,9,1,1,1,1,1,1,1,1,1 poly=1,24,253,1615,7151,23658,61188,127340,217236,307331,362955,358789,296672,204401,116490,54294,20351,5985,1330,210,21,1
TOP5 rank=2 n=24 alpha=21 k=10 q=14 num=21153908861 den=129446685369 par=0,1,2,3,3,3,3,3,3,3,3,3,1,13,14,14,14,14,14,14,1,1,1,1 poly=1,24,253,1601,7026,23153,59873,124882,213772,303569,359787,356732,295660,204036,116399,54280,20350,5985,1330,210,21,1
TOP5 rank=3 n=24 alpha=21 k=10 q=14 num=21153908861 den=129446685369 par=0,1,2,3,3,3,3,3,3,3,3,3,1,13,14,14,14,14,14,1,1,1,1,1 poly=1,24,253,1601,7025,23149,59867,124878,213771,303569,359787,356732,295660,204036,116399,54280,20350,5985,1330,210,21,1
TOP5 rank=4 n=24 alpha=21 k=10 q=14 num=20728653803 den=126841397904 par=0,1,2,3,3,3,3,3,3,3,1,11,12,12,12,12,12,12,12,1,1,1,1,1 poly=1,24,253,1597,6973,22860,58915,122758,210368,299509,356148,354289,294450,203607,116296,54265,20349,5985,1330,210,21,1
TOP5 rank=5 n=24 alpha=21 k=10 q=14 num=20729008092 den=126841397904 par=0,1,2,3,3,3,3,3,3,3,1,11,12,12,12,12,12,12,1,1,1,1,1,1 poly=1,24,253,1597,6972,22855,58905,122748,210363,299508,356148,354289,294450,203607,116296,54265,20349,5985,1330,210,21,1
TOP5 rank=6 n=24 alpha=21 k=10 q=14 num=21047629757 den=128634126336 par=0,1,2,3,3,3,3,3,3,3,1,11,12,12,12,12,12,1,1,1,1,1,1,1 poly=1,24,253,1599,6998,23004,59421,123968,212447,302149,358656,356071,295385,203959,116386,54279,20350,5985,1330,210,21,1
TOP5 rank=7 n=24 alpha=21 k=10 q=14 num=22311413161 den=136353686121 par=0,1,2,2,2,2,2,2,1,9,9,9,9,9,1,1,1,1,1,1,1,1,1,1 poly=1,24,253,1620,7210,23984,62307,130007,221905,313520,369261,363748,299665,205765,116945,54399,20366,5986,1330,210,21,1
TOP5 rank=8 n=24 alpha=21 k=11 q=14 num=21659644126 den=132337343524 par=0,1,2,2,2,2,2,2,2,2,2,2,2,1,14,14,14,14,14,1,20,20,20,20 poly=1,24,253,1612,7155,23839,62097,129840,221863,313574,369327,363782,299674,205766,116945,54399,20366,5986,1330,210,21,1
TOP5 rank=9 n=24 alpha=21 k=11 q=14 num=21671168611 den=132298057984 par=0,1,2,3,3,3,3,3,3,3,3,3,3,1,14,14,14,14,14,14,1,1,1,1 poly=1,24,253,1610,7141,23768,61903,129509,221486,313280,369171,363728,299663,205765,116945,54399,20366,5986,1330,210,21,1
TOP5 rank=10 n=24 alpha=21 k=11 q=14 num=21671168611 den=132298057984 par=0,1,2,3,3,3,3,3,3,3,3,3,3,1,14,14,14,14,14,1,1,1,1,1 poly=1,24,253,1610,7140,23764,61897,129505,221485,313280,369171,363728,299663,205765,116945,54399,20366,5986,1330,210,21,1
TOP5 rank=11 n=24 alpha=21 k=11 q=14 num=22280859693 den=135964025289 par=0,1,2,2,2,2,2,2,2,2,2,2,2,1,14,14,14,14,14,1,1,1,1,1 poly=1,24,253,1620,7235,24209,63257,132507,226490,319715,375606,368733,302666,207130,117400,54504,20381,5987,1330,210,21,1
TOP4 rank=0 n=24 alpha=22 k=11 q=15 num=79457509119 den=497651237136 par=0,1,2,2,2,2,2,2,2,2,2,2,2,1,14,14,14,14,14,14,14,14,14,14 poly=1,24,253,1640,7600,26874,75327,171216,320220,497630,646711,705444,646647,497420,319770,170544,74613,26334,7315,1540,231,22,1
TOP4 rank=1 n=24 alpha=21 k=10 q=14 num=21469349866 den=131736332025 par=0,1,2,2,2,2,2,2,1,9,9,9,9,9,9,1,1,1,1,1,1,1,1,1 poly=1,24,253,1615,7151,23658,61188,127340,217236,307331,362955,358789,296672,204401,116490,54294,20351,5985,1330,210,21,1
TOP4 rank=2 n=24 alpha=21 k=10 q=14 num=21153908861 den=129446685369 par=0,1,2,3,3,3,3,3,3,3,3,3,1,13,14,14,14,14,14,14,1,1,1,1 poly=1,24,253,1601,7026,23153,59873,124882,213772,303569,359787,356732,295660,204036,116399,54280,20350,5985,1330,210,21,1
TOP4 rank=3 n=24 alpha=21 k=10 q=14 num=21153908861 den=129446685369 par=0,1,2,3,3,3,3,3,3,3,3,3,1,13,14,14,14,14,14,1,1,1,1,1 poly=1,24,253,1601,7025,23149,59867,124878,213771,303569,359787,356732,295660,204036,116399,54280,20350,5985,1330,210,21,1
TOP4 rank=4 n=24 alpha=21 k=10 q=14 num=20728653803 den=126841397904 par=0,1,2,3,3,3,3,3,3,3,1,11,12,12,12,12,12,12,12,1,1,1,1,1 poly=1,24,253,1597,6973,22860,58915,122758,210368,299509,356148,354289,294450,203607,116296,54265,20349,5985,1330,210,21,1
TOP4 rank=5 n=24 alpha=21 k=10 q=14 num=20729008092 den=126841397904 par=0,1,2,3,3,3,3,3,3,3,1,11,12,12,12,12,12,12,1,1,1,1,1,1 poly=1,24,253,1597,6972,22855,58905,122748,210363,299508,356148,354289,294450,203607,116296,54265,20349,5985,1330,210,21,1
TOP4 rank=6 n=24 alpha=21 k=10 q=14 num=21047629757 den=128634126336 par=0,1,2,3,3,3,3,3,3,3,1,11,12,12,12,12,12,1,1,1,1,1,1,1 poly=1,24,253,1599,6998,23004,59421,123968,212447,302149,358656,356071,295385,203959,116386,54279,20350,5985,1330,210,21,1
TOP4 rank=7 n=24 alpha=21 k=10 q=14 num=22311413161 den=136353686121 par=0,1,2,2,2,2,2,2,1,9,9,9,9,9,1,1,1,1,1,1,1,1,1,1 poly=1,24,253,1620,7210,23984,62307,130007,221905,313520,369261,363748,299665,205765,116945,54399,20366,5986,1330,210,21,1
TOP4 rank=8 n=24 alpha=21 k=11 q=14 num=21659644126 den=132337343524 par=0,1,2,2,2,2,2,2,2,2,2,2,2,1,14,14,14,14,14,1,20,20,20,20 poly=1,24,253,1612,7155,23839,62097,129840,221863,313574,369327,363782,299674,205766,116945,54399,20366,5986,1330,210,21,1
TOP4 rank=9 n=24 alpha=21 k=11 q=14 num=21671168611 den=132298057984 par=0,1,2,3,3,3,3,3,3,3,3,3,3,1,14,14,14,14,14,14,1,1,1,1 poly=1,24,253,1610,7141,23768,61903,129509,221486,313280,369171,363728,299663,205765,116945,54399,20366,5986,1330,210,21,1
TOP4 rank=10 n=24 alpha=21 k=11 q=14 num=21671168611 den=132298057984 par=0,1,2,3,3,3,3,3,3,3,3,3,3,1,14,14,14,14,14,1,1,1,1,1 poly=1,24,253,1610,7140,23764,61897,129505,221485,313280,369171,363728,299663,205765,116945,54399,20366,5986,1330,210,21,1
TOP4 rank=11 n=24 alpha=21 k=11 q=14 num=22280859693 den=135964025289 par=0,1,2,2,2,2,2,2,2,2,2,2,2,1,14,14,14,14,14,1,1,1,1,1 poly=1,24,253,1620,7235,24209,63257,132507,226490,319715,375606,368733,302666,207130,117400,54504,20381,5987,1330,210,21,1
VDMIN_FLOAT n=24 value=0.685404066048 k=9 alpha=13 q=9 lambda=2.17161384056 V=1.7620131977 delta=0.388989178368 par=0,1,2,3,2,5,2,7,2,9,2,11,2,13,1,15,16,15,18,15,20,15,22,1 poly=1,24,253,1562,6328,17773,35476,50509,50443,33818,13853,2759,91,1
PERK n=24 alpha=22 k=5 q=15 num=149726676 den=722211876 par=0,1,2,2,2,2,2,2,2,2,2,2,2,1,14,14,14,14,14,14,14,14,14,14
PERK n=24 alpha=22 k=6 q=15 num=1072898145 den=5674156929 par=0,1,2,2,2,2,2,2,2,2,2,2,2,1,14,14,14,14,14,14,14,14,14,14
PERK n=24 alpha=22 k=7 q=15 num=5193706716 den=29314918656 par=0,1,2,2,2,2,2,2,2,2,2,2,2,1,14,14,14,14,14,14,14,14,14,14
PERK n=24 alpha=22 k=8 q=15 num=17338630320 den=102540848400 par=0,1,2,2,2,2,2,2,2,2,2,2,2,1,14,14,14,14,14,14,14,14,14,14
PERK n=24 alpha=22 k=9 q=15 num=40545820480 den=247635616900 par=0,1,2,2,2,2,2,2,2,2,2,2,2,1,14,14,14,14,14,14,14,14,14,14
PERK n=24 alpha=22 k=10 q=15 num=67185019801 den=418235117521 par=0,1,2,2,2,2,2,2,2,2,2,2,2,1,14,14,14,14,14,14,14,14,14,14
PERK n=24 alpha=22 k=11 q=15 num=79457509119 den=497651237136 par=0,1,2,2,2,2,2,2,2,2,2,2,2,1,14,14,14,14,14,14,14,14,14,14
PERK n=24 alpha=22 k=12 q=15 num=67250388129 den=418152342609 par=0,1,2,2,2,2,2,2,2,2,2,2,2,1,14,14,14,14,14,14,14,14,14,14
PERK n=24 alpha=22 k=13 q=15 num=40648345210 den=247426656400 par=0,1,2,2,2,2,2,2,2,2,2,2,2,1,14,14,14,14,14,14,14,14,14,14
PERK n=24 alpha=22 k=14 q=15 num=17420856420 den=102252852900 par=0,1,2,2,2,2,2,2,2,2,2,2,2,1,14,14,14,14,14,14,14,14,14,14
PERK n=24 alpha=22 k=15 q=15 num=5226256926 den=29085255936 par=0,1,2,2,2,2,2,2,2,2,2,2,2,1,14,14,14,14,14,14,14,14,14,14
PERALPHA n=24 alpha=12 k=6 q=8 num=480697128 den=1785231504 par=0,1,2,3,2,5,2,7,2,9,2,11,2,13,2,15,2,17,2,19,2,1,22,23
PERALPHA n=24 alpha=13 k=7 q=9 num=1033289956 den=4058964100 par=0,1,2,3,2,5,2,7,2,9,2,11,2,13,1,15,16,15,18,15,20,15,15,15
PERALPHA n=24 alpha=14 k=7 q=9 num=1235707844 den=5205333904 par=0,1,2,3,2,5,2,7,2,9,2,11,2,13,2,15,1,17,18,17,17,17,17,17
PERALPHA n=24 alpha=15 k=8 q=10 num=1303648890 den=5808268944 par=0,1,2,3,4,4,4,4,3,9,9,9,9,2,14,2,16,2,18,2,20,1,22,23
PERALPHA n=24 alpha=16 k=8 q=11 num=2115960561 den=10112514721 par=0,1,2,3,3,3,3,3,2,9,9,9,9,9,1,15,1,17,1,19,1,21,1,23
PERALPHA n=24 alpha=17 k=9 q=11 num=1927787289 den=9826162129 par=0,1,2,3,4,4,4,4,3,9,9,9,9,2,2,2,1,17,18,17,20,17,22,17
PERALPHA n=24 alpha=18 k=10 q=12 num=1250547052 den=6769669284 par=0,1,2,3,4,4,4,2,2,2,1,11,12,11,11,11,1,17,17,17,1,21,21,21
PERALPHA n=24 alpha=19 k=10 q=13 num=2082410130 den=11965078225 par=0,1,2,3,4,4,4,4,3,9,9,9,9,2,2,1,16,17,18,18,18,16,16,16
PERALPHA n=24 alpha=20 k=10 q=13 num=6398471017 den=38381903569 par=0,1,2,3,3,3,3,3,2,9,9,9,9,9,1,15,16,16,16,16,16,1,1,1
PERALPHA n=24 alpha=21 k=10 q=14 num=21469349866 den=131736332025 par=0,1,2,2,2,2,2,2,1,9,9,9,9,9,9,1,1,1,1,1,1,1,1,1
PERALPHA n=24 alpha=22 k=11 q=15 num=79457509119 den=497651237136 par=0,1,2,2,2,2,2,2,2,2,2,2,2,1,14,14,14,14,14,14,14,14,14,14
TOPQ n=24 alpha=22 k=15 q=15 num=5226256926 den=29085255936 par=0,1,2,2,2,2,2,2,2,2,2,2,2,1,14,14,14,14,14,14,14,14,14,14
NEWTON n=24 alpha=18 k=12 q=12 num=8647621892 den=9168432691 par=0,1,2,3,4,4,4,3,8,8,2,11,12,12,12,2,1,17,18,19,19,19,17,17
NEWTONFAIL_DIST n=24 q_minus_k=0 trees=52058
NEWTONFAIL_DIST n=24 q_minus_k=1 trees=18028
NEWTONFAIL_DIST n=24 q_minus_k=2 trees=6700
NEWTONFAIL_DIST n=24 q_minus_k=3 trees=3109
NEWTONFAIL_DIST n=24 q_minus_k=4 trees=1508
NEWTONFAIL_DIST n=24 q_minus_k=5 trees=565
NEWTONFAIL_DIST n=24 q_minus_k=6 trees=241
NEWTONFAIL_DIST n=24 q_minus_k=7 trees=65
NEWTONFAIL_DIST n=24 q_minus_k=8 trees=20
NEWTONFAIL_DIST n=24 q_minus_k=9 trees=23
NEWTONFAIL_DIST n=24 q_minus_k=10 trees=1
VDBIN_FLOAT n=24 bin_lo=0 value=0.685404066048 k=9 alpha=13 q=9 lambda=2.17161384056 V=1.7620131977 delta=0.388989178368 par=0,1,2,3,2,5,2,7,2,9,2,11,2,13,1,15,16,15,18,15,20,15,22,1
VDBIN_FLOAT n=24 bin_lo=2 value=0.724838831174 k=9 alpha=13 q=9 lambda=1.89719020997 V=2.00402873575 delta=0.361690837184 par=0,1,2,3,2,5,2,7,2,9,2,11,2,13,2,15,2,17,2,19,1,21,22,1
VDBIN_FLOAT n=24 bin_lo=4 value=0.820933829594 k=12 alpha=18 q=12 lambda=2.16090556759 V=4.13507049862 delta=0.198529584893 par=0,1,2,3,4,4,4,4,3,3,2,11,11,11,2,15,15,15,1,19,20,20,1,1
STATS n=24 trees=7953904 viol5=0 viol4=0 zero5=0 zero4=0 nonunimodal=0 sampled=375 newton_fail_trees=82318
