TOP5 rank=0 n=25 alpha=22 k=11 q=15 num=81634942272 den=520582452196 par=0,1,2,3,3,3,3,3,3,3,3,3,3,3,2,2,2,2,2,1,20,20,20,20,20 poly=1,25,276,1851,8665,30479,84146,187485,343442,523655,669746,721514,655394,501061,320890,170784,74645,26336,7315,1540,231,22,1
TOP5 rank=1 n=25 alpha=22 k=11 q=15 num=81650674523 den=520568022016 par=0,1,2,3,3,3,3,3,3,3,3,3,3,3,1,15,16,16,16,16,16,1,1,1,1 poly=1,25,276,1846,8626,30363,83937,187233,343232,523535,669701,721504,655393,501061,320890,170784,74645,26336,7315,1540,231,22,1
TOP5 rank=2 n=25 alpha=22 k=11 q=15 num=79612879801 den=507569328721 par=0,1,2,2,2,2,2,2,2,2,1,11,11,11,11,11,11,11,1,1,1,1,1,1,1 poly=1,25,276,1848,8610,30100,82656,183578,336079,513294,658658,712439,649740,498421,319994,170575,74615,26334,7315,1540,231,22,1
TOP5 rank=3 n=25 alpha=22 k=11 q=15 num=80344742842 den=511857255364 par=0,1,2,2,2,2,2,2,2,2,1,11,11,11,11,11,11,1,1,1,1,1,1,1,1 poly=1,25,276,1850,8631,30212,83055,184614,338102,516304,662091,715442,651742,499422,320358,170666,74629,26335,7315,1540,231,22,1
TOP5 rank=4 n=25 alpha=22 k=11 q=15 num=80345394584 den=511857255364 par=0,1,2,2,2,2,2,2,2,2,1,11,11,11,11,11,11,11,11,1,1,1,1,1,1 poly=1,25,276,1848,8618,30176,83000,184564,338075,516296,662090,715442,651742,499422,320358,170666,74629,26335,7315,1540,231,22,1
TOP5 rank=5 n=25 alpha=22 k=11 q=15 num=84374040025 den=537448805881 par=0,1,2,3,3,3,3,3,3,3,3,3,3,3,3,2,2,2,2,2,1,21,21,21,21 poly=1,25,276,1858,8751,30974,85921,191931,351702,535437,682901,733109,663456,505440,322711,171344,74765,26352,7316,1540,231,22,1
TOP5 rank=6 n=25 alpha=22 k=11 q=15 num=84374040025 den=537448805881 par=0,1,2,3,3,3,3,3,3,3,3,3,3,3,3,2,2,2,2,1,20,20,20,20,20 poly=1,25,276,1857,8747,30968,85917,191930,351702,535437,682901,733109,663456,505440,322711,171344,74765,26352,7316,1540,231,22,1
TOP5 rank=7 n=25 alpha=22 k=11 q=15 num=84378544912 den=537447339664 par=0,1,2,3,3,3,3,3,3,3,3,3,3,3,3,1,16,17,17,17,17,17,1,1,1 poly=1,25,276,1853,8718,30891,85795,191805,351618,535401,682892,733108,663456,505440,322711,171344,74765,26352,7316,1540,231,22,1
TOP5 rank=8 n=25 alpha=22 k=11 q=15 num=84378544912 den=537447339664 par=0,1,2,3,3,3,3,3,3,3,3,3,3,3,3,1,16,17,17,17,17,1,1,1,1 poly=1,25,276,1853,8717,30888,85792,191804,351618,535401,682892,733108,663456,505440,322711,171344,74765,26352,7316,1540,231,22,1
TOP5 rank=9 n=25 alpha=22 k=11 q=15 num=84388623165 den=537206907136 par=0,1,2,3,3,3,3,3,2,2,2,2,2,2,2,2,2,2,2,1,20,20,20,20,20 poly=1,25,276,1857,8740,30919,85756,191601,351240,534975,682571,732944,663401,505429,322710,171344,74765,26352,7316,1540,231,22,1
TOP5 rank=10 n=25 alpha=22 k=11 q=15 num=87224894913 den=555089071849 par=0,1,2,3,3,3,3,3,3,3,3,3,3,3,3,3,2,2,2,2,1,21,21,21,21 poly=1,25,276,1865,8843,31510,87831,196667,360418,547765,696554,745043,671684,509874,324543,171905,74885,26368,7317,1540,231,22,1
TOP5 rank=11 n=25 alpha=22 k=11 q=15 num=87225566597 den=555089071849 par=0,1,2,3,3,3,3,3,3,3,3,3,3,3,3,3,1,17,18,18,18,18,1,1,1 poly=1,25,276,1861,8818,31455,87761,196611,360390,547757,696553,745043,671684,509874,324543,171905,74885,26368,7317,1540,231,22,1
TOP4 rank=0 n=25 alpha=22 k=11 q=15 num=81634942272 den=520582452196 par=0,1,2,3,3,3,3,3,3,3,3,3,3,3,2,2,2,2,2,1,20,20,20,20,20 poly=1,25,276,1851,8665,30479,84146,187485,343442,523655,669746,721514,655394,501061,320890,170784,74645,26336,7315,1540,231,22,1
TOP4 rank=1 n=25 alpha=22 k=11 q=15 num=81650674523 den=520568022016 par=0,1,2,3,3,3,3,3,3,3,3,3,3,3,1,15,16,16,16,16,16,1,1,1,1 poly=1,25,276,1846,8626,30363,83937,187233,343232,523535,669701,721504,655393,501061,320890,170784,74645,26336,7315,1540,231,22,1
TOP4 rank=2 n=25 alpha=22 k=11 q=15 num=79612879801 den=507569328721 par=0,1,2,2,2,2,2,2,2,2,1,11,11,11,11,11,11,11,1,1,1,1,1,1,1 poly=1,25,276,1848,8610,30100,82656,183578,336079,513294,658658,712439,649740,498421,319994,170575,74615,26334,7315,1540,231,22,1
TOP4 rank=3 n=25 alpha=22 k=11 q=15 num=80344742842 den=511857255364 par=0,1,2,2,2,2,2,2,2,2,1,11,11,11,11,11,11,1,1,1,1,1,1,1,1 poly=1,25,276,1850,8631,30212,83055,184614,338102,516304,662091,715442,651742,499422,320358,170666,74629,26335,7315,1540,231,22,1
TOP4 rank=4 n=25 alpha=22 k=11 q=15 num=80345394584 den=511857255364 par=0,1,2,2,2,2,2,2,2,2,1,11,11,11,11,11,11,11,11,1,1,1,1,1,1 poly=1,25,276,1848,8618,30176,83000,184564,338075,516296,662090,715442,651742,499422,320358,170666,74629,26335,7315,1540,231,22,1
TOP4 rank=5 n=25 alpha=22 k=11 q=15 num=84374040025 den=537448805881 par=0,1,2,3,3,3,3,3,3,3,3,3,3,3,3,2,2,2,2,2,1,21,21,21,21 poly=1,25,276,1858,8751,30974,85921,191931,351702,535437,682901,733109,663456,505440,322711,171344,74765,26352,7316,1540,231,22,1
TOP4 rank=6 n=25 alpha=22 k=11 q=15 num=84374040025 den=537448805881 par=0,1,2,3,3,3,3,3,3,3,3,3,3,3,3,2,2,2,2,1,20,20,20,20,20 poly=1,25,276,1857,8747,30968,85917,191930,351702,535437,682901,733109,663456,505440,322711,171344,74765,26352,7316,1540,231,22,1
TOP4 rank=7 n=25 alpha=22 k=11 q=15 num=84378544912 den=537447339664 par=0,1,2,3,3,3,3,3,3,3,3,3,3,3,3,1,16,17,17,17,17,17,1,1,1 poly=1,25,276,1853,8718,30891,85795,191805,351618,535401,682892,733108,663456,505440,322711,171344,74765,26352,7316,1540,231,22,1
TOP4 rank=8 n=25 alpha=22 k=11 q=15 num=84378544912 den=537447339664 par=0,1,2,3,3,3,3,3,3,3,3,3,3,3,3,1,16,17,17,17,17,1,1,1,1 poly=1,25,276,1853,8717,30888,85792,191804,351618,535401,682892,733108,663456,505440,322711,171344,74765,26352,7316,1540,231,22,1
TOP4 rank=9 n=25 alpha=22 k=11 q=15 num=84388623165 den=537206907136 par=0,1,2,3,3,3,3,3,2,2,2,2,2,2,2,2,2,2,2,1,20,20,20,20,20 poly=1,25,276,1857,8740,30919,85756,191601,351240,534975,682571,732944,663401,505429,322710,171344,74765,26352,7316,1540,231,22,1
TOP4 rank=10 n=25 alpha=22 k=11 q=15 num=87224894913 den=555089071849 par=0,1,2,3,3,3,3,3,3,3,3,3,3,3,3,3,2,2,2,2,1,21,21,21,21 poly=1,25,276,1865,8843,31510,87831,196667,360418,547765,696554,745043,671684,509874,324543,171905,74885,26368,7317,1540,231,22,1
TOP4 rank=11 n=25 alpha=22 k=11 q=15 num=87225566597 den=555089071849 par=0,1,2,3,3,3,3,3,3,3,3,3,3,3,3,3,1,17,18,18,18,18,1,1,1 poly=1,25,276,1861,8818,31455,87761,196611,360390,547757,696553,745043,671684,509874,324543,171905,74885,26368,7317,1540,231,22,1
VDMIN_FLOAT n=25 value=0.718449047758 k=9 alpha=13 q=9 lambda=2.06940826808 V=1.9121645782 delta=0.37572552904 par=0,1,2,3,4,5,6,5,8,5,10,5,12,1,14,15,16,17,18,17,20,17,22,14,24 poly=1,25,276,1781,7490,21641,44025,63375,63700,43100,18205,4086,313,2
PERK n=25 alpha=22 k=5 q=15 num=228932892 den=1096139664 par=0,1,2,3,3,3,3,3,3,3,3,3,3,3,1,15,1,1,1,1,1,1,1,1,1
PERK n=25 alpha=22 k=6 q=15 num=1240006999 den=6565050625 par=0,1,2,2,2,2,2,2,2,2,1,11,11,11,11,11,11,11,1,19,19,19,19,19,19
PERK n=25 alpha=22 k=7 q=15 num=5675689476 den=32526483201 par=0,1,2,2,2,2,2,2,2,2,1,11,11,11,11,11,11,11,1,19,19,19,19,19,19
PERK n=25 alpha=22 k=8 q=15 num=18172587267 den=109818669321 par=0,1,2,2,2,2,2,2,2,2,1,11,11,11,11,11,11,11,1,19,19,19,19,19,19
PERK n=25 alpha=22 k=9 q=15 num=42109608454 den=263470730436 par=0,1,2,2,2,2,2,2,2,2,1,11,11,11,11,11,11,11,1,1,1,1,1,1,1
PERK n=25 alpha=22 k=10 q=15 num=68139696898 den=433830360964 par=0,1,2,2,2,2,2,2,2,2,1,11,11,11,11,11,11,11,1,1,1,1,1,1,1
PERK n=25 alpha=22 k=11 q=15 num=81634942272 den=520582452196 par=0,1,2,3,3,3,3,3,3,3,3,3,3,3,2,2,2,2,2,1,20,20,20,20,20
PERK n=25 alpha=22 k=12 q=15 num=71281341274 den=451159395856 par=0,1,2,3,3,3,3,3,3,3,3,3,3,3,3,3,2,2,2,2,1,21,21,21,21
PERK n=25 alpha=22 k=13 q=15 num=41981155464 den=259971495876 par=0,1,2,3,3,3,3,3,3,3,3,3,3,3,3,3,2,2,2,2,1,21,21,21,21
PERK n=25 alpha=22 k=14 q=15 num=19079639224 den=113812444321 par=0,1,2,3,3,3,3,3,3,3,3,3,3,3,3,3,3,3,2,2,2,1,22,22,22
PERK n=25 alpha=22 k=15 q=15 num=5520129501 den=31247279361 par=0,1,2,3,3,3,3,3,3,3,3,3,3,3,3,3,3,3,2,2,2,1,22,22,22
PERALPHA n=25 alpha=13 k=7 q=9 num=2102418728 den=8242824100 par=0,1,2,3,2,5,2,7,2,9,2,11,2,1,14,15,14,17,14,19,14,21,14,23,14
PERALPHA n=25 alpha=14 k=7 q=9 num=2485037492 den=10396657296 par=0,1,2,3,2,5,2,7,2,9,2,11,2,1,14,15,14,17,14,19,14,21,14,14,14
PERALPHA n=25 alpha=15 k=8 q=10 num=6010781740 den=26710018624 par=0,1,2,2,2,2,2,2,1,9,1,11,1,13,1,15,1,17,1,19,1,21,1,23,1
PERALPHA n=25 alpha=16 k=8 q=11 num=4756287008 den=22481103969 par=0,1,2,3,4,4,4,4,4,2,10,2,12,2,2,2,1,17,18,17,20,17,22,17,24
PERALPHA n=25 alpha=17 k=9 q=11 num=4742294033 den=23876121361 par=0,1,2,3,4,5,5,5,5,3,3,3,1,13,14,15,16,15,18,15,20,15,1,1,1
PERALPHA n=25 alpha=18 k=10 q=12 num=2536525627 den=13585068025 par=0,1,2,3,4,4,4,3,8,8,8,3,12,12,12,3,16,16,16,2,2,2,1,23,24
PERALPHA n=25 alpha=19 k=11 q=13 num=1625352872 den=9287562384 par=0,1,2,3,3,3,2,7,7,7,2,11,11,11,2,15,15,15,1,19,20,20,20,1,1
PERALPHA n=25 alpha=20 k=10 q=13 num=7924970583 den=47661875856 par=0,1,2,3,3,3,3,2,8,8,8,8,1,13,14,14,14,14,13,19,19,19,1,1,1
PERALPHA n=25 alpha=21 k=10 q=14 num=23141779006 den=144068830096 par=0,1,2,3,4,4,4,4,4,4,3,3,3,3,3,1,16,17,17,17,17,17,1,1,1
PERALPHA n=25 alpha=22 k=11 q=15 num=81634942272 den=520582452196 par=0,1,2,3,3,3,3,3,3,3,3,3,3,3,2,2,2,2,2,1,20,20,20,20,20
TOPQ n=25 alpha=22 k=15 q=15 num=5520129501 den=31247279361 par=0,1,2,3,3,3,3,3,3,3,3,3,3,3,3,3,3,3,2,2,2,1,22,22,22
NEWTON n=25 alpha=19 k=12 q=13 num=65819497952 den=70476940880 par=0,1,2,3,3,3,2,7,7,7,2,11,11,11,2,15,15,15,1,19,20,20,20,1,1
NEWTONFAIL_DIST n=25 q_minus_k=0 trees=98314
NEWTONFAIL_DIST n=25 q_minus_k=1 trees=37818
NEWTONFAIL_DIST n=25 q_minus_k=2 trees=17699
NEWTONFAIL_DIST n=25 q_minus_k=3 trees=8859
NEWTONFAIL_DIST n=25 q_minus_k=4 trees=3882
NEWTONFAIL_DIST n=25 q_minus_k=5 trees=1476
NEWTONFAIL_DIST n=25 q_minus_k=6 trees=365
NEWTONFAIL_DIST n=25 q_minus_k=7 trees=138
NEWTONFAIL_DIST n=25 q_minus_k=8 trees=66
NEWTONFAIL_DIST n=25 q_minus_k=9 trees=56
NEWTONFAIL_DIST n=25 q_minus_k=10 trees=26
VDBIN_FLOAT n=25 bin_lo=0 value=0.718449047758 k=9 alpha=13 q=9 lambda=2.06940826808 V=1.9121645782 delta=0.37572552904 par=0,1,2,3,4,5,6,5,8,5,10,5,12,1,14,15,16,17,18,17,20,17,22,14,24
VDBIN_FLOAT n=25 bin_lo=2 value=0.726599733033 k=9 alpha=13 q=9 lambda=1.96192130139 V=2.00518282197 delta=0.362360840654 par=0,1,2,3,4,5,6,5,8,5,10,5,12,1,14,15,16,17,18,15,20,15,22,15,24
VDBIN_FLOAT n=25 bin_lo=4 value=0.813294455871 k=12 alpha=18 q=12 lambda=2.22282044241 V=4.0653699699 delta=0.200054229232 par=0,1,2,3,3,3,2,7,7,7,2,11,11,11,2,15,15,2,18,18,1,21,22,1,1
STATS n=25 trees=21332263 viol5=0 viol4=0 zero5=0 zero4=0 nonunimodal=0 sampled=0 newton_fail_trees=168699
