TOP5 rank=0 n=26 alpha=23 k=11 q=15 num=292549198748 den=1934992281600 par=0,1,2,2,2,2,2,2,2,2,2,2,2,1,14,14,14,14,14,14,1,1,1,1,1,1 poly=1,26,300,2115,10450,38924,114130,270839,530003,866305,1192906,1391040,1376842,1156443,821950,491674,245429,100981,33651,8855,1771,253,23,1
TOP5 rank=1 n=26 alpha=23 k=11 q=15 num=288022761976 den=1903296160000 par=0,1,2,3,3,3,3,3,3,3,3,3,3,1,14,14,14,14,14,14,14,1,1,1,1,1 poly=1,26,300,2105,10346,38389,112335,266487,522001,854866,1180036,1379600,1368834,1152075,820130,491114,245309,100965,33650,8855,1771,253,23,1
TOP5 rank=2 n=26 alpha=23 k=11 q=15 num=288022761976 den=1903296160000 par=0,1,2,3,3,3,3,3,3,3,3,3,3,1,14,14,14,14,14,14,1,1,1,1,1,1 poly=1,26,300,2105,10345,38384,112325,266477,521996,854865,1180036,1379600,1368834,1152075,820130,491114,245309,100965,33650,8855,1771,253,23,1
TOP5 rank=3 n=26 alpha=23 k=11 q=15 num=288022761976 den=1903296160000 par=0,1,2,2,2,2,2,2,2,2,2,2,2,1,14,14,14,14,14,14,1,21,21,21,21,21 poly=1,26,300,2105,10340,38374,112315,266472,521995,854865,1180036,1379600,1368834,1152075,820130,491114,245309,100965,33650,8855,1771,253,23,1
TOP5 rank=4 n=26 alpha=23 k=11 q=15 num=281835938931 den=1860744256281 par=0,1,2,3,3,3,3,3,3,3,3,3,2,2,2,2,2,2,2,1,20,20,20,20,20,20 poly=1,26,300,2103,10291,37954,110481,261320,511712,839535,1162522,1364091,1358175,1146432,817869,490450,245174,100948,33649,8855,1771,253,23,1
TOP5 rank=5 n=26 alpha=23 k=11 q=15 num=281835938931 den=1860744256281 par=0,1,2,3,3,3,3,3,3,3,3,3,2,2,2,2,2,2,1,19,19,19,19,19,19,19 poly=1,26,300,2102,10285,37939,110461,261305,511706,839534,1162522,1364091,1358175,1146432,817869,490450,245174,100948,33649,8855,1771,253,23,1
TOP5 rank=6 n=26 alpha=23 k=11 q=15 num=281845434325 den=1860741528100 par=0,1,2,3,3,3,3,3,3,3,3,1,12,12,12,12,12,12,12,1,1,1,1,1,1,1 poly=1,26,300,2101,10276,37905,110390,261215,511635,839500,1162513,1364090,1358175,1146432,817869,490450,245174,100948,33649,8855,1771,253,23,1
TOP5 rank=7 n=26 alpha=23 k=11 q=15 num=286412536671 den=1890119033856 par=0,1,2,3,3,3,3,3,3,3,1,11,11,11,11,11,11,1,1,1,1,1,1,1,1,1 poly=1,26,300,2105,10327,38213,111566,264386,517998,849258,1174105,1374816,1365897,1150722,819676,491009,245294,100964,33650,8855,1771,253,23,1
TOP5 rank=8 n=26 alpha=23 k=11 q=15 num=286056188861 den=1886581913841 par=0,1,2,3,3,3,3,3,3,3,3,3,2,2,2,2,2,2,2,2,1,21,21,21,21,21 poly=1,26,300,2106,10327,38171,111335,263721,516738,847550,1172390,1373529,1365182,1150436,819598,490996,245293,100964,33650,8855,1771,253,23,1
TOP5 rank=9 n=26 alpha=23 k=11 q=15 num=286057554043 den=1886581913841 par=0,1,2,3,3,3,3,3,3,3,3,3,2,2,2,2,2,1,18,18,18,18,18,18,18,18 poly=1,26,300,2103,10309,38125,111270,263666,516710,847542,1172389,1373529,1365182,1150436,819598,490996,245293,100964,33650,8855,1771,253,23,1
TOP5 rank=10 n=26 alpha=23 k=11 q=15 num=286065728442 den=1886579166784 par=0,1,2,3,3,3,3,3,3,3,3,1,12,12,12,12,12,12,1,1,1,1,1,1,1,1 poly=1,26,300,2103,10306,38107,111224,263601,516655,847514,1172381,1373528,1365182,1150436,819598,490996,245293,100964,33650,8855,1771,253,23,1
TOP5 rank=11 n=26 alpha=23 k=11 q=15 num=281965884461 den=1858794117376 par=0,1,2,3,3,3,3,3,3,3,3,3,1,13,14,14,14,14,14,14,14,1,1,1,1,1 poly=1,26,300,2096,10223,37678,109771,260034,509996,837819,1161235,1363376,1357889,1146354,817856,490449,245174,100948,33649,8855,1771,253,23,1
TOP4 rank=0 n=26 alpha=23 k=11 q=15 num=292549198748 den=1934992281600 par=0,1,2,2,2,2,2,2,2,2,2,2,2,1,14,14,14,14,14,14,1,1,1,1,1,1 poly=1,26,300,2115,10450,38924,114130,270839,530003,866305,1192906,1391040,1376842,1156443,821950,491674,245429,100981,33651,8855,1771,253,23,1
TOP4 rank=1 n=26 alpha=23 k=11 q=15 num=288022761976 den=1903296160000 par=0,1,2,3,3,3,3,3,3,3,3,3,3,1,14,14,14,14,14,14,14,1,1,1,1,1 poly=1,26,300,2105,10346,38389,112335,266487,522001,854866,1180036,1379600,1368834,1152075,820130,491114,245309,100965,33650,8855,1771,253,23,1
TOP4 rank=2 n=26 alpha=23 k=11 q=15 num=288022761976 den=1903296160000 par=0,1,2,3,3,3,3,3,3,3,3,3,3,1,14,14,14,14,14,14,1,1,1,1,1,1 poly=1,26,300,2105,10345,38384,112325,266477,521996,854865,1180036,1379600,1368834,1152075,820130,491114,245309,100965,33650,8855,1771,253,23,1
TOP4 rank=3 n=26 alpha=23 k=11 q=15 num=288022761976 den=1903296160000 par=0,1,2,2,2,2,2,2,2,2,2,2,2,1,14,14,14,14,14,14,1,21,21,21,21,21 poly=1,26,300,2105,10340,38374,112315,266472,521995,854865,1180036,1379600,1368834,1152075,820130,491114,245309,100965,33650,8855,1771,253,23,1
TOP4 rank=4 n=26 alpha=23 k=11 q=15 num=281835938931 den=1860744256281 par=0,1,2,3,3,3,3,3,3,3,3,3,2,2,2,2,2,2,2,1,20,20,20,20,20,20 poly=1,26,300,2103,10291,37954,110481,261320,511712,839535,1162522,1364091,1358175,1146432,817869,490450,245174,100948,33649,8855,1771,253,23,1
TOP4 rank=5 n=26 alpha=23 k=11 q=15 num=281835938931 den=1860744256281 par=0,1,2,3,3,3,3,3,3,3,3,3,2,2,2,2,2,2,1,19,19,19,19,19,19,19 poly=1,26,300,2102,10285,37939,110461,261305,511706,839534,1162522,1364091,1358175,1146432,817869,490450,245174,100948,33649,8855,1771,253,23,1
TOP4 rank=6 n=26 alpha=23 k=11 q=15 num=281845434325 den=1860741528100 par=0,1,2,3,3,3,3,3,3,3,3,1,12,12,12,12,12,12,12,1,1,1,1,1,1,1 poly=1,26,300,2101,10276,37905,110390,261215,511635,839500,1162513,1364090,1358175,1146432,817869,490450,245174,100948,33649,8855,1771,253,23,1
TOP4 rank=7 n=26 alpha=23 k=11 q=15 num=286412536671 den=1890119033856 par=0,1,2,3,3,3,3,3,3,3,1,11,11,11,11,11,11,1,1,1,1,1,1,1,1,1 poly=1,26,300,2105,10327,38213,111566,264386,517998,849258,1174105,1374816,1365897,1150722,819676,491009,245294,100964,33650,8855,1771,253,23,1
TOP4 rank=8 n=26 alpha=23 k=11 q=15 num=286056188861 den=1886581913841 par=0,1,2,3,3,3,3,3,3,3,3,3,2,2,2,2,2,2,2,2,1,21,21,21,21,21 poly=1,26,300,2106,10327,38171,111335,263721,516738,847550,1172390,1373529,1365182,1150436,819598,490996,245293,100964,33650,8855,1771,253,23,1
TOP4 rank=9 n=26 alpha=23 k=11 q=15 num=286057554043 den=1886581913841 par=0,1,2,3,3,3,3,3,3,3,3,3,2,2,2,2,2,1,18,18,18,18,18,18,18,18 poly=1,26,300,2103,10309,38125,111270,263666,516710,847542,1172389,1373529,1365182,1150436,819598,490996,245293,100964,33650,8855,1771,253,23,1
TOP4 rank=10 n=26 alpha=23 k=11 q=15 num=286065728442 den=1886579166784 par=0,1,2,3,3,3,3,3,3,3,3,1,12,12,12,12,12,12,1,1,1,1,1,1,1,1 poly=1,26,300,2103,10306,38107,111224,263601,516655,847514,1172381,1373528,1365182,1150436,819598,490996,245293,100964,33650,8855,1771,253,23,1
TOP4 rank=11 n=26 alpha=23 k=11 q=15 num=281965884461 den=1858794117376 par=0,1,2,3,3,3,3,3,3,3,3,3,1,13,14,14,14,14,14,14,14,1,1,1,1,1 poly=1,26,300,2096,10223,37678,109771,260034,509996,837819,1161235,1363376,1357889,1146354,817856,490449,245174,100948,33649,8855,1771,253,23,1
VDMIN_FLOAT n=26 value=0.738565145352 k=9 alpha=14 q=9 lambda=1.59881382507 V=2.25149170832 delta=0.328033695449 par=0,1,2,3,2,5,2,7,2,9,2,11,1,13,14,13,16,13,18,1,20,21,20,23,20,25 poly=1,26,300,2041,9158,28662,64373,104838,123191,102120,56884,19265,3103,59,1
PERK n=26 alpha=23 k=6 q=15 num=2251592969 den=12047477121 par=0,1,2,3,3,3,3,3,3,3,3,3,1,13,14,14,14,14,14,14,1,1,1,1,1,1
PERK n=26 alpha=23 k=7 q=15 num=11634910240 den=67617681156 par=0,1,2,3,3,3,3,3,3,3,3,3,1,13,14,14,14,14,14,14,14,1,1,1,1,1
PERK n=26 alpha=23 k=8 q=15 num=42461884744 den=261849170944 par=0,1,2,3,3,3,3,3,3,3,3,3,2,2,2,2,2,2,2,1,20,20,20,20,20,20
PERK n=26 alpha=23 k=9 q=15 num=109942558561 den=704819016225 par=0,1,2,3,3,3,3,3,3,3,3,3,2,2,2,2,2,2,2,1,20,20,20,20,20,20
PERK n=26 alpha=23 k=10 q=15 num=206255262799 den=1351457400484 par=0,1,2,3,3,3,3,3,3,3,3,3,2,2,2,2,2,2,2,1,20,20,20,20,20,20
PERK n=26 alpha=23 k=11 q=15 num=292549198748 den=1934992281600 par=0,1,2,2,2,2,2,2,2,2,2,2,2,1,14,14,14,14,14,14,1,1,1,1,1,1
PERK n=26 alpha=23 k=12 q=15 num=287035422244 den=1895693892964 par=0,1,2,2,2,2,2,2,2,2,2,2,2,1,14,14,14,14,14,14,1,1,1,1,1,1
PERK n=26 alpha=23 k=13 q=15 num=205665130349 den=1337360412249 par=0,1,2,2,2,2,2,2,2,2,2,2,2,1,14,14,14,14,14,14,1,1,1,1,1,1
PERK n=26 alpha=23 k=14 q=15 num=113416802665 den=716926291225 par=0,1,2,2,2,2,2,2,1,9,9,9,9,1,1,1,1,1,1,1,1,1,1,1,1,1
PERK n=26 alpha=23 k=15 q=15 num=41654750294 den=252629880129 par=0,1,2,2,2,2,2,2,1,9,9,9,9,1,1,1,1,1,1,1,1,1,1,1,1,1
PERALPHA n=26 alpha=13 k=7 q=9 num=3869384129 den=15020708481 par=0,1,2,3,4,3,6,3,8,3,10,3,12,3,1,15,16,17,16,15,20,15,22,15,24,15
PERALPHA n=26 alpha=14 k=7 q=9 num=4993190370 den=20877360100 par=0,1,2,3,2,5,2,7,2,9,2,11,2,2,2,1,16,17,16,19,16,21,16,23,16,25
PERALPHA n=26 alpha=15 k=8 q=10 num=12516010784 den=55298344336 par=0,1,2,3,2,5,2,7,2,9,2,11,2,2,2,1,16,17,16,19,16,21,16,23,16,16
PERALPHA n=26 alpha=16 k=8 q=11 num=15693733752 den=73986720025 par=0,1,2,3,3,3,3,3,3,1,10,1,12,1,14,1,16,1,18,1,20,1,22,1,24,1
PERALPHA n=26 alpha=17 k=9 q=11 num=18105149725 den=90507714025 par=0,1,2,3,3,3,3,3,2,9,9,9,9,1,14,1,16,1,18,1,20,1,22,1,24,1
PERALPHA n=26 alpha=18 k=9 q=12 num=15321920809 den=81153765625 par=0,1,2,3,4,4,4,4,2,2,2,2,1,13,14,13,16,13,18,13,20,1,22,22,22,22
PERALPHA n=26 alpha=19 k=10 q=13 num=15098234887 den=85082472721 par=0,1,2,3,4,5,5,5,5,3,10,11,11,11,11,3,3,1,18,19,20,19,22,1,1,1
PERALPHA n=26 alpha=20 k=11 q=13 num=8071331079 den=48311160804 par=0,1,2,2,2,2,1,7,7,7,1,11,11,11,1,15,15,15,1,19,19,19,1,23,23,23
PERALPHA n=26 alpha=21 k=11 q=14 num=24690243624 den=155474067204 par=0,1,2,3,3,3,3,2,8,8,8,8,1,13,14,14,14,14,13,19,19,19,19,1,1,1
PERALPHA n=26 alpha=22 k=11 q=15 num=83894236263 den=544059660816 par=0,1,2,3,4,4,4,4,4,4,3,3,3,3,3,1,16,17,17,17,17,17,1,1,1,1
PERALPHA n=26 alpha=23 k=11 q=15 num=292549198748 den=1934992281600 par=0,1,2,2,2,2,2,2,2,2,2,2,2,1,14,14,14,14,14,14,1,1,1,1,1,1
TOPQ n=26 alpha=23 k=15 q=15 num=41654750294 den=252629880129 par=0,1,2,2,2,2,2,2,1,9,9,9,9,1,1,1,1,1,1,1,1,1,1,1,1,1
NEWTON n=26 alpha=20 k=13 q=13 num=152023270000 den=162346918125 par=0,1,2,2,2,2,1,7,7,7,1,11,11,11,1,15,15,15,1,19,19,19,1,23,23,23
NEWTONFAIL_DIST n=26 q_minus_k=0 trees=206605
NEWTONFAIL_DIST n=26 q_minus_k=1 trees=96168
NEWTONFAIL_DIST n=26 q_minus_k=2 trees=44315
NEWTONFAIL_DIST n=26 q_minus_k=3 trees=18546
NEWTONFAIL_DIST n=26 q_minus_k=4 trees=6186
NEWTONFAIL_DIST n=26 q_minus_k=5 trees=2011
NEWTONFAIL_DIST n=26 q_minus_k=6 trees=790
NEWTONFAIL_DIST n=26 q_minus_k=7 trees=247
NEWTONFAIL_DIST n=26 q_minus_k=8 trees=131
NEWTONFAIL_DIST n=26 q_minus_k=9 trees=140
VDBIN_FLOAT n=26 bin_lo=2 value=0.738565145352 k=9 alpha=14 q=9 lambda=1.59881382507 V=2.25149170832 delta=0.328033695449 par=0,1,2,3,2,5,2,7,2,9,2,11,1,13,14,13,16,13,18,1,20,21,20,23,20,25
VDBIN_FLOAT n=26 bin_lo=4 value=0.810331587819 k=12 alpha=18 q=12 lambda=2.31978459981 V=4.05707904674 delta=0.199732758096 par=0,1,2,3,3,2,6,6,2,9,9,1,12,13,13,12,16,16,1,19,20,20,19,23,23,1
STATS n=26 trees=55986287 viol5=0 viol4=0 zero5=0 zero4=0 nonunimodal=0 sampled=0 newton_fail_trees=375139
