TOP5 rank=0 n=27 alpha=24 k=12 q=16 num=1101199279215 den=7553949918025 par=0,1,2,2,2,2,2,2,2,1,10,10,10,10,10,10,1,1,1,1,1,1,1,1,1,1,1 poly=1,27,325,2402,12463,48824,150969,379222,788921,1377189,2035066,2559691,2748445,2520910,1972205,1311244,736423,346274,134615,42505,10626,2024,276,24,1
TOP5 rank=1 n=27 alpha=24 k=12 q=16 num=1101280023232 den=7553889452356 par=0,1,2,2,2,2,2,2,2,2,2,2,2,1,14,14,14,14,14,14,14,1,1,1,1,1,1 poly=1,27,325,2397,12423,48679,150654,378766,788460,1376859,2034901,2559636,2748434,2520909,1972205,1311244,736423,346274,134615,42505,10626,2024,276,24,1
TOP5 rank=2 n=27 alpha=24 k=12 q=16 num=1101280023232 den=7553889452356 par=0,1,2,2,2,2,2,2,2,2,2,2,2,1,14,14,14,14,14,14,1,1,1,1,1,1,1 poly=1,27,325,2398,12429,48694,150674,378781,788466,1376860,2034901,2559636,2748434,2520909,1972205,1311244,736423,346274,134615,42505,10626,2024,276,24,1
TOP5 rank=3 n=27 alpha=24 k=12 q=16 num=1101421802683 den=7553587127641 par=0,1,2,3,3,3,3,3,3,3,2,2,2,2,2,2,2,2,2,2,2,1,22,22,22,22,22 poly=1,27,325,2397,12418,48639,150509,378451,788004,1376398,2034571,2559471,2748379,2520898,1972204,1311244,736423,346274,134615,42505,10626,2024,276,24,1
TOP5 rank=4 n=27 alpha=24 k=12 q=16 num=1190308619589 den=8158569655041 par=0,1,2,2,2,2,2,1,8,8,8,8,8,1,1,1,1,1,1,1,1,1,1,1,1,1,1 poly=1,27,325,2425,12775,50830,159105,402580,839370,1462145,2149025,2682903,2856321,2597284,2015611,1330774,743224,348042,134938,42542,10628,2024,276,24,1
TOP5 rank=5 n=27 alpha=24 k=12 q=16 num=1190311216873 den=8158569655041 par=0,1,2,3,3,3,3,1,8,9,9,9,9,1,1,1,1,1,1,1,1,1,1,1,1,1,1 poly=1,27,325,2417,12723,50698,158911,402398,839258,1462101,2149015,2682902,2856321,2597284,2015611,1330774,743224,348042,134938,42542,10628,2024,276,24,1
TOP5 rank=6 n=27 alpha=24 k=12 q=16 num=1086965673368 den=7448931108529 par=0,1,2,2,2,2,2,2,2,1,10,10,10,10,10,10,10,1,1,1,1,1,1,1,1,1,1 poly=1,27,325,2397,12395,48385,149184,374111,778009,1359247,2011923,2536051,2729273,2508611,1966030,1308865,735743,346138,134598,42504,10626,2024,276,24,1
TOP5 rank=7 n=27 alpha=24 k=12 q=16 num=1138155001216 den=7796336164864 par=0,1,2,2,2,2,2,2,2,1,10,10,10,10,10,1,1,1,1,1,1,1,1,1,1,1,1 poly=1,27,325,2409,12561,49475,153699,387328,807023,1408683,2078659,2608256,2792192,2552733,1990769,1319812,739483,347090,134768,42523,10627,2024,276,24,1
TOP5 rank=8 n=27 alpha=24 k=12 q=16 num=1138236581629 den=7796274736761 par=0,1,2,3,3,3,3,3,3,3,2,2,2,2,2,2,2,2,2,2,2,2,1,23,23,23,23 poly=1,27,325,2405,12527,49345,153404,386887,806568,1408354,2078494,2608201,2792181,2552732,1990769,1319812,739483,347090,134768,42523,10627,2024,276,24,1
TOP5 rank=9 n=27 alpha=24 k=12 q=16 num=1087335184555 den=7447424626009 par=0,1,2,3,3,3,3,3,3,3,3,3,3,3,2,2,2,2,2,2,1,21,21,21,21,21,21 poly=1,27,325,2391,12342,48164,148604,373040,776546,1357741,2010756,2535381,2728997,2508534,1966017,1308864,735743,346138,134598,42504,10626,2024,276,24,1
TOP5 rank=10 n=27 alpha=24 k=12 q=16 num=1087396024081 den=7447370046169 par=0,1,2,3,3,3,3,3,3,3,2,2,2,2,2,2,2,2,2,2,1,21,21,21,21,21,21 poly=1,27,325,2391,12338,48134,148504,372845,776300,1357532,2010636,2535336,2728987,2508533,1966017,1308864,735743,346138,134598,42504,10626,2024,276,24,1
TOP5 rank=11 n=27 alpha=24 k=12 q=16 num=1087415651438 den=7447364588196 par=0,1,2,3,3,3,3,3,3,3,3,3,3,1,14,14,14,14,14,14,14,1,1,1,1,1,1 poly=1,27,325,2387,12308,48034,148309,372599,776091,1357412,2010591,2535326,2728986,2508533,1966017,1308864,735743,346138,134598,42504,10626,2024,276,24,1
TOP4 rank=0 n=27 alpha=24 k=12 q=16 num=1101199279215 den=7553949918025 par=0,1,2,2,2,2,2,2,2,1,10,10,10,10,10,10,1,1,1,1,1,1,1,1,1,1,1 poly=1,27,325,2402,12463,48824,150969,379222,788921,1377189,2035066,2559691,2748445,2520910,1972205,1311244,736423,346274,134615,42505,10626,2024,276,24,1
TOP4 rank=1 n=27 alpha=24 k=12 q=16 num=1101280023232 den=7553889452356 par=0,1,2,2,2,2,2,2,2,2,2,2,2,1,14,14,14,14,14,14,14,1,1,1,1,1,1 poly=1,27,325,2397,12423,48679,150654,378766,788460,1376859,2034901,2559636,2748434,2520909,1972205,1311244,736423,346274,134615,42505,10626,2024,276,24,1
TOP4 rank=2 n=27 alpha=24 k=12 q=16 num=1101280023232 den=7553889452356 par=0,1,2,2,2,2,2,2,2,2,2,2,2,1,14,14,14,14,14,14,1,1,1,1,1,1,1 poly=1,27,325,2398,12429,48694,150674,378781,788466,1376860,2034901,2559636,2748434,2520909,1972205,1311244,736423,346274,134615,42505,10626,2024,276,24,1
TOP4 rank=3 n=27 alpha=24 k=12 q=16 num=1101421802683 den=7553587127641 par=0,1,2,3,3,3,3,3,3,3,2,2,2,2,2,2,2,2,2,2,2,1,22,22,22,22,22 poly=1,27,325,2397,12418,48639,150509,378451,788004,1376398,2034571,2559471,2748379,2520898,1972204,1311244,736423,346274,134615,42505,10626,2024,276,24,1
TOP4 rank=4 n=27 alpha=24 k=12 q=16 num=1190308619589 den=8158569655041 par=0,1,2,2,2,2,2,1,8,8,8,8,8,1,1,1,1,1,1,1,1,1,1,1,1,1,1 poly=1,27,325,2425,12775,50830,159105,402580,839370,1462145,2149025,2682903,2856321,2597284,2015611,1330774,743224,348042,134938,42542,10628,2024,276,24,1
TOP4 rank=5 n=27 alpha=24 k=12 q=16 num=1190311216873 den=8158569655041 par=0,1,2,3,3,3,3,1,8,9,9,9,9,1,1,1,1,1,1,1,1,1,1,1,1,1,1 poly=1,27,325,2417,12723,50698,158911,402398,839258,1462101,2149015,2682902,2856321,2597284,2015611,1330774,743224,348042,134938,42542,10628,2024,276,24,1
TOP4 rank=6 n=27 alpha=24 k=12 q=16 num=1086965673368 den=7448931108529 par=0,1,2,2,2,2,2,2,2,1,10,10,10,10,10,10,10,1,1,1,1,1,1,1,1,1,1 poly=1,27,325,2397,12395,48385,149184,374111,778009,1359247,2011923,2536051,2729273,2508611,1966030,1308865,735743,346138,134598,42504,10626,2024,276,24,1
TOP4 rank=7 n=27 alpha=24 k=12 q=16 num=1138155001216 den=7796336164864 par=0,1,2,2,2,2,2,2,2,1,10,10,10,10,10,1,1,1,1,1,1,1,1,1,1,1,1 poly=1,27,325,2409,12561,49475,153699,387328,807023,1408683,2078659,2608256,2792192,2552733,1990769,1319812,739483,347090,134768,42523,10627,2024,276,24,1
TOP4 rank=8 n=27 alpha=24 k=12 q=16 num=1138236581629 den=7796274736761 par=0,1,2,3,3,3,3,3,3,3,2,2,2,2,2,2,2,2,2,2,2,2,1,23,23,23,23 poly=1,27,325,2405,12527,49345,153404,386887,806568,1408354,2078494,2608201,2792181,2552732,1990769,1319812,739483,347090,134768,42523,10627,2024,276,24,1
TOP4 rank=9 n=27 alpha=24 k=12 q=16 num=1087335184555 den=7447424626009 par=0,1,2,3,3,3,3,3,3,3,3,3,3,3,2,2,2,2,2,2,1,21,21,21,21,21,21 poly=1,27,325,2391,12342,48164,148604,373040,776546,1357741,2010756,2535381,2728997,2508534,1966017,1308864,735743,346138,134598,42504,10626,2024,276,24,1
TOP4 rank=10 n=27 alpha=24 k=12 q=16 num=1087396024081 den=7447370046169 par=0,1,2,3,3,3,3,3,3,3,2,2,2,2,2,2,2,2,2,2,1,21,21,21,21,21,21 poly=1,27,325,2391,12338,48134,148504,372845,776300,1357532,2010636,2535336,2728987,2508533,1966017,1308864,735743,346138,134598,42504,10626,2024,276,24,1
TOP4 rank=11 n=27 alpha=24 k=12 q=16 num=1087415651438 den=7447364588196 par=0,1,2,3,3,3,3,3,3,3,3,3,3,1,14,14,14,14,14,14,14,1,1,1,1,1,1 poly=1,27,325,2387,12308,48034,148309,372599,776091,1357412,2010591,2535326,2728986,2508533,1966017,1308864,735743,346138,134598,42504,10626,2024,276,24,1
VDMIN_FLOAT n=27 value=0.7490315473 k=10 alpha=15 q=10 lambda=2.02256446466 V=2.2752046285 delta=0.329215024406 par=0,1,2,3,4,4,3,2,8,2,10,1,12,13,12,15,12,17,12,19,1,21,22,21,24,21,26 poly=1,27,325,2315,10913,36032,85896,149941,191929,178154,116748,51320,13709,1776,45,1
PERK n=27 alpha=24 k=6 q=16 num=3873870770 den=21067071025 par=0,1,2,2,2,2,2,2,2,2,1,11,11,11,11,11,11,11,11,1,20,20,20,20,20,20,20
PERK n=27 alpha=24 k=7 q=16 num=22394147645 den=132681705025 par=0,1,2,2,2,2,2,2,2,2,1,11,11,11,11,11,11,11,11,1,20,20,20,20,20,20,20
PERK n=27 alpha=24 k=8 q=16 num=91715918781 den=577362904336 par=0,1,2,2,2,2,2,2,2,2,1,11,11,11,11,11,11,11,11,1,20,20,20,20,20,20,20
PERK n=27 alpha=24 k=9 q=16 num=275811348321 den=1812044438884 par=0,1,2,2,2,2,2,2,2,2,1,11,11,11,11,11,11,11,11,1,1,1,1,1,1,1,1
PERK n=27 alpha=24 k=10 q=16 num=589873974433 den=3982327562929 par=0,1,2,2,2,2,2,2,2,2,1,11,11,11,11,11,11,11,11,1,1,1,1,1,1,1,1
PERK n=27 alpha=24 k=11 q=16 num=940467552622 den=6431554674601 par=0,1,2,2,2,2,2,2,2,1,10,10,10,10,10,10,10,1,1,1,1,1,1,1,1,1,1
PERK n=27 alpha=24 k=12 q=16 num=1101199279215 den=7553949918025 par=0,1,2,2,2,2,2,2,2,1,10,10,10,10,10,10,1,1,1,1,1,1,1,1,1,1,1
PERK n=27 alpha=24 k=13 q=16 num=988652149525 den=6745884176656 par=0,1,2,3,3,3,3,1,8,9,9,9,9,1,1,1,1,1,1,1,1,1,1,1,1,1,1
PERK n=27 alpha=24 k=14 q=16 num=606289685505 den=4062687703321 par=0,1,2,3,3,3,3,1,8,9,9,9,9,1,1,1,1,1,1,1,1,1,1,1,1,1,1
PERK n=27 alpha=24 k=15 q=16 num=272908969212 den=1770959439076 par=0,1,2,3,3,3,3,1,8,9,9,9,9,1,1,1,1,1,1,1,1,1,1,1,1,1,1
PERK n=27 alpha=24 k=16 q=16 num=94669383761 den=587674026801 par=0,1,2,3,3,3,3,2,2,2,2,2,2,2,2,2,2,2,2,2,2,2,2,1,24,24,24
PERALPHA n=27 alpha=14 k=7 q=9 num=14316760656 den=60474679056 par=0,1,2,1,4,1,6,1,8,1,10,1,12,1,14,1,16,1,18,1,20,1,22,1,24,1,1
PERALPHA n=27 alpha=15 k=8 q=10 num=25787097016 den=113902875025 par=0,1,2,3,4,3,6,3,8,3,10,3,12,3,3,1,16,17,16,19,16,21,16,23,16,16,16
PERALPHA n=27 alpha=16 k=8 q=11 num=31828327267 den=149191380009 par=0,1,2,3,2,5,2,7,2,9,2,11,2,2,2,1,16,17,16,19,16,21,16,23,16,16,16
PERALPHA n=27 alpha=17 k=9 q=11 num=40027653753 den=199195293969 par=0,1,2,3,4,4,4,4,2,2,2,2,1,13,14,13,16,13,18,13,20,13,22,13,24,13,26
PERALPHA n=27 alpha=18 k=10 q=12 num=35013729073 den=184746092041 par=0,1,2,3,4,4,4,4,3,9,9,9,9,2,2,2,1,17,18,17,20,17,22,17,24,17,26
PERALPHA n=27 alpha=19 k=10 q=13 num=52042121109 den=290670861321 par=0,1,2,3,4,4,4,4,3,9,9,9,9,2,2,2,1,17,18,17,20,17,22,17,24,17,17
PERALPHA n=27 alpha=20 k=11 q=13 num=19930589681 den=117486474169 par=0,1,2,3,4,5,5,5,4,9,9,9,3,13,3,3,1,17,18,19,20,20,20,18,18,1,1
PERALPHA n=27 alpha=21 k=11 q=14 num=60141428607 den=375300813924 par=0,1,2,3,4,4,4,4,3,9,9,9,9,2,2,2,1,17,18,17,17,17,1,23,23,23,23
PERALPHA n=27 alpha=22 k=11 q=15 num=96652780257 den=632468687841 par=0,1,2,3,3,3,3,3,2,9,9,9,9,2,14,14,14,14,1,19,20,20,20,20,1,1,1
PERALPHA n=27 alpha=23 k=11 q=15 num=299514446812 den=2013873192100 par=0,1,2,3,3,3,3,3,3,3,2,2,2,2,2,1,16,16,16,16,16,1,22,22,22,22,22
PERALPHA n=27 alpha=24 k=12 q=16 num=1101199279215 den=7553949918025 par=0,1,2,2,2,2,2,2,2,1,10,10,10,10,10,10,1,1,1,1,1,1,1,1,1,1,1
TOPQ n=27 alpha=24 k=16 q=16 num=94669383761 den=587674026801 par=0,1,2,3,3,3,3,2,2,2,2,2,2,2,2,2,2,2,2,2,2,2,2,1,24,24,24
NEWTON n=27 alpha=21 k=13 q=14 num=1144277338176 den=1210260174552 par=0,1,2,3,3,3,3,2,8,8,8,2,12,12,12,2,16,16,16,1,20,21,21,21,21,1,1
NEWTONFAIL_DIST n=27 q_minus_k=0 trees=699397
NEWTONFAIL_DIST n=27 q_minus_k=1 trees=317850
NEWTONFAIL_DIST n=27 q_minus_k=2 trees=125514
NEWTONFAIL_DIST n=27 q_minus_k=3 trees=40012
NEWTONFAIL_DIST n=27 q_minus_k=4 trees=15730
NEWTONFAIL_DIST n=27 q_minus_k=5 trees=6521
NEWTONFAIL_DIST n=27 q_minus_k=6 trees=3069
NEWTONFAIL_DIST n=27 q_minus_k=7 trees=1416
NEWTONFAIL_DIST n=27 q_minus_k=8 trees=501
NEWTONFAIL_DIST n=27 q_minus_k=9 trees=202
NEWTONFAIL_DIST n=27 q_minus_k=10 trees=58
VDBIN_FLOAT n=27 bin_lo=2 value=0.7490315473 k=10 alpha=15 q=10 lambda=2.02256446466 V=2.2752046285 delta=0.329215024406 par=0,1,2,3,4,4,3,2,8,2,10,1,12,13,12,15,12,17,12,19,1,21,22,21,24,21,26
VDBIN_FLOAT n=27 bin_lo=4 value=0.814853215833 k=12 alpha=18 q=12 lambda=2.14978995563 V=4.01735967855 delta=0.202833024931 par=0,1,2,3,4,5,5,4,8,8,3,11,12,12,3,15,16,16,2,19,19,1,22,23,24,1,1
STATS n=27 trees=189410638 viol5=0 viol4=0 zero5=0 zero4=0 nonunimodal=0 sampled=0 newton_fail_trees=1210270
