TOP5 rank=0 n=27 alpha=25 k=12 q=17 num=3862857130312 den=27043369704976 par=0,1,2,2,2,2,2,2,2,2,2,2,2,2,1,15,15,15,15,15,15,15,15,15,15,15,15 poly=1,27,325,2432,13090,54120,178684,482548,1083159,2043965,3269200,4457532,5200324,5200302,4457400,3268760,2042975,1081575,480700,177100,53130,12650,2300,300,25,1
TOP5 rank=1 n=27 alpha=24 k=12 q=16 num=1115173511181 den=7662327784281 par=0,1,2,3,3,3,3,3,3,3,3,3,3,3,3,3,2,2,2,2,2,1,22,22,22,22,22 poly=1,27,325,2403,12511,49250,152914,384982,801165,1396901,2059838,2584386,2768091,2533350,1978405,1313625,737103,346410,134632,42506,10626,2024,276,24,1
TOP5 rank=2 n=27 alpha=24 k=12 q=16 num=1115193308500 den=7662322248100 par=0,1,2,3,3,3,3,3,3,3,3,3,3,3,3,3,1,17,18,18,18,18,18,1,1,1,1 poly=1,27,325,2398,12472,49134,152705,384730,800955,1396781,2059793,2584376,2768090,2533350,1978405,1313625,737103,346410,134632,42506,10626,2024,276,24,1
TOP5 rank=3 n=27 alpha=24 k=12 q=16 num=1115522094658 den=7660805409856 par=0,1,2,2,2,2,2,2,2,2,2,2,2,2,1,15,15,15,15,15,15,1,1,1,1,1,1 poly=1,27,325,2402,12493,49139,152539,384162,799912,1395515,2058716,2583726,2767816,2533273,1978392,1313624,737103,346410,134632,42506,10626,2024,276,24,1
TOP5 rank=4 n=27 alpha=24 k=12 q=16 num=1115603116513 den=7660744518025 par=0,1,2,3,3,3,3,3,3,3,3,3,3,3,3,1,16,16,16,16,16,16,1,1,1,1,1 poly=1,27,325,2396,12448,48984,152214,383701,799450,1395185,2058551,2583671,2767805,2533272,1978392,1313624,737103,346410,134632,42506,10626,2024,276,24,1
TOP5 rank=5 n=27 alpha=24 k=12 q=16 num=1152362963789 den=7910510628969 par=0,1,2,3,3,3,3,3,3,3,3,3,3,3,3,3,3,2,2,2,2,2,1,23,23,23,23 poly=1,27,325,2412,12632,50024,156050,394013,820806,1430321,2105267,2634283,2812563,2565460,1997047,1322206,740164,347226,134785,42524,10627,2024,276,24,1
TOP5 rank=6 n=27 alpha=24 k=12 q=16 num=1152362963789 den=7910510628969 par=0,1,2,3,3,3,3,3,3,3,3,3,3,3,3,3,3,2,2,2,2,1,22,22,22,22,22 poly=1,27,325,2411,12628,50018,156046,394012,820806,1430321,2105267,2634283,2812563,2565460,1997047,1322206,740164,347226,134785,42524,10627,2024,276,24,1
TOP5 rank=7 n=27 alpha=24 k=12 q=16 num=1152365529249 den=7910510628969 par=0,1,2,3,3,3,3,3,3,3,3,3,3,3,3,3,3,1,18,19,19,19,19,19,1,1,1 poly=1,27,325,2407,12599,49941,155924,393887,820722,1430285,2105258,2634282,2812563,2565460,1997047,1322206,740164,347226,134785,42524,10627,2024,276,24,1
TOP5 rank=8 n=27 alpha=24 k=12 q=16 num=1152365529249 den=7910510628969 par=0,1,2,3,3,3,3,3,3,3,3,3,3,3,3,3,3,1,18,19,19,19,19,1,1,1,1 poly=1,27,325,2407,12598,49938,155921,393886,820722,1430285,2105258,2634282,2812563,2565460,1997047,1322206,740164,347226,134785,42524,10627,2024,276,24,1
TOP5 rank=9 n=27 alpha=24 k=12 q=16 num=1152396293800 den=7906489175104 par=0,1,2,3,3,3,3,3,2,2,2,2,2,2,2,2,2,2,2,2,2,1,22,22,22,22,22 poly=1,27,325,2411,12619,49946,155764,393298,819519,1428605,2103551,2632996,2811848,2565174,1996969,1322193,740163,347226,134785,42524,10627,2024,276,24,1
TOP5 rank=10 n=27 alpha=24 k=12 q=16 num=1101280023232 den=7553889452356 par=0,1,2,3,3,3,3,3,3,3,3,3,3,3,3,2,2,2,2,2,2,1,22,22,22,22,22 poly=1,27,325,2397,12423,48679,150654,378766,788460,1376859,2034901,2559636,2748434,2520909,1972205,1311244,736423,346274,134615,42505,10626,2024,276,24,1
TOP5 rank=11 n=27 alpha=24 k=12 q=16 num=1101280023232 den=7553889452356 par=0,1,2,3,3,3,3,3,3,3,3,3,3,3,3,2,2,2,2,2,1,21,21,21,21,21,21 poly=1,27,325,2396,12418,48669,150644,378761,788459,1376859,2034901,2559636,2748434,2520909,1972205,1311244,736423,346274,134615,42505,10626,2024,276,24,1
TOP4 rank=0 n=27 alpha=25 k=12 q=17 num=3862857130312 den=27043369704976 par=0,1,2,2,2,2,2,2,2,2,2,2,2,2,1,15,15,15,15,15,15,15,15,15,15,15,15 poly=1,27,325,2432,13090,54120,178684,482548,1083159,2043965,3269200,4457532,5200324,5200302,4457400,3268760,2042975,1081575,480700,177100,53130,12650,2300,300,25,1
TOP4 rank=1 n=27 alpha=24 k=12 q=16 num=1115173511181 den=7662327784281 par=0,1,2,3,3,3,3,3,3,3,3,3,3,3,3,3,2,2,2,2,2,1,22,22,22,22,22 poly=1,27,325,2403,12511,49250,152914,384982,801165,1396901,2059838,2584386,2768091,2533350,1978405,1313625,737103,346410,134632,42506,10626,2024,276,24,1
TOP4 rank=2 n=27 alpha=24 k=12 q=16 num=1115193308500 den=7662322248100 par=0,1,2,3,3,3,3,3,3,3,3,3,3,3,3,3,1,17,18,18,18,18,18,1,1,1,1 poly=1,27,325,2398,12472,49134,152705,384730,800955,1396781,2059793,2584376,2768090,2533350,1978405,1313625,737103,346410,134632,42506,10626,2024,276,24,1
TOP4 rank=3 n=27 alpha=24 k=12 q=16 num=1115522094658 den=7660805409856 par=0,1,2,2,2,2,2,2,2,2,2,2,2,2,1,15,15,15,15,15,15,1,1,1,1,1,1 poly=1,27,325,2402,12493,49139,152539,384162,799912,1395515,2058716,2583726,2767816,2533273,1978392,1313624,737103,346410,134632,42506,10626,2024,276,24,1
TOP4 rank=4 n=27 alpha=24 k=12 q=16 num=1115603116513 den=7660744518025 par=0,1,2,3,3,3,3,3,3,3,3,3,3,3,3,1,16,16,16,16,16,16,1,1,1,1,1 poly=1,27,325,2396,12448,48984,152214,383701,799450,1395185,2058551,2583671,2767805,2533272,1978392,1313624,737103,346410,134632,42506,10626,2024,276,24,1
TOP4 rank=5 n=27 alpha=24 k=12 q=16 num=1152362963789 den=7910510628969 par=0,1,2,3,3,3,3,3,3,3,3,3,3,3,3,3,3,2,2,2,2,2,1,23,23,23,23 poly=1,27,325,2412,12632,50024,156050,394013,820806,1430321,2105267,2634283,2812563,2565460,1997047,1322206,740164,347226,134785,42524,10627,2024,276,24,1
TOP4 rank=6 n=27 alpha=24 k=12 q=16 num=1152362963789 den=7910510628969 par=0,1,2,3,3,3,3,3,3,3,3,3,3,3,3,3,3,2,2,2,2,1,22,22,22,22,22 poly=1,27,325,2411,12628,50018,156046,394012,820806,1430321,2105267,2634283,2812563,2565460,1997047,1322206,740164,347226,134785,42524,10627,2024,276,24,1
TOP4 rank=7 n=27 alpha=24 k=12 q=16 num=1152365529249 den=7910510628969 par=0,1,2,3,3,3,3,3,3,3,3,3,3,3,3,3,3,1,18,19,19,19,19,19,1,1,1 poly=1,27,325,2407,12599,49941,155924,393887,820722,1430285,2105258,2634282,2812563,2565460,1997047,1322206,740164,347226,134785,42524,10627,2024,276,24,1
TOP4 rank=8 n=27 alpha=24 k=12 q=16 num=1152365529249 den=7910510628969 par=0,1,2,3,3,3,3,3,3,3,3,3,3,3,3,3,3,1,18,19,19,19,19,1,1,1,1 poly=1,27,325,2407,12598,49938,155921,393886,820722,1430285,2105258,2634282,2812563,2565460,1997047,1322206,740164,347226,134785,42524,10627,2024,276,24,1
TOP4 rank=9 n=27 alpha=24 k=12 q=16 num=1152396293800 den=7906489175104 par=0,1,2,3,3,3,3,3,2,2,2,2,2,2,2,2,2,2,2,2,2,1,22,22,22,22,22 poly=1,27,325,2411,12619,49946,155764,393298,819519,1428605,2103551,2632996,2811848,2565174,1996969,1322193,740163,347226,134785,42524,10627,2024,276,24,1
TOP4 rank=10 n=27 alpha=24 k=12 q=16 num=1101280023232 den=7553889452356 par=0,1,2,3,3,3,3,3,3,3,3,3,3,3,3,2,2,2,2,2,2,1,22,22,22,22,22 poly=1,27,325,2397,12423,48679,150654,378766,788460,1376859,2034901,2559636,2748434,2520909,1972205,1311244,736423,346274,134615,42505,10626,2024,276,24,1
TOP4 rank=11 n=27 alpha=24 k=12 q=16 num=1101280023232 den=7553889452356 par=0,1,2,3,3,3,3,3,3,3,3,3,3,3,3,2,2,2,2,2,1,21,21,21,21,21,21 poly=1,27,325,2396,12418,48669,150644,378761,788459,1376859,2034901,2559636,2748434,2520909,1972205,1311244,736423,346274,134615,42505,10626,2024,276,24,1
VDMIN_FLOAT n=27 value=0.747803421029 k=10 alpha=15 q=10 lambda=2.18093709966 V=2.07695044442 delta=0.360048754672 par=0,1,2,3,4,3,6,3,8,3,10,2,1,13,14,15,14,17,14,19,13,1,22,1,24,1,26 poly=1,27,325,2317,10948,36285,86876,152079,194172,177628,111995,45189,10072,906,44,1
PERK n=27 alpha=25 k=6 q=17 num=5812474096 den=31927971856 par=0,1,2,2,2,2,2,2,2,2,2,2,2,2,1,15,15,15,15,15,15,15,15,15,15,15,15
PERK n=27 alpha=25 k=7 q=17 num=39309389548 den=232852572304 par=0,1,2,2,2,2,2,2,2,2,2,2,2,2,1,15,15,15,15,15,15,15,15,15,15,15,15
PERK n=27 alpha=25 k=8 q=17 num=186922196461 den=1173233419281 par=0,1,2,2,2,2,2,2,2,2,2,2,2,2,1,15,15,15,15,15,15,15,15,15,15,15,15
PERK n=27 alpha=25 k=9 q=17 num=636729518425 den=4177792921225 par=0,1,2,2,2,2,2,2,2,2,2,2,2,2,1,15,15,15,15,15,15,15,15,15,15,15,15
PERK n=27 alpha=25 k=10 q=17 num=1576629245620 den=10687668640000 par=0,1,2,2,2,2,2,2,2,2,2,2,2,2,1,15,15,15,15,15,15,15,15,15,15,15,15
PERK n=27 alpha=25 k=11 q=17 num=2868692310224 den=19869591531024 par=0,1,2,2,2,2,2,2,2,2,2,2,2,2,1,15,15,15,15,15,15,15,15,15,15,15,15
PERK n=27 alpha=25 k=12 q=17 num=3862857130312 den=27043369704976 par=0,1,2,2,2,2,2,2,2,2,2,2,2,2,1,15,15,15,15,15,15,15,15,15,15,15,15
PERK n=27 alpha=25 k=13 q=17 num=3863216693604 den=27043140891204 par=0,1,2,2,2,2,2,2,2,2,2,2,2,2,1,15,15,15,15,15,15,15,15,15,15,15,15
PERK n=27 alpha=25 k=14 q=17 num=2869875594480 den=19868414760000 par=0,1,2,2,2,2,2,2,2,2,2,2,2,2,1,15,15,15,15,15,15,15,15,15,15,15,15
PERK n=27 alpha=25 k=15 q=17 num=1578435172600 den=10684791937600 par=0,1,2,2,2,2,2,2,2,2,2,2,2,2,1,15,15,15,15,15,15,15,15,15,15,15,15
PERK n=27 alpha=25 k=16 q=17 num=638337753625 den=4173746850625 par=0,1,2,2,2,2,2,2,2,2,2,2,2,2,1,15,15,15,15,15,15,15,15,15,15,15,15
PERK n=27 alpha=25 k=17 q=17 num=187746398125 den=1169804480625 par=0,1,2,2,2,2,2,2,2,2,2,2,2,2,1,15,15,15,15,15,15,15,15,15,15,15,15
PERALPHA n=27 alpha=14 k=7 q=9 num=9288794101 den=38886656809 par=0,1,2,3,4,3,6,3,8,3,10,3,12,3,14,3,1,17,18,17,20,17,22,17,24,17,17
PERALPHA n=27 alpha=15 k=8 q=10 num=25833160904 den=114237240100 par=0,1,2,3,4,3,6,3,8,3,10,3,12,3,14,3,1,17,18,17,20,17,22,17,17,17,17
PERALPHA n=27 alpha=16 k=8 q=11 num=31526412251 den=148533930801 par=0,1,2,3,3,3,3,3,3,1,10,1,12,1,14,1,16,1,18,1,20,1,22,1,24,1,26
PERALPHA n=27 alpha=17 k=9 q=11 num=40204181383 den=200161391236 par=0,1,2,3,4,3,6,3,8,3,10,3,12,3,14,1,16,17,18,17,17,17,17,1,1,1,1
PERALPHA n=27 alpha=18 k=9 q=12 num=53953643705 den=284254254025 par=0,1,2,3,3,3,3,3,2,9,9,9,9,9,1,15,1,17,1,19,1,21,1,23,1,25,1
PERALPHA n=27 alpha=19 k=10 q=13 num=32933167160 den=183781975204 par=0,1,2,3,4,5,5,5,3,3,3,2,12,12,12,12,1,17,18,19,18,21,18,23,1,1,1
PERALPHA n=27 alpha=20 k=11 q=13 num=20142585580 den=118907728900 par=0,1,2,3,3,3,2,7,7,7,2,11,11,11,1,15,16,16,16,15,20,20,20,1,24,1,1
PERALPHA n=27 alpha=21 k=11 q=14 num=60076874082 den=374692118641 par=0,1,2,3,4,4,4,4,3,9,9,9,9,2,14,15,15,15,15,2,2,1,22,23,22,22,22
PERALPHA n=27 alpha=22 k=11 q=15 num=96544940996 den=630868009984 par=0,1,2,3,4,4,4,4,2,2,2,2,1,13,14,15,15,15,15,13,13,13,1,23,23,23,23
PERALPHA n=27 alpha=23 k=11 q=15 num=304326665449 den=2045629365025 par=0,1,2,3,3,3,3,3,3,2,2,2,2,2,1,15,16,16,16,16,16,16,15,15,15,15,15
PERALPHA n=27 alpha=24 k=12 q=16 num=1115173511181 den=7662327784281 par=0,1,2,3,3,3,3,3,3,3,3,3,3,3,3,3,2,2,2,2,2,1,22,22,22,22,22
PERALPHA n=27 alpha=25 k=12 q=17 num=3862857130312 den=27043369704976 par=0,1,2,2,2,2,2,2,2,2,2,2,2,2,1,15,15,15,15,15,15,15,15,15,15,15,15
TOPQ n=27 alpha=25 k=17 q=17 num=187746398125 den=1169804480625 par=0,1,2,2,2,2,2,2,2,2,2,2,2,2,1,15,15,15,15,15,15,15,15,15,15,15,15
NEWTON n=27 alpha=20 k=13 q=13 num=204451677248 den=216893258064 par=0,1,2,3,4,4,2,2,1,9,10,11,11,9,9,1,16,16,16,1,20,20,20,1,24,24,24
NEWTONFAIL_DIST n=27 q_minus_k=0 trees=704707
NEWTONFAIL_DIST n=27 q_minus_k=1 trees=321997
NEWTONFAIL_DIST n=27 q_minus_k=2 trees=125033
NEWTONFAIL_DIST n=27 q_minus_k=3 trees=40433
NEWTONFAIL_DIST n=27 q_minus_k=4 trees=15980
NEWTONFAIL_DIST n=27 q_minus_k=5 trees=6708
NEWTONFAIL_DIST n=27 q_minus_k=6 trees=3284
NEWTONFAIL_DIST n=27 q_minus_k=7 trees=1334
NEWTONFAIL_DIST n=27 q_minus_k=8 trees=376
NEWTONFAIL_DIST n=27 q_minus_k=9 trees=184
NEWTONFAIL_DIST n=27 q_minus_k=10 trees=69
NEWTONFAIL_DIST n=27 q_minus_k=11 trees=1
VDBIN_FLOAT n=27 bin_lo=2 value=0.747803421029 k=10 alpha=15 q=10 lambda=2.18093709966 V=2.07695044442 delta=0.360048754672 par=0,1,2,3,4,3,6,3,8,3,10,2,1,13,14,15,14,17,14,19,13,1,22,1,24,1,26
VDBIN_FLOAT n=27 bin_lo=4 value=0.814756580544 k=12 alpha=18 q=12 lambda=2.15251710148 V=4.01469399268 delta=0.202943632075 par=0,1,2,3,4,5,5,3,8,9,9,3,12,13,13,2,16,16,2,19,19,1,22,23,24,1,1
STATS n=27 trees=186680556 viol5=0 viol4=0 zero5=0 zero4=0 nonunimodal=0 sampled=0 newton_fail_trees=1220106
