TOP5 rank=0 n=27 alpha=26 k=13 q=17 num=14901311070000 den=108172480360000 par=0,1,1,1,1,1,1,1,1,1,1,1,1,1,1,1,1,1,1,1,1,1,1,1,1,1,1 poly=1,27,325,2600,14950,65780,230230,657800,1562275,3124550,5311735,7726160,9657700,10400600,9657700,7726160,5311735,3124550,1562275,657800,230230,65780,14950,2600,325,26,1
TOP5 rank=1 n=27 alpha=24 k=12 q=16 num=1086985300933 den=7448925649984 par=0,1,2,2,2,2,2,2,2,2,2,2,1,13,13,13,13,13,13,13,1,1,1,1,1,1,1 poly=1,27,325,2394,12371,48300,149009,373880,777806,1359128,2011878,2536041,2729272,2508611,1966030,1308865,735743,346138,134598,42504,10626,2024,276,24,1
TOP5 rank=2 n=27 alpha=24 k=12 q=16 num=1096864415035 den=7511502266944 par=0,1,2,2,2,2,2,2,2,2,2,2,1,13,13,13,13,13,13,13,13,1,1,1,1,1,1 poly=1,27,325,2394,12381,48405,149549,375685,782168,1367135,2023318,2548911,2740712,2516619,1970398,1310685,736303,346258,134614,42505,10626,2024,276,24,1
TOP5 rank=3 n=27 alpha=24 k=12 q=16 num=1096864415035 den=7511502266944 par=0,1,2,2,2,2,2,2,2,2,2,2,1,13,13,13,13,13,13,1,1,1,1,1,1,1,1 poly=1,27,325,2396,12394,48441,149604,375735,782195,1367143,2023319,2548911,2740712,2516619,1970398,1310685,736303,346258,134614,42505,10626,2024,276,24,1
TOP5 rank=4 n=27 alpha=24 k=12 q=16 num=1087557260719 den=7447064402761 par=0,1,2,3,3,3,3,3,3,3,3,3,3,3,1,15,16,16,16,16,16,16,1,1,1,1,1 poly=1,27,325,2385,12286,47954,148114,372249,775622,1356949,2010261,2535161,2728931,2508522,1966016,1308864,735743,346138,134598,42504,10626,2024,276,24,1
TOP5 rank=5 n=27 alpha=24 k=12 q=16 num=1097275266883 den=7509940142329 par=0,1,2,3,3,3,3,3,3,3,1,11,11,11,11,11,11,1,1,1,1,1,1,1,1,1,1 poly=1,27,325,2391,12348,48239,149044,374650,780662,1365539,2022076,2548206,2740427,2516541,1970385,1310684,736303,346258,134614,42505,10626,2024,276,24,1
TOP5 rank=6 n=27 alpha=24 k=12 q=16 num=1097436765211 den=7509633217641 par=0,1,2,3,3,3,3,3,3,3,3,3,3,3,1,15,16,16,16,16,16,16,16,1,1,1,1 poly=1,27,325,2386,12304,48083,148690,374083,779996,1364958,2021701,2548031,2740371,2516530,1970384,1310684,736303,346258,134614,42505,10626,2024,276,24,1
TOP5 rank=7 n=27 alpha=24 k=12 q=16 num=1097436765211 den=7509633217641 par=0,1,2,3,3,3,3,3,3,3,3,3,3,3,1,15,16,16,16,16,16,1,1,1,1,1,1 poly=1,27,325,2386,12302,48074,148674,374069,779990,1364957,2021701,2548031,2740371,2516530,1970384,1310684,736303,346258,134614,42505,10626,2024,276,24,1
TOP5 rank=8 n=27 alpha=24 k=12 q=16 num=1096475796049 den=7495050568681 par=0,1,2,3,3,3,3,3,3,3,3,3,2,2,2,2,2,2,2,2,2,1,22,22,22,22,22 poly=1,27,325,2391,12333,48098,148421,372928,777330,1360772,2016901,2543908,2737709,2515254,1969943,1310580,736288,346257,134614,42505,10626,2024,276,24,1
TOP5 rank=9 n=27 alpha=24 k=12 q=16 num=1096478311303 den=7495050568681 par=0,1,2,3,3,3,3,3,3,3,3,3,2,2,2,2,2,1,18,18,18,18,18,18,18,18,18 poly=1,27,325,2387,12307,48024,148300,372803,777246,1360736,2016892,2543907,2737709,2515254,1969943,1310580,736288,346257,134614,42505,10626,2024,276,24,1
TOP5 rank=10 n=27 alpha=24 k=12 q=16 num=1134188326187 den=7751374288641 par=0,1,2,3,3,3,3,3,3,3,1,11,11,11,11,11,1,1,1,1,1,1,1,1,1,1,1 poly=1,27,325,2397,12440,48870,151719,382631,798553,1396781,2065459,2596651,2784129,2548354,1988948,1319252,739363,347074,134767,42523,10627,2024,276,24,1
TOP5 rank=11 n=27 alpha=24 k=12 q=16 num=1083474691601 den=7403726718441 par=0,1,2,2,2,2,2,2,2,2,2,2,1,13,13,13,13,13,13,13,1,21,21,21,21,21,21 poly=1,27,325,2382,12233,47594,146699,368483,768293,1346092,1997766,2523896,2720979,2504165,1964197,1308304,735623,346122,134597,42504,10626,2024,276,24,1
TOP4 rank=0 n=27 alpha=26 k=13 q=17 num=14901311070000 den=108172480360000 par=0,1,1,1,1,1,1,1,1,1,1,1,1,1,1,1,1,1,1,1,1,1,1,1,1,1,1 poly=1,27,325,2600,14950,65780,230230,657800,1562275,3124550,5311735,7726160,9657700,10400600,9657700,7726160,5311735,3124550,1562275,657800,230230,65780,14950,2600,325,26,1
TOP4 rank=1 n=27 alpha=24 k=12 q=16 num=1086985300933 den=7448925649984 par=0,1,2,2,2,2,2,2,2,2,2,2,1,13,13,13,13,13,13,13,1,1,1,1,1,1,1 poly=1,27,325,2394,12371,48300,149009,373880,777806,1359128,2011878,2536041,2729272,2508611,1966030,1308865,735743,346138,134598,42504,10626,2024,276,24,1
TOP4 rank=2 n=27 alpha=24 k=12 q=16 num=1096864415035 den=7511502266944 par=0,1,2,2,2,2,2,2,2,2,2,2,1,13,13,13,13,13,13,13,13,1,1,1,1,1,1 poly=1,27,325,2394,12381,48405,149549,375685,782168,1367135,2023318,2548911,2740712,2516619,1970398,1310685,736303,346258,134614,42505,10626,2024,276,24,1
TOP4 rank=3 n=27 alpha=24 k=12 q=16 num=1096864415035 den=7511502266944 par=0,1,2,2,2,2,2,2,2,2,2,2,1,13,13,13,13,13,13,1,1,1,1,1,1,1,1 poly=1,27,325,2396,12394,48441,149604,375735,782195,1367143,2023319,2548911,2740712,2516619,1970398,1310685,736303,346258,134614,42505,10626,2024,276,24,1
TOP4 rank=4 n=27 alpha=24 k=12 q=16 num=1087557260719 den=7447064402761 par=0,1,2,3,3,3,3,3,3,3,3,3,3,3,1,15,16,16,16,16,16,16,1,1,1,1,1 poly=1,27,325,2385,12286,47954,148114,372249,775622,1356949,2010261,2535161,2728931,2508522,1966016,1308864,735743,346138,134598,42504,10626,2024,276,24,1
TOP4 rank=5 n=27 alpha=24 k=12 q=16 num=1097275266883 den=7509940142329 par=0,1,2,3,3,3,3,3,3,3,1,11,11,11,11,11,11,1,1,1,1,1,1,1,1,1,1 poly=1,27,325,2391,12348,48239,149044,374650,780662,1365539,2022076,2548206,2740427,2516541,1970385,1310684,736303,346258,134614,42505,10626,2024,276,24,1
TOP4 rank=6 n=27 alpha=24 k=12 q=16 num=1097436765211 den=7509633217641 par=0,1,2,3,3,3,3,3,3,3,3,3,3,3,1,15,16,16,16,16,16,16,16,1,1,1,1 poly=1,27,325,2386,12304,48083,148690,374083,779996,1364958,2021701,2548031,2740371,2516530,1970384,1310684,736303,346258,134614,42505,10626,2024,276,24,1
TOP4 rank=7 n=27 alpha=24 k=12 q=16 num=1097436765211 den=7509633217641 par=0,1,2,3,3,3,3,3,3,3,3,3,3,3,1,15,16,16,16,16,16,1,1,1,1,1,1 poly=1,27,325,2386,12302,48074,148674,374069,779990,1364957,2021701,2548031,2740371,2516530,1970384,1310684,736303,346258,134614,42505,10626,2024,276,24,1
TOP4 rank=8 n=27 alpha=24 k=12 q=16 num=1096475796049 den=7495050568681 par=0,1,2,3,3,3,3,3,3,3,3,3,2,2,2,2,2,2,2,2,2,1,22,22,22,22,22 poly=1,27,325,2391,12333,48098,148421,372928,777330,1360772,2016901,2543908,2737709,2515254,1969943,1310580,736288,346257,134614,42505,10626,2024,276,24,1
TOP4 rank=9 n=27 alpha=24 k=12 q=16 num=1096478311303 den=7495050568681 par=0,1,2,3,3,3,3,3,3,3,3,3,2,2,2,2,2,1,18,18,18,18,18,18,18,18,18 poly=1,27,325,2387,12307,48024,148300,372803,777246,1360736,2016892,2543907,2737709,2515254,1969943,1310580,736288,346257,134614,42505,10626,2024,276,24,1
TOP4 rank=10 n=27 alpha=24 k=12 q=16 num=1134188326187 den=7751374288641 par=0,1,2,3,3,3,3,3,3,3,1,11,11,11,11,11,1,1,1,1,1,1,1,1,1,1,1 poly=1,27,325,2397,12440,48870,151719,382631,798553,1396781,2065459,2596651,2784129,2548354,1988948,1319252,739363,347074,134767,42523,10627,2024,276,24,1
TOP4 rank=11 n=27 alpha=24 k=12 q=16 num=1083474691601 den=7403726718441 par=0,1,2,2,2,2,2,2,2,2,2,2,1,13,13,13,13,13,13,13,1,21,21,21,21,21,21 poly=1,27,325,2382,12233,47594,146699,368483,768293,1346092,1997766,2523896,2720979,2504165,1964197,1308304,735623,346122,134597,42504,10626,2024,276,24,1
VDMIN_FLOAT n=27 value=0.748510244232 k=10 alpha=15 q=10 lambda=2.02580142539 V=2.28178958764 delta=0.328036488678 par=0,1,2,3,4,4,1,7,8,9,8,11,8,13,7,15,16,15,18,15,20,1,22,1,24,1,26 poly=1,27,325,2314,10895,35894,85301,148339,189113,174889,114298,50195,13429,1747,44,1
PERK n=27 alpha=26 k=6 q=17 num=9735768900 den=53005852900 par=0,1,1,1,1,1,1,1,1,1,1,1,1,1,1,1,1,1,1,1,1,1,1,1,1,1,1
PERK n=27 alpha=26 k=7 q=17 num=73018266750 den=432700840000 par=0,1,1,1,1,1,1,1,1,1,1,1,1,1,1,1,1,1,1,1,1,1,1,1,1,1,1
PERK n=27 alpha=26 k=8 q=17 num=385374185625 den=2440703175625 par=0,1,1,1,1,1,1,1,1,1,1,1,1,1,1,1,1,1,1,1,1,1,1,1,1,1,1
PERK n=27 alpha=26 k=9 q=17 num=1464421905375 den=9762812702500 par=0,1,1,1,1,1,1,1,1,1,1,1,1,1,1,1,1,1,1,1,1,1,1,1,1,1,1
PERK n=27 alpha=26 k=10 q=17 num=4073755482225 den=28214528710225 par=0,1,1,1,1,1,1,1,1,1,1,1,1,1,1,1,1,1,1,1,1,1,1,1,1,1,1
PERK n=27 alpha=26 k=11 q=17 num=8394405236100 den=59693548345600 par=0,1,1,1,1,1,1,1,1,1,1,1,1,1,1,1,1,1,1,1,1,1,1,1,1,1,1
PERK n=27 alpha=26 k=12 q=17 num=12914469594000 den=93271169290000 par=0,1,1,1,1,1,1,1,1,1,1,1,1,1,1,1,1,1,1,1,1,1,1,1,1,1,1
PERK n=27 alpha=26 k=13 q=17 num=14901311070000 den=108172480360000 par=0,1,1,1,1,1,1,1,1,1,1,1,1,1,1,1,1,1,1,1,1,1,1,1,1,1,1
PERK n=27 alpha=26 k=14 q=17 num=12914469594000 den=93271169290000 par=0,1,1,1,1,1,1,1,1,1,1,1,1,1,1,1,1,1,1,1,1,1,1,1,1,1,1
PERK n=27 alpha=26 k=15 q=17 num=8394405236100 den=59693548345600 par=0,1,1,1,1,1,1,1,1,1,1,1,1,1,1,1,1,1,1,1,1,1,1,1,1,1,1
PERK n=27 alpha=26 k=16 q=17 num=4073755482225 den=28214528710225 par=0,1,1,1,1,1,1,1,1,1,1,1,1,1,1,1,1,1,1,1,1,1,1,1,1,1,1
PERK n=27 alpha=26 k=17 q=17 num=1464421905375 den=9762812702500 par=0,1,1,1,1,1,1,1,1,1,1,1,1,1,1,1,1,1,1,1,1,1,1,1,1,1,1
PERALPHA n=27 alpha=14 k=7 q=9 num=9181458904 den=38462269924 par=0,1,2,3,2,5,2,7,2,9,2,11,2,13,2,15,1,17,18,17,20,17,22,17,24,17,17
PERALPHA n=27 alpha=15 k=8 q=10 num=25361533996 den=112483768996 par=0,1,2,3,2,5,2,7,2,9,2,11,2,13,2,15,2,17,1,19,20,19,22,19,19,19,19
PERALPHA n=27 alpha=16 k=8 q=11 num=31791061244 den=149468838544 par=0,1,2,3,2,5,2,7,2,9,2,11,2,13,2,15,2,17,1,19,20,19,19,19,19,19,19
PERALPHA n=27 alpha=17 k=9 q=11 num=40113703233 den=199607900625 par=0,1,2,3,3,3,3,3,2,9,9,9,9,1,14,1,16,1,18,1,20,1,22,1,24,1,26
PERALPHA n=27 alpha=18 k=10 q=12 num=35298471847 den=186134433489 par=0,1,2,3,3,3,3,2,8,8,8,8,2,13,13,13,13,1,18,1,20,1,22,1,24,1,26
PERALPHA n=27 alpha=19 k=10 q=13 num=52138327602 den=291390517636 par=0,1,2,3,3,3,3,2,8,8,8,8,2,13,13,13,13,1,18,1,20,1,22,1,24,1,1
PERALPHA n=27 alpha=20 k=11 q=13 num=20414114293 den=120472162281 par=0,1,2,3,4,4,4,2,2,1,10,11,10,10,10,1,16,16,16,1,20,20,20,1,24,24,24
PERALPHA n=27 alpha=21 k=11 q=14 num=60289839256 den=377246553616 par=0,1,2,3,3,3,3,2,8,8,8,8,2,13,13,13,13,2,18,18,18,18,1,23,1,1,1
PERALPHA n=27 alpha=22 k=11 q=15 num=96754464696 den=634323045136 par=0,1,2,2,2,2,2,1,8,8,8,8,1,13,13,13,13,1,18,18,18,18,1,23,23,23,23
PERALPHA n=27 alpha=23 k=11 q=15 num=304326665449 den=2045629365025 par=0,1,2,3,3,3,3,3,3,2,10,10,10,10,10,10,2,2,2,2,2,1,22,22,22,22,22
PERALPHA n=27 alpha=24 k=12 q=16 num=1086985300933 den=7448925649984 par=0,1,2,2,2,2,2,2,2,2,2,2,1,13,13,13,13,13,13,13,1,1,1,1,1,1,1
PERALPHA n=27 alpha=26 k=13 q=17 num=14901311070000 den=108172480360000 par=0,1,1,1,1,1,1,1,1,1,1,1,1,1,1,1,1,1,1,1,1,1,1,1,1,1,1
TOPQ n=27 alpha=26 k=17 q=17 num=1464421905375 den=9762812702500 par=0,1,1,1,1,1,1,1,1,1,1,1,1,1,1,1,1,1,1,1,1,1,1,1,1,1,1
NEWTON n=27 alpha=20 k=13 q=13 num=429072557200 den=455290522029 par=0,1,2,3,4,4,4,3,8,8,8,3,12,12,12,3,16,16,16,2,2,1,22,23,22,22,22
NEWTONFAIL_DIST n=27 q_minus_k=0 trees=684882
NEWTONFAIL_DIST n=27 q_minus_k=1 trees=314841
NEWTONFAIL_DIST n=27 q_minus_k=2 trees=121821
NEWTONFAIL_DIST n=27 q_minus_k=3 trees=37048
NEWTONFAIL_DIST n=27 q_minus_k=4 trees=15022
NEWTONFAIL_DIST n=27 q_minus_k=5 trees=6722
NEWTONFAIL_DIST n=27 q_minus_k=6 trees=3232
NEWTONFAIL_DIST n=27 q_minus_k=7 trees=1471
NEWTONFAIL_DIST n=27 q_minus_k=8 trees=510
NEWTONFAIL_DIST n=27 q_minus_k=9 trees=162
NEWTONFAIL_DIST n=27 q_minus_k=10 trees=41
VDBIN_FLOAT n=27 bin_lo=2 value=0.748510244232 k=10 alpha=15 q=10 lambda=2.02580142539 V=2.28178958764 delta=0.328036488678 par=0,1,2,3,4,4,1,7,8,9,8,11,8,13,7,15,16,15,18,15,20,1,22,1,24,1,26
VDBIN_FLOAT n=27 bin_lo=4 value=0.815720900088 k=12 alpha=18 q=12 lambda=2.14372430601 V=4.00176212398 delta=0.203840426996 par=0,1,2,3,4,5,6,6,4,9,10,10,4,3,14,14,3,17,17,2,2,1,22,23,24,25,22
STATS n=27 trees=185561575 viol5=0 viol4=0 zero5=0 zero4=0 nonunimodal=0 sampled=0 newton_fail_trees=1185752
