TOP5 rank=0 n=27 alpha=25 k=12 q=17 num=3945466130660 den=27834930877924 par=0,1,2,2,2,2,2,2,2,2,2,2,2,2,2,2,2,2,2,2,2,1,22,22,22,22,22 poly=1,27,325,2481,13629,57011,188729,507832,1131963,2118557,3361138,4549778,5275882,5250688,4484532,3280388,2046851,1082544,480871,177119,53131,12650,2300,300,25,1
TOP5 rank=1 n=27 alpha=25 k=12 q=17 num=3945466130660 den=27834930877924 par=0,1,2,2,2,2,2,2,2,2,2,2,2,2,2,2,2,2,2,2,2,1,1,1,1,1,1 poly=1,27,325,2486,13639,57021,188734,507833,1131963,2118557,3361138,4549778,5275882,5250688,4484532,3280388,2046851,1082544,480871,177119,53131,12650,2300,300,25,1
TOP5 rank=2 n=27 alpha=25 k=13 q=17 num=4024522473700 den=28369152112900 par=0,1,2,2,2,2,2,2,2,2,2,2,2,2,2,2,2,2,2,2,2,2,1,23,23,23,23 poly=1,27,325,2496,13794,57976,192604,519460,1159095,2168945,3436720,4642156,5368260,5326270,4534920,3307520,2058479,1086420,481840,177290,53150,12651,2300,300,25,1
TOP5 rank=3 n=27 alpha=25 k=13 q=17 num=4024522473700 den=28369152112900 par=0,1,2,2,2,2,2,2,2,2,2,2,2,2,2,2,2,2,2,2,2,2,1,1,1,1,1 poly=1,27,325,2500,13800,57980,192605,519460,1159095,2168945,3436720,4642156,5368260,5326270,4534920,3307520,2058479,1086420,481840,177290,53150,12651,2300,300,25,1
TOP5 rank=4 n=27 alpha=25 k=12 q=17 num=3884190106864 den=27375121551376 par=0,1,2,2,2,2,2,2,2,2,2,2,2,2,2,2,2,2,2,2,1,21,21,21,21,21,21 poly=1,27,325,2468,13486,56205,185674,499265,1113399,2086733,3317380,4501158,5232124,5218864,4465968,3271820,2043791,1081728,480718,177101,53130,12650,2300,300,25,1
TOP5 rank=5 n=27 alpha=25 k=12 q=17 num=3884190106864 den=27375121551376 par=0,1,2,2,2,2,2,2,2,2,2,2,2,2,2,2,2,2,2,2,1,1,1,1,1,1,1 poly=1,27,325,2474,13501,56225,185689,499271,1113400,2086733,3317380,4501158,5232124,5218864,4465968,3271820,2043791,1081728,480718,177101,53130,12650,2300,300,25,1
TOP5 rank=6 n=27 alpha=25 k=12 q=17 num=3863335691152 den=27171991080976 par=0,1,2,2,2,2,2,2,2,2,2,2,2,2,2,2,2,2,2,1,20,20,20,20,20,20,20 poly=1,27,325,2457,13365,55545,183309,493083,1101024,2067285,3293070,4476848,5212676,5206488,4459780,3269440,2043111,1081592,480701,177100,53130,12650,2300,300,25,1
TOP5 rank=7 n=27 alpha=25 k=12 q=17 num=3863335691152 den=27171991080976 par=0,1,2,2,2,2,2,2,2,2,2,2,2,2,2,2,2,2,2,1,1,1,1,1,1,1,1 poly=1,27,325,2464,13386,55580,183344,493104,1101031,2067286,3293070,4476848,5212676,5206488,4459780,3269440,2043111,1081592,480701,177100,53130,12650,2300,300,25,1
TOP5 rank=8 n=27 alpha=25 k=12 q=17 num=3858980725264 den=27088568990224 par=0,1,2,2,2,2,2,2,2,2,2,2,2,2,2,2,2,2,1,19,19,19,19,19,19,19,19 poly=1,27,325,2448,13266,55020,181524,488736,1093023,2055846,3280200,4465408,5204668,5202120,4457960,3268880,2042991,1081576,480700,177100,53130,12650,2300,300,25,1
TOP5 rank=9 n=27 alpha=25 k=12 q=17 num=3858980725264 den=27088568990224 par=0,1,2,2,2,2,2,2,2,2,2,2,2,2,2,2,2,2,1,1,1,1,1,1,1,1,1 poly=1,27,325,2456,13294,55076,181594,488792,1093051,2055854,3280201,4465408,5204668,5202120,4457960,3268880,2042991,1081576,480700,177100,53130,12650,2300,300,25,1
TOP5 rank=10 n=27 alpha=25 k=13 q=17 num=4304566548660 den=30186563292900 par=0,1,2,2,2,2,2,2,2,2,2,2,2,2,2,2,2,2,2,2,2,2,2,1,24,24,24 poly=1,27,325,2513,13981,59115,197449,534964,1197855,2246465,3562690,4810116,5553016,5494230,4660890,3385040,2097239,1101924,486685,178430,53340,12671,2301,300,25,1
TOP5 rank=11 n=27 alpha=25 k=13 q=17 num=4304566548660 den=30186563292900 par=0,1,2,2,2,2,2,2,2,2,2,2,2,2,2,2,2,2,2,2,2,2,2,1,1,1,1 poly=1,27,325,2516,13984,59116,197449,534964,1197855,2246465,3562690,4810116,5553016,5494230,4660890,3385040,2097239,1101924,486685,178430,53340,12671,2301,300,25,1
TOP4 rank=0 n=27 alpha=25 k=12 q=17 num=3945466130660 den=27834930877924 par=0,1,2,2,2,2,2,2,2,2,2,2,2,2,2,2,2,2,2,2,2,1,22,22,22,22,22 poly=1,27,325,2481,13629,57011,188729,507832,1131963,2118557,3361138,4549778,5275882,5250688,4484532,3280388,2046851,1082544,480871,177119,53131,12650,2300,300,25,1
TOP4 rank=1 n=27 alpha=25 k=12 q=17 num=3945466130660 den=27834930877924 par=0,1,2,2,2,2,2,2,2,2,2,2,2,2,2,2,2,2,2,2,2,1,1,1,1,1,1 poly=1,27,325,2486,13639,57021,188734,507833,1131963,2118557,3361138,4549778,5275882,5250688,4484532,3280388,2046851,1082544,480871,177119,53131,12650,2300,300,25,1
TOP4 rank=2 n=27 alpha=25 k=13 q=17 num=4024522473700 den=28369152112900 par=0,1,2,2,2,2,2,2,2,2,2,2,2,2,2,2,2,2,2,2,2,2,1,23,23,23,23 poly=1,27,325,2496,13794,57976,192604,519460,1159095,2168945,3436720,4642156,5368260,5326270,4534920,3307520,2058479,1086420,481840,177290,53150,12651,2300,300,25,1
TOP4 rank=3 n=27 alpha=25 k=13 q=17 num=4024522473700 den=28369152112900 par=0,1,2,2,2,2,2,2,2,2,2,2,2,2,2,2,2,2,2,2,2,2,1,1,1,1,1 poly=1,27,325,2500,13800,57980,192605,519460,1159095,2168945,3436720,4642156,5368260,5326270,4534920,3307520,2058479,1086420,481840,177290,53150,12651,2300,300,25,1
TOP4 rank=4 n=27 alpha=25 k=12 q=17 num=3884190106864 den=27375121551376 par=0,1,2,2,2,2,2,2,2,2,2,2,2,2,2,2,2,2,2,2,1,21,21,21,21,21,21 poly=1,27,325,2468,13486,56205,185674,499265,1113399,2086733,3317380,4501158,5232124,5218864,4465968,3271820,2043791,1081728,480718,177101,53130,12650,2300,300,25,1
TOP4 rank=5 n=27 alpha=25 k=12 q=17 num=3884190106864 den=27375121551376 par=0,1,2,2,2,2,2,2,2,2,2,2,2,2,2,2,2,2,2,2,1,1,1,1,1,1,1 poly=1,27,325,2474,13501,56225,185689,499271,1113400,2086733,3317380,4501158,5232124,5218864,4465968,3271820,2043791,1081728,480718,177101,53130,12650,2300,300,25,1
TOP4 rank=6 n=27 alpha=25 k=12 q=17 num=3863335691152 den=27171991080976 par=0,1,2,2,2,2,2,2,2,2,2,2,2,2,2,2,2,2,2,1,20,20,20,20,20,20,20 poly=1,27,325,2457,13365,55545,183309,493083,1101024,2067285,3293070,4476848,5212676,5206488,4459780,3269440,2043111,1081592,480701,177100,53130,12650,2300,300,25,1
TOP4 rank=7 n=27 alpha=25 k=12 q=17 num=3863335691152 den=27171991080976 par=0,1,2,2,2,2,2,2,2,2,2,2,2,2,2,2,2,2,2,1,1,1,1,1,1,1,1 poly=1,27,325,2464,13386,55580,183344,493104,1101031,2067286,3293070,4476848,5212676,5206488,4459780,3269440,2043111,1081592,480701,177100,53130,12650,2300,300,25,1
TOP4 rank=8 n=27 alpha=25 k=12 q=17 num=3858980725264 den=27088568990224 par=0,1,2,2,2,2,2,2,2,2,2,2,2,2,2,2,2,2,1,19,19,19,19,19,19,19,19 poly=1,27,325,2448,13266,55020,181524,488736,1093023,2055846,3280200,4465408,5204668,5202120,4457960,3268880,2042991,1081576,480700,177100,53130,12650,2300,300,25,1
TOP4 rank=9 n=27 alpha=25 k=12 q=17 num=3858980725264 den=27088568990224 par=0,1,2,2,2,2,2,2,2,2,2,2,2,2,2,2,2,2,1,1,1,1,1,1,1,1,1 poly=1,27,325,2456,13294,55076,181594,488792,1093051,2055854,3280201,4465408,5204668,5202120,4457960,3268880,2042991,1081576,480700,177100,53130,12650,2300,300,25,1
TOP4 rank=10 n=27 alpha=25 k=13 q=17 num=4304566548660 den=30186563292900 par=0,1,2,2,2,2,2,2,2,2,2,2,2,2,2,2,2,2,2,2,2,2,2,1,24,24,24 poly=1,27,325,2513,13981,59115,197449,534964,1197855,2246465,3562690,4810116,5553016,5494230,4660890,3385040,2097239,1101924,486685,178430,53340,12671,2301,300,25,1
TOP4 rank=11 n=27 alpha=25 k=13 q=17 num=4304566548660 den=30186563292900 par=0,1,2,2,2,2,2,2,2,2,2,2,2,2,2,2,2,2,2,2,2,2,2,1,1,1,1 poly=1,27,325,2516,13984,59116,197449,534964,1197855,2246465,3562690,4810116,5553016,5494230,4660890,3385040,2097239,1101924,486685,178430,53340,12671,2301,300,25,1
VDMIN_FLOAT n=27 value=0.74777258725 k=10 alpha=15 q=10 lambda=2.16491061136 V=2.08535989003 delta=0.358582032207 par=0,1,2,3,4,3,6,3,8,2,1,11,12,13,12,15,12,17,11,1,20,1,22,1,24,1,26 poly=1,27,325,2318,10964,36399,87352,153368,196536,180600,114523,46581,10520,970,44,1
PERK n=27 alpha=25 k=6 q=17 num=5840418441 den=32105114041 par=0,1,2,2,2,2,2,2,2,2,2,2,2,2,2,1,1,1,1,1,1,1,1,1,1,1,1
PERK n=27 alpha=25 k=7 q=17 num=39372647743 den=233617555600 par=0,1,2,2,2,2,2,2,2,2,2,2,2,2,2,1,1,1,1,1,1,1,1,1,1,1,1
PERK n=27 alpha=25 k=8 q=17 num=188165970575 den=1184026896900 par=0,1,2,2,2,2,2,2,2,2,2,2,2,2,2,2,2,1,1,1,1,1,1,1,1,1,1
PERK n=27 alpha=25 k=9 q=17 num=647899250626 den=4273671405796 par=0,1,2,2,2,2,2,2,2,2,2,2,2,2,2,2,2,2,2,1,1,1,1,1,1,1,1
PERK n=27 alpha=25 k=10 q=17 num=1612295127586 den=11005010064400 par=0,1,2,2,2,2,2,2,2,2,2,2,2,2,2,2,2,2,2,2,1,21,21,21,21,21,21
PERK n=27 alpha=25 k=11 q=17 num=2903479825844 den=20260423340964 par=0,1,2,2,2,2,2,2,2,2,2,2,2,2,2,2,2,2,2,2,1,21,21,21,21,21,21
PERK n=27 alpha=25 k=12 q=17 num=3945466130660 den=27834930877924 par=0,1,2,2,2,2,2,2,2,2,2,2,2,2,2,2,2,2,2,2,2,1,22,22,22,22,22
PERK n=27 alpha=25 k=13 q=17 num=3909862816120 den=27569724473344 par=0,1,2,2,2,2,2,2,2,2,2,2,2,2,2,2,2,2,2,2,2,1,22,22,22,22,22
PERK n=27 alpha=25 k=14 q=17 num=2948754856000 den=20565499406400 par=0,1,2,2,2,2,2,2,2,2,2,2,2,2,2,2,2,2,2,2,2,2,1,23,23,23,23
PERK n=27 alpha=25 k=15 q=17 num=1604650963720 den=10939688550400 par=0,1,2,2,2,2,2,2,2,2,2,2,2,2,2,2,2,2,2,2,2,2,1,23,23,23,23
PERK n=27 alpha=25 k=16 q=17 num=668354606161 den=4398411423121 par=0,1,2,2,2,2,2,2,2,2,2,2,2,2,2,2,2,2,2,2,2,2,2,1,24,24,24
PERK n=27 alpha=25 k=17 q=17 num=193541739061 den=1214236501776 par=0,1,2,2,2,2,2,2,2,2,2,2,2,2,2,2,2,2,2,2,2,2,2,1,24,24,24
PERALPHA n=27 alpha=14 k=7 q=9 num=9230992150 den=38705840644 par=0,1,2,3,2,5,2,7,2,9,2,11,2,13,1,15,16,15,18,15,20,15,22,15,24,15,15
PERALPHA n=27 alpha=15 k=8 q=10 num=26201997486 den=115835399716 par=0,1,2,3,2,5,2,7,2,9,2,11,2,13,1,15,16,15,18,15,20,15,22,15,15,15,15
PERALPHA n=27 alpha=16 k=8 q=11 num=31928184069 den=149875056769 par=0,1,2,3,3,3,3,3,3,1,10,11,10,13,10,15,10,17,10,19,10,21,10,23,10,25,10
PERALPHA n=27 alpha=17 k=9 q=11 num=40290101767 den=200574996736 par=0,1,2,3,2,5,2,7,2,9,2,11,2,13,1,15,16,15,15,15,15,1,22,22,22,22,22
PERALPHA n=27 alpha=18 k=10 q=12 num=35167998384 den=185276010969 par=0,1,2,3,4,4,4,4,2,2,2,1,12,13,12,15,12,17,12,19,12,21,1,23,23,23,23
PERALPHA n=27 alpha=19 k=10 q=13 num=36177372930 den=202104193600 par=0,1,2,3,4,3,6,1,8,9,10,9,9,9,8,15,15,15,15,8,20,20,20,20,1,1,1
PERALPHA n=27 alpha=20 k=11 q=13 num=29778264440 den=175783978756 par=0,1,2,3,4,4,4,4,3,9,9,9,9,3,14,14,14,3,18,18,18,2,2,2,1,25,26
PERALPHA n=27 alpha=21 k=11 q=14 num=60096265825 den=375395163025 par=0,1,2,3,4,4,4,4,3,9,9,9,9,3,14,14,14,14,2,2,2,1,22,23,22,22,22
PERALPHA n=27 alpha=22 k=11 q=15 num=96797778483 den=633530034916 par=0,1,2,3,3,3,3,3,1,9,10,10,10,10,9,15,15,15,15,9,20,20,20,20,1,1,1
PERALPHA n=27 alpha=23 k=11 q=15 num=304326665449 den=2045629365025 par=0,1,2,3,3,3,3,3,3,2,2,2,2,2,2,1,16,17,17,17,17,17,1,1,1,1,1
PERALPHA n=27 alpha=24 k=12 q=16 num=1115193308500 den=7662322248100 par=0,1,2,2,2,2,2,2,2,2,2,2,2,2,2,1,16,16,16,16,16,1,22,22,22,22,22
PERALPHA n=27 alpha=25 k=12 q=17 num=3945466130660 den=27834930877924 par=0,1,2,2,2,2,2,2,2,2,2,2,2,2,2,2,2,2,2,2,2,1,22,22,22,22,22
TOPQ n=27 alpha=25 k=17 q=17 num=193541739061 den=1214236501776 par=0,1,2,2,2,2,2,2,2,2,2,2,2,2,2,2,2,2,2,2,2,2,2,1,24,24,24
NEWTON n=27 alpha=20 k=13 q=13 num=429134144208 den=456961788549 par=0,1,2,3,3,3,2,7,7,7,2,11,11,11,2,15,15,15,2,19,19,19,1,23,1,1,1
NEWTONFAIL_DIST n=27 q_minus_k=0 trees=707339
NEWTONFAIL_DIST n=27 q_minus_k=1 trees=325493
NEWTONFAIL_DIST n=27 q_minus_k=2 trees=127867
NEWTONFAIL_DIST n=27 q_minus_k=3 trees=38504
NEWTONFAIL_DIST n=27 q_minus_k=4 trees=14695
NEWTONFAIL_DIST n=27 q_minus_k=5 trees=5943
NEWTONFAIL_DIST n=27 q_minus_k=6 trees=2885
NEWTONFAIL_DIST n=27 q_minus_k=7 trees=1473
NEWTONFAIL_DIST n=27 q_minus_k=8 trees=554
NEWTONFAIL_DIST n=27 q_minus_k=9 trees=182
NEWTONFAIL_DIST n=27 q_minus_k=10 trees=55
NEWTONFAIL_DIST n=27 q_minus_k=11 trees=10
VDBIN_FLOAT n=27 bin_lo=2 value=0.74777258725 k=10 alpha=15 q=10 lambda=2.16491061136 V=2.08535989003 delta=0.358582032207 par=0,1,2,3,4,3,6,3,8,2,1,11,12,13,12,15,12,17,11,1,20,1,22,1,24,1,26
VDBIN_FLOAT n=27 bin_lo=4 value=0.816120220346 k=12 alpha=18 q=12 lambda=2.14377767261 V=4.0010489116 delta=0.20397656674 par=0,1,2,3,4,5,6,6,4,4,3,11,11,3,14,14,2,17,18,18,2,1,22,23,24,25,22
STATS n=27 trees=189412691 viol5=0 viol4=0 zero5=0 zero4=0 nonunimodal=0 sampled=0 newton_fail_trees=1225000
