# star of hubs S(h=8,m=10,t=2): vertex 0 = centre; n=249; edge list 'a b' (0-indexed)
0 1
1 2
2 3
2 4
1 5
5 6
5 7
1 8
8 9
8 10
1 11
11 12
11 13
1 14
14 15
14 16
1 17
17 18
17 19
1 20
20 21
20 22
1 23
23 24
23 25
1 26
26 27
26 28
1 29
29 30
29 31
0 32
32 33
33 34
33 35
32 36
36 37
36 38
32 39
39 40
39 41
32 42
42 43
42 44
32 45
45 46
45 47
32 48
48 49
48 50
32 51
51 52
51 53
32 54
54 55
54 56
32 57
57 58
57 59
32 60
60 61
60 62
0 63
63 64
64 65
64 66
63 67
67 68
67 69
63 70
70 71
70 72
63 73
73 74
73 75
63 76
76 77
76 78
63 79
79 80
79 81
63 82
82 83
82 84
63 85
85 86
85 87
63 88
88 89
88 90
63 91
91 92
91 93
0 94
94 95
95 96
95 97
94 98
98 99
98 100
94 101
101 102
101 103
94 104
104 105
104 106
94 107
107 108
107 109
94 110
110 111
110 112
94 113
113 114
113 115
94 116
116 117
116 118
94 119
119 120
119 121
94 122
122 123
122 124
0 125
125 126
126 127
126 128
125 129
129 130
129 131
125 132
132 133
132 134
125 135
135 136
135 137
125 138
138 139
138 140
125 141
141 142
141 143
125 144
144 145
144 146
125 147
147 148
147 149
125 150
150 151
150 152
125 153
153 154
153 155
0 156
156 157
157 158
157 159
156 160
160 161
160 162
156 163
163 164
163 165
156 166
166 167
166 168
156 169
169 170
169 171
156 172
172 173
172 174
156 175
175 176
175 177
156 178
178 179
178 180
156 181
181 182
181 183
156 184
184 185
184 186
0 187
187 188
188 189
188 190
187 191
191 192
191 193
187 194
194 195
194 196
187 197
197 198
197 199
187 200
200 201
200 202
187 203
203 204
203 205
187 206
206 207
206 208
187 209
209 210
209 211
187 212
212 213
212 214
187 215
215 216
215 217
0 218
218 219
219 220
219 221
218 222
222 223
222 224
218 225
225 226
225 227
218 228
228 229
228 230
218 231
231 232
231 233
218 234
234 235
234 236
218 237
237 238
237 239
218 240
240 241
240 242
218 243
243 244
243 245
218 246
246 247
246 248
