# star of hubs, centre 0 joined to 8 hubs carrying 9,9,9,9,10,10,10,10 cherries (vertex+2 leaves); n=237; edge list 'a b' (0-indexed)
0 1
1 2
2 3
2 4
1 5
5 6
5 7
1 8
8 9
8 10
1 11
11 12
11 13
1 14
14 15
14 16
1 17
17 18
17 19
1 20
20 21
20 22
1 23
23 24
23 25
1 26
26 27
26 28
0 29
29 30
30 31
30 32
29 33
33 34
33 35
29 36
36 37
36 38
29 39
39 40
39 41
29 42
42 43
42 44
29 45
45 46
45 47
29 48
48 49
48 50
29 51
51 52
51 53
29 54
54 55
54 56
0 57
57 58
58 59
58 60
57 61
61 62
61 63
57 64
64 65
64 66
57 67
67 68
67 69
57 70
70 71
70 72
57 73
73 74
73 75
57 76
76 77
76 78
57 79
79 80
79 81
57 82
82 83
82 84
0 85
85 86
86 87
86 88
85 89
89 90
89 91
85 92
92 93
92 94
85 95
95 96
95 97
85 98
98 99
98 100
85 101
101 102
101 103
85 104
104 105
104 106
85 107
107 108
107 109
85 110
110 111
110 112
0 113
113 114
114 115
114 116
113 117
117 118
117 119
113 120
120 121
120 122
113 123
123 124
123 125
113 126
126 127
126 128
113 129
129 130
129 131
113 132
132 133
132 134
113 135
135 136
135 137
113 138
138 139
138 140
113 141
141 142
141 143
0 144
144 145
145 146
145 147
144 148
148 149
148 150
144 151
151 152
151 153
144 154
154 155
154 156
144 157
157 158
157 159
144 160
160 161
160 162
144 163
163 164
163 165
144 166
166 167
166 168
144 169
169 170
169 171
144 172
172 173
172 174
0 175
175 176
176 177
176 178
175 179
179 180
179 181
175 182
182 183
182 184
175 185
185 186
185 187
175 188
188 189
188 190
175 191
191 192
191 193
175 194
194 195
194 196
175 197
197 198
197 199
175 200
200 201
200 202
175 203
203 204
203 205
0 206
206 207
207 208
207 209
206 210
210 211
210 212
206 213
213 214
213 215
206 216
216 217
216 218
206 219
219 220
219 221
206 222
222 223
222 224
206 225
225 226
225 227
206 228
228 229
228 230
206 231
231 232
231 233
206 234
234 235
234 236
