# star of hubs S(h=9,m=9,t=2): vertex 0 = centre; n=253; edge list 'a b' (0-indexed)
0 1
1 2
2 3
2 4
1 5
5 6
5 7
1 8
8 9
8 10
1 11
11 12
11 13
1 14
14 15
14 16
1 17
17 18
17 19
1 20
20 21
20 22
1 23
23 24
23 25
1 26
26 27
26 28
0 29
29 30
30 31
30 32
29 33
33 34
33 35
29 36
36 37
36 38
29 39
39 40
39 41
29 42
42 43
42 44
29 45
45 46
45 47
29 48
48 49
48 50
29 51
51 52
51 53
29 54
54 55
54 56
0 57
57 58
58 59
58 60
57 61
61 62
61 63
57 64
64 65
64 66
57 67
67 68
67 69
57 70
70 71
70 72
57 73
73 74
73 75
57 76
76 77
76 78
57 79
79 80
79 81
57 82
82 83
82 84
0 85
85 86
86 87
86 88
85 89
89 90
89 91
85 92
92 93
92 94
85 95
95 96
95 97
85 98
98 99
98 100
85 101
101 102
101 103
85 104
104 105
104 106
85 107
107 108
107 109
85 110
110 111
110 112
0 113
113 114
114 115
114 116
113 117
117 118
117 119
113 120
120 121
120 122
113 123
123 124
123 125
113 126
126 127
126 128
113 129
129 130
129 131
113 132
132 133
132 134
113 135
135 136
135 137
113 138
138 139
138 140
0 141
141 142
142 143
142 144
141 145
145 146
145 147
141 148
148 149
148 150
141 151
151 152
151 153
141 154
154 155
154 156
141 157
157 158
157 159
141 160
160 161
160 162
141 163
163 164
163 165
141 166
166 167
166 168
0 169
169 170
170 171
170 172
169 173
173 174
173 175
169 176
176 177
176 178
169 179
179 180
179 181
169 182
182 183
182 184
169 185
185 186
185 187
169 188
188 189
188 190
169 191
191 192
191 193
169 194
194 195
194 196
0 197
197 198
198 199
198 200
197 201
201 202
201 203
197 204
204 205
204 206
197 207
207 208
207 209
197 210
210 211
210 212
197 213
213 214
213 215
197 216
216 217
216 218
197 219
219 220
219 221
197 222
222 223
222 224
0 225
225 226
226 227
226 228
225 229
229 230
229 231
225 232
232 233
232 234
225 235
235 236
235 237
225 238
238 239
238 240
225 241
241 242
241 243
225 244
244 245
244 246
225 247
247 248
247 249
225 250
250 251
250 252
