2608.13060
2608.13486
2608.13836
2608.14053
2608.14771
2608.16664
2608.17130
2608.19780
2608.20730
2608.20816
2608.21507
2608.21663
2608.22147
2608.22258
2608.26421
2608.26662
2608.26692
2608.27113
2608.27232
2608.27657
2608.27876
2608.28254
2608.28282
2608.28484
2608.28520
2608.29143
2608.29224
2608.29657
2609.02850
2609.04654
2609.04816
2609.05131
2609.05341
2609.05357
2609.06096
2609.06145
2609.06569
2609.06754
2609.07098
2609.07150
2609.07457
2609.07636
2609.07728
2609.07812
2609.07964
2609.08540
2609.08917
2609.09440
2609.09534
2609.10003
2609.10234
2609.10238
2609.10367
2609.10474
2609.10513
2609.10869
2609.11323
2609.11418
2609.11589
2609.12573
2609.12590
2609.12734
2609.13025
2609.13417
2609.13501
2609.13764
2609.13891
2609.13959
2609.14413
2609.14753
2609.14921
2609.15201
2609.15651
2609.15946
2609.16195
2609.16757
2609.17250
2609.17840
2609.18335
2609.18553
2609.18712
2609.18835
2609.19637
2609.19982
2609.20653
2609.20903
2609.21083
2609.22078
2609.22595
2609.22928
2609.23249
2609.23629
2609.23671
2609.23694
2609.23710
2609.23779
2609.23869
2609.23994
2609.24301
2609.24542
2609.24917
2609.25037
2609.25038
2609.25100
2609.25717
2609.27153
2609.27172
2609.27628
2609.28417
2609.28503
2609.28983
2609.29042
2609.29796
2609.29877
2609.30045
2609.30105
2609.30525
2609.31782
2609.32077
2610.00966
2610.01447
2610.01709
